0.401239
1.06665
1.90135
0.293228
0.864644
1.205
2.331
2.57898
1.35796
1.85187
2.67913
2.26537
2.51856
1.67541
0.997351
2.02653
1.63576
2.67357
2.69673
0.418928
2.07362
1.85401
2.45388
1.7107
2.33356
1.99654
1.27703
1.43427
1.94476
2.73219
1.41794
2.00201
1.16919
1.77787
1.61662
2.12027
0.908994
1.16467
2.56778
0.340056
2.20359
0.696133
0.296133
1.28267
0.504123
1.47426
2.52737
0.475838
2.11344
1.73172
0.942235
0.740739
1.97706
2.20624
1.60303
2.46388
0.615296
0.496005
1.63756
1.0946
2.18223
2.83311
0.469344
1.40393
1.4388
1.91151
0.882162
0.642299
2.43004
2.40944
1.40479
0.534117
1.04982
0.840974
2.50464
0.246999
2.28537
1.37642
2.87789
2.27229
1.52433
2.26768
2.72245
2.95463
0.716044
0.91677
1.48289
2.40867
2.77159
2.62478
1.35334
2.76005
1.7912
2.65905
1.22636
1.4476
2.10754
2.27503
0.776202
1.72532
2.52976
0.33245
2.16232
2.30041
1.17859
1.54057
1.04179
2.2464
2.09865
2.57206
1.97842
2.72698
0.634608
2.68255
2.33416
2.4702
1.5615
2.87259
2.13249
2.12814
2.15283
