0.406024
2.68024
2.65153
1.64849
1.84802
1.30916
1.25225
1.12664
2.94335
1.32096
2.46422
2.32929
1.07827
0.511216
2.43457
2.01252
1.39257
1.43871
2.55608
0.991797
1.85623
1.94219
1.86494
0.70032
1.14638
1.26088
1.43068
2.96744
2.46097
1.54424
2.97727
1.90605
1.80598
2.73835
2.17197
2.99641
1.09528
1.43854
0.819355
2.25315
0.998889
2.89319
1.9991
2.56351
2.67819
0.748088
1.18287
2.88421
1.34582
0.917795
1.77095
0.984191
0.786627
2.17172
0.882675
1.42153
0.978124
1.42307
1.84093
2.24068
1.94792
0.706986
1.98671
2.47857
1.20474
2.63674
1.06153
1.16731
2.68195
2.12395
1.19577
1.91989
0.529502
0.351933
1.73933
2.1871
0.493271
1.18842
1.97321
0.873104
0.218287
2.02576
0.939073
0.597266
2.41363
0.835762
1.82418
1.88938
1.81641
0.62743
1.73907
2.00568
0.293228
2.29391
2.32604
1.25422
2.21521
0.63683
2.43551
1.51587
2.44422
2.55668
2.7075
2.64879
0.2699
0.993164
2.89695
1.06409
1.23183
2.00799
2.1783
1.76052
0.966674
2.19299
2.86943
0.504379
2.61709
2.59445
2.6094
0.644179
0.339457
1.13894
0.630934
1.64508
2.84884
2.14933
0.362017
1.43298
1.53749
1.73813
0.396197
2.83422
1.90587
1.66558
0.867977
1.79906
0.44217
2.05046
0.471224
0.896005
0.489254
0.319803
2.75877
0.564879
2.43499
2.78731
1.35821
0.416364
2.96471
0.645204
1.94552
2.26417
0.313395
0.759709
0.209656
2.37919
1.05392
1.4552
1.64892
1.05213
2.95958
0.876864
2.43405
2.95189
2.6781
0.917026
0.378423
2.76757
2.75621
1.89468
2.8496
2.42175
2.34886
1.37471
2.66238
1.14262
2.15463
0.714078
0.789447
1.88152
2.31126
1.92322
2.12745
0.564623
1.39154
1.22952
1.55621
1.66567
0.435505
1.13108
1.32822
1.38675
0.556505
2.52745
1.42658
1.53595
0.859603
1.51468
1.12741
0.988379
2.00876
2.83448
1.00624
2.61786
2.58103
1.76086
1.62474
2.18718
1.94467
2.41628
2.13454
2.68579
2.39927
1.90092
0.637428
0.998889
1.91485
2.62572
2.3386
1.59979
1.00786
1.83392
0.929331
1.34907
1.09135
1.10126
0.838923
2.89113
1.03666
1.59996
0.990942
0.733561
2.88481
2.7157
2.10344
0.298099
2.64401
0.603845
2.96881
2.82978
2.31177
1.47409
2.95232
2.45234
2.25879
1.38846
1.3454
1.05725
1.71173
0.562828
2.41278
0.514121
