0.409613
0.619996
2.89575
0.378936
2.10592
2.87114
1.90972
0.674856
1.68498
2.89148
2.29989
2.37825
0.470968
2.09156
1.88648
1.67233
0.383038
2.30613
1.78975
1.92391
0.536937
2.33903
1.74403
2.8925
0.56787
2.34552
2.70109
1.66926
2.3615
1.78881
0.710831
2.98556
0.481051
0.508139
2.26725
1.5251
0.578893
2.63615
0.30596
1.08067
2.87763
2.10267
2.64256
2.38996
1.21124
2.66341
1.63713
2.09045
1.91177
0.789447
2.07524
1.82922
1.02914
1.15706
1.64943
2.76578
2.57325
1.47306
1.83179
1.30523
2.26289
2.37526
2.32348
0.500192
2.67289
1.54416
0.869259
2.55702
1.06289
2.56445
2.02423
2.48549
1.77872
0.472079
0.659902
1.52946
2.9113
2.52711
2.59906
1.61491
0.702029
1.34668
0.563512
2.25358
0.582226
0.93856
1.42632
0.339286
2.73305
1.57065
0.55172
0.275796
1.45366
2.01465
2.01406
1.27105
2.62692
0.701859
2.88079
2.83815
0.567016
1.12809
1.14792
0.938646
2.53976
0.245204
1.51545
1.80709
0.239564
1.57663
2.99
0.692032
1.71472
0.995129
1.30224
2.9542
0.624268
0.899423
1.32702
1.15646
1.91758
0.72758
2.49293
2.38509
0.421149
2.74476
2.76919
2.63803
0.622816
0.642384
1.01786
2.5195
2.1383
1.0869
1.29797
0.277419
2.7498
0.955138
1.70968
0.420808
2.30254
1.19363
2.16531
1.95569
0.548131
2.43995
2.47627
1.67601
0.220679
1.743
2.74125
1.74796
2.83465
2.72074
2.62478
1.02478
2.89045
2.49088
0.312967
1.32873
1.57774
1.31446
1.73446
2.53984
0.860714
1.08802
1.63311
0.926255
1.83512
2.22256
0.280752
0.956249
1.84375
1.44708
0.617945
1.82734
0.238197
2.87345
2.00825
2.55138
1.67473
2.86029
2.59615
0.832087
1.62927
0.214356
1.25413
1.57407
1.82376
0.665798
2.70707
1.85845
1.04631
2.75441
2.82192
1.82512
0.656227
1.26601
2.44909
2.69716
1.05982
0.95548
1.60457
2.18616
0.444136
1.09357
2.77825
1.71583
2.85832
2.37569
0.358171
2.09994
2.12668
2.32954
1.75659
2.11455
1.88434
2.76056
1.22551
1.79974
1.82111
0.969836
2.35057
2.52984
2.02055
2.28579
1.80889
2.889
0.284085
0.443025
2.37953
1.98945
0.725358
2.54958
1.3941
0.871053
2.92275
0.377056
0.2141
2.41756
1.11912
1.11408
0.523777
0.429182
1.95467
2.51686
2.22478
0.288614
0.620081
0.398248
2.32091
0.2558
2.3198
2.99086
1.18013
1.03281
0.930015
2.9201
1.56176
0.632301
1.74112
1.7289
1.19534
2.99043
2.97069
1.28789
0.700064
2.95898
0.535398
1.02922
2.43089
1.31634
0.769109
2.14377
2.44003
1.23397
1.97415
1.6755
1.5404
0.635035
2.29417
2.85482
1.2596
1.88426
0.39483
2.20393
2.26981
2.84533
1.64191
2.15574
1.88434
1.94399
1.86153
1.3207
2.60521
0.874386
0.572228
2.74108
0.31066
1.18509
1.7759
0.669045
0.471395
0.783636
0.994018
0.207007
2.97941
0.596496
0.638282
2.34655
1.18082
2.22222
2.00167
0.344157
2.89865
1.21406
1.9586
1.17201
1.43128
1.63217
1.46076
0.379107
2.31801
0.49985
0.716984
2.5031
0.25486
1.40359
