0.422687
1.78684
1.84025
1.82
1.5304
1.84127
0.409613
2.91865
0.797394
0.6
1.70592
2.55514
2.58325
1.34352
1.41273
1.30404
1.6872
0.703909
0.742021
1.20167
1.58295
2.91224
0.445161
0.263833
0.415082
1.95877
1.47862
0.637428
0.494296
2.45755
1.56296
1.07306
0.429695
2.99906
0.673232
1.80615
0.434993
1.58141
1.89579
0.934202
2.34698
2.90634
1.09169
1.97808
1.29233
0.326298
2.20256
0.513181
0.942405
1.83341
1.23696
0.361077
1.69088
2.87353
0.975304
2.02534
2.09387
0.577013
2.2294
2.66204
2.10925
2.59128
2.89498
0.671096
0.872762
1.90211
1.0358
2.19667
2.74783
2.43397
2.43465
0.222388
1.98731
2.41423
0.849861
1.95176
1.74514
0.689724
1.41555
2.35834
1.37377
2.98376
2.22136
1.99517
2.14608
0.879513
1.71104
0.550694
1.73933
1.31925
2.93591
2.63726
2.41807
1.00513
1.10135
0.901047
0.453792
0.290493
1.04452
0.94138
1.31891
1.34796
0.678701
2.72536
2.99231
1.20252
1.04401
2.98556
0.313822
2.81722
1.40128
0.490622
0.326725
1.61833
0.805597
1.47246
0.742619
1.44819
0.998547
1.50092
2.66905
0.532835
1.25542
2.69126
1.33659
1.45144
2.42568
0.533006
0.762102
2.49635
2.4038
2.02781
1.68626
2.01021
0.268105
1.02239
0.322965
1.08759
2.52523
0.426191
0.45815
2.62965
1.09673
1.59919
0.834565
0.53762
0.487716
2.99923
2.3621
1.83495
2.17189
1.17424
2.68802
2.70297
1.23286
2.58957
0.268361
0.419697
1.29848
2.97488
0.674599
1.38881
2.00517
1.48075
2.47515
0.844649
1.43068
0.730827
0.228285
0.823286
1.33198
1.25789
1.5251
2.78569
1.62645
0.210511
0.417817
2.28007
2.75322
2.81901
2.17351
0.432514
2.35236
0.506516
2.48874
0.851997
2.10053
2.53523
2.10429
1.13741
2.73818
2.27169
1.95561
0.775005
0.327836
1.36257
0.998206
1.01299
0.981372
0.905234
0.644349
1.70088
2.69058
1.70258
1.54954
1.48118
0.702457
1.08861
2.2846
0.721085
1.47486
0.41286
2.43337
2.3715
0.848921
2.2711
2.85114
1.74027
1.07819
0.368682
2.82277
2.36919
2.75031
2.7063
0.856954
1.39932
1.43862
1.37334
1.65584
1.2144
0.72288
2.43773
2.39509
1.9492
1.41427
1.21944
2.85354
0.849776
1.02418
2.43482
1.33044
0.674087
2.51327
1.29968
1.28575
2.71946
1.95791
2.67879
1.84273
0.665114
1.77334
2.76808
2.68964
1.2173
2.32835
1.99885
2.11805
0.943602
1.79163
1.65029
1.93595
1.28532
1.84537
2.45781
0.791327
2.33442
1.50434
2.50523
0.846699
1.36232
1.87879
1.4881
0.938475
1.08955
1.31626
0.235463
1.16219
0.481906
0.963256
2.57795
0.4185
1.0617
2.9806
2.84884
0.658364
1.52151
1.85298
2.50703
2.16573
2.42739
1.42863
2.76843
0.813544
2.20017
2.12643
2.73254
2.43217
0.560436
2.14941
0.294168
0.826276
1.82743
1.94057
2.92506
1.77941
0.655885
2.51942
0.813971
0.381841
1.40188
0.936253
1.85443
2.42089
0.502585
1.48238
2.56402
2.76996
2.65905
1.09246
2.82619
0.314335
0.20752
1.17868
2.94001
1.55176
0.470199
1.53117
1.26661
2.80372
2.46875
0.525315
0.958214
1.17689
2.19111
2.07174
2.05952
1.81119
0.598547
0.34561
1.46631
1.55108
1.15945
1.53595
2.23162
0.579919
1.89784
0.448408
1.50417
2.55275
2.34458
2.00269
0.588806
1.56578
2.37859
2.65862
0.815082
0.50062
2.14488
2.21231
0.702029
0.279556
2.43781
2.99598
2.9066
1.77086
0.736637
2.52164
1.64294
1.87956
1.88092
1.0053
1.06101
0.363982
2.17274
1.80855
1.6702
1.7131
2.29494
1.03623
2.49737
0.622645
2.23051
0.32664
0.865328
2.6094
2.77236
2.67263
1.08101
1.09801
0.410553
2.90993
2.71844
1.72121
2.98419
2.7122
2.1859
1.16766
2.48532
2.92745
0.664345
2.91762
2.40355
0.29639
1.70438
2.40226
2.39697
2.98812
2.76877
1.52536
1.279
2.39056
0.40893
1.88314
2.30647
2.39534
2.16343
0.221876
0.5583
1.61226
0.462679
2.6693
0.791498
1.75163
2.43294
2.87729
0.761504
2.01252
0.880624
2.21453
2.39543
2.31357
2.7504
0.345781
2.60461
0.404486
0.33997
0.734672
0.925059
2.89592
1.56287
1.40914
0.97257
1.64354
1.74215
1.5251
0.899765
2.7269
2.02816
2.46789
0.24341
0.656911
1.72258
0.427131
1.54937
1.85272
2.40013
2.38389
0.56129
1.2232
1.51245
0.846101
2.16308
1.89203
2.16462
0.872335
2.6599
1.50237
2.74911
1.11801
0.787396
1.54082
1.52604
2.84456
0.435676
2.31527
2.23743
1.82692
0.275027
0.827131
2.64247
0.698953
0.472079
1.77317
2.46054
2.27195
2.08319
2.91566
1.41196
1.76479
1.31224
1.45777
1.44068
2.88473
1.8217
2.26238
0.608802
2.89293
2.4825
1.75061
1.15022
2.39628
0.551805
1.11929
2.36902
1.79889
1.26601
0.312882
0.872762
0.95454
1.03469
1.18928
2.42636
0.354668
2.42636
2.11532
0.713907
0.791412
2.92967
1.23063
2.89823
2.63136
1.68062
1.81726
1.262
1.63978
2.54232
0.611536
1.62192
2.09054
1.72309
2.89712
2.19966
2.10088
2.72382
0.415168
2.84029
2.72732
1.99842
0.731339
2.66383
1.36138
2.11848
2.09421
1.63764
1.36189
1.42546
2.42491
0.557616
1.26088
2.96274
0.87524
0.925828
1.0822
2.87037
2.19026
2.0109
0.308524
1.03333
1.91416
2.18026
2.6358
2.56992
1.87716
1.79086
2.05089
2.54599
0.399872
0.725443
1.77214
0.905661
1.05289
1.86349
1.38838
0.803375
1.20996
2.3715
0.9348
0.926426
1.43128
0.904123
2.0432
2.19419
2.5148
2.59957
1.70361
0.222474
0.452767
2.35894
0.77586
0.74091
2.13215
1.09784
0.386798
1.34864
2.01397
1.85512
2.75296
1.99893
1.4323
1.24815
0.763469
1.59765
2.3474
1.56227
0.863961
1.10442
1.19252
2.96078
1.97543
1.32378
1.4511
1.10331
2.98855
1.77308
0.601624
2.86131
0.76928
2.81628
0.86849
1.41555
0.81363
0.648451
2.21504
1.82623
2.48934
2.52258
1.81786
1.96108
0.601025
1.40051
0.458748
0.268874
1.61884
1.82205
0.872079
2.48831
1.10399
2.57377
1.28507
0.775518
1.87298
2.74937
2.78859
0.942576
2.63478
1.18611
2.97624
1.29079
0.240419
2.66759
2.88849
1.52741
2.48182
0.877035
2.49985
1.2543
2.17624
1.89212
0.586755
2.11489
1.87674
2.20607
2.21325
1.08631
0.743046
1.86383
2.07191
0.207007
2.1119
0.30109
2.91831
0.623499
0.904379
2.27255
0.935313
0.646828
1.00718
1.05734
2.86601
2.10506
2.1659
2.73048
1.15116
2.67887
0.92728
2.68502
2.71109
0.908567
1.16817
0.595642
1.2062
2.76014
0.349028
1.40837
2.41713
0.436103
0.228712
1.74557
0.97915
1.9216
2.57872
1.71378
1.31053
0.749968
2.23401
2.30032
0.570605
0.878402
2.41859
0.348344
1.28609
2.95873
0.281777
2.89618
2.2828
2.49156
1.18483
2.86858
1.96082
1.35292
1.27336
2.30887
1.74907
1.97808
2.47456
2.73792
1.77915
2.49165
2.2558
1.22739
1.81359
1.27233
2.68263
1.37642
2.26759
1.23764
0.713651
2.17718
1.56116
2.73741
1.46913
1.95843
1.43922
0.543773
2.41192
2.79346
2.49695
1.82495
1.37667
2.16095
1.54843
2.18898
1.5874
2.0449
1.0758
1.08725
2.19727
2.66255
0.39577
2.06379
0.69169
2.60684
1.18253
0.737492
1.28977
0.591369
2.58265
1.20662
2.48276
0.98496
1.76112
2.16095
2.64691
1.52399
0.31536
1.78992
2.46738
1.78872
1.59449
1.97569
1.11245
2.43337
2.16112
2.0555
1.29327
2.95437
1.63439
1.84392
0.548729
1.58757
0.551036
1.40077
0.691433
2.31895
2.08097
0.432429
1.55347
1.79838
1.23645
1.61483
2.56813
0.343217
2.61222
1.12408
0.726811
1.41923
2.69254
1.46426
2.84704
1.78573
2.96428
1.8781
1.4893
1.09417
1.07315
1.42905
2.46174
2.32553
1.06024
0.841658
2.84807
1.05589
1.11613
1.78846
1.89759
2.13617
2.69101
0.910276
2.51463
2.97462
2.19735
2.4573
1.68413
1.60876
0.743645
2.03918
0.372015
2.35578
1.53544
1.77129
0.437043
1.62576
2.3821
0.903952
2.29195
2.28947
0.546764
2.62358
1.65072
2.78415
0.576415
0.7116
1.90169
0.94796
0.350053
0.75031
1.24003
0.768682
1.98261
0.361504
1.90169
0.434736
0.420978
2.7668
0.632557
0.276138
1.9721
2.15625
2.13266
0.582739
0.396881
1.15313
0.611194
2.68776
2.01175
1.66259
1.99244
2.90267
2.23136
1.3906
1.10596
1.09323
2.19325
1.72258
0.403632
2.28161
1.49921
0.447127
1.33625
2.26417
2.51301
0.2141
1.73061
2.83132
1.45076
0.613501
0.302884
2.77723
1.70173
1.96253
2.44644
1.88682
2.21709
2.68947
0.43072
0.487802
2.00414
1.60064
0.550523
0.954796
1.56398
0.918992
0.360564
2.1536
0.308609
1.78052
2.53565
1.61209
1.59731
2.07721
2.09122
2.00739
2.02713
2.33382
2.70476
0.353728
1.81743
1.50528
1.67191
1.28139
1.72438
2.38304
2.03875
1.99201
0.923521
2.89729
2.64443
1.4799
0.497971
1.40256
2.21342
1.20449
1.76915
0.635292
1.83512
2.20333
1.30822
2.02918
2.76655
2.23247
2.66597
0.276308
0.697415
0.721085
1.85725
0.623328
1.41495
1.12946
0.239051
1.58722
0.203931
1.69566
1.81906
1.98013
0.322367
0.560009
1.03153
2.93113
1.68831
0.655287
2.01935
2.19
1.5157
1.14749
2.65888
1.8035
2.43773
2.81824
1.16484
1.24969
2.65298
2.97291
0.513865
2.71801
2.83499
1.66533
1.32318
0.623414
1.53988
0.4232
0.421577
1.642
2.65093
1.26439
2.55266
2.55377
0.997607
1.18996
0.843538
2.98325
0.486178
1.14279
0.681692
2.72228
2.87968
2.21752
0.632557
1.92502
1.9639
2.51139
2.23888
1.46076
2.43892
1.00145
1.53758
2.11292
0.271181
2.23768
0.532151
2.71211
2.64529
0.237172
2.65836
1.4899
1.85213
2.56966
2.47917
0.741252
0.852254
0.218458
0.849776
2.28306
2.04943
0.208631
2.58624
2.19615
1.01478
1.38539
2.67742
0.338774
0.296731
2.33348
2.0784
2.31844
1.05597
0.223328
0.320829
1.4094
1.66106
2.37313
0.379192
2.10481
2.98453
0.91113
1.02982
2.78868
1.9345
2.33066
0.94044
2.01756
0.961547
0.719547
0.927964
1.89776
1.07665
0.456697
0.621363
0.245802
0.518394
2.35979
1.16774
1.02128
0.207093
0.272634
1.8188
1.11639
1.72326
2.88165
2.03516
2.59342
1.74719
1.7442
2.54659
2.85456
2.29861
1.12237
0.204529
0.633412
1.51228
2.60461
0.86567
1.09502
1.08836
1.30498
0.343046
1.93185
0.75407
1.42837
2.46336
2.54335
1.87511
1.58654
1.86571
1.3865
1.75292
2.45482
0.58291
1.18586
0.747148
1.15646
2.83935
1.08827
0.95941
2.56103
1.10399
1.05195
1.81589
0.685537
1.43811
0.35689
2.08737
2.38569
0.371502
1.52365
2.48293
1.72378
0.547874
1.52758
1.55552
2.40235
2.57565
1.19765
1.45708
2.24922
1.52074
0.685879
2.27973
0.742961
1.08144
0.69545
1.52185
2.36595
1.07973
2.5548
2.6153
1.17116
2.10899
1.62499
1.45238
0.552916
2.57394
0.72946
2.44926
0.405939
1.16219
1.69079
2.28306
2.86268
2.38253
1.66439
1.24209
2.395
1.80931
2.75578
2.72399
0.268703
1.8699
2.8085
2.02072
0.737748
1.21218
1.05136
0.528733
0.965136
2.89045
0.491134
1.71985
2.05969
1.20611
1.5392
2.61154
2.8144
0.842598
2.35868
1.47451
0.734843
2.92942
0.42132
1.91408
1.14561
0.474471
