0.462081
2.48729
1.47383
0.542918
2.60393
1.55185
1.50946
1.24986
0.934629
2.12608
2.72391
0.285794
0.519932
1.8993
2.79141
2.99932
2.79953
1.49733
0.399188
1.83486
1.92083
1.83179
2.14899
0.778082
2.7568
0.798675
0.611194
0.342106
0.492929
1.6637
1.31933
0.93574
0.275539
2.07148
1.49126
2.64922
2.80338
1.21722
1.06537
0.49498
0.754839
2.5172
2.03935
0.742363
1.53561
1.71515
1.09861
1.38163
0.834394
2.16496
1.5222
1.55689
0.875838
2.4226
1.75326
2.60419
0.655629
0.689041
0.622132
1.13211
1.64849
0.439436
1.80923
1.18372
1.07263
2.97582
1.53518
1.11579
2.20248
2.04251
0.865841
1.8335
2.61307
2.6405
1.41974
0.418757
1.04691
0.77774
0.665029
1.78846
0.588977
2.29502
1.59466
1.22021
1.23739
0.702286
2.56505
1.18509
1.55817
0.564965
1.68823
1.32147
2.5113
0.7768
1.16338
2.59111
2.33467
1.85665
1.13595
0.851485
0.774407
2.00756
2.07114
2.48515
1.54971
1.27447
2.42987
0.920957
0.536595
0.938816
2.23529
2.68648
1.763
0.687759
2.11583
2.62752
1.0975
0.294595
2.81312
2.53437
2.12352
2.7486
0.342875
0.809784
1.28293
0.371331
1.39513
2.61829
1.18005
2.45824
0.961547
0.552745
0.330229
1.97996
2.77868
0.457295
1.44281
1.48502
2.17189
0.442085
0.524888
1.33771
0.691092
0.529759
1.69387
0.430976
2.92215
1.36881
0.385943
2.11079
0.46379
2.25307
2.24837
2.64948
2.65734
1.68396
0.802264
2.60641
1.45503
2.31331
0.765093
1.61201
2.8173
1.10357
1.71814
2.91472
0.823457
2.9448
1.00795
2.22564
1.68567
2.163
0.569408
1.20132
1.85204
0.960179
0.956505
0.500021
2.18795
0.821833
0.869771
1.54954
1.62098
2.32989
2.26708
2.76501
1.83982
2.61863
2.94591
2.55223
2.83132
0.711429
1.88349
0.436958
1.24602
2.77518
2.02397
0.254091
2.1783
1.12989
2.19821
1.13706
0.348344
0.251784
2.06558
2.64409
2.87507
2.00688
0.563341
1.35762
2.02465
0.95172
0.553429
2.4972
0.925828
2.74074
2.95146
1.47956
0.636402
1.67558
0.227515
0.967186
1.14954
0.435762
2.96625
1.5398
0.328007
2.42653
2.97103
0.728263
1.353
0.982397
1.80402
2.94796
1.47486
2.26443
2.64589
2.26768
0.654433
2.48661
1.96424
2.15411
2.88156
1.11109
2.07917
0.52728
1.15732
1.44931
2.71075
1.46563
2.93078
1.90459
0.998975
1.49682
2.97317
2.09677
2.88216
0.614356
2.48139
1.90399
2.52027
2.75475
0.995215
0.859774
2.65349
2.67409
1.11715
1.14407
1.7806
2.3615
0.222303
2.00338
1.44666
0.727152
0.745097
2.84012
1.52647
2.5013
2.03166
2.80671
0.391583
1.28267
2.5436
2.94258
1.44896
2.27417
0.602564
1.49237
0.937193
0.442256
2.86131
2.4414
0.469857
2.03841
0.690066
2.70681
2.41201
2.41884
2.06533
0.421406
0.777398
2.50258
0.747917
0.949071
1.3354
2.00235
1.13954
1.4664
2.41243
1.36778
0.202564
0.75125
0.878573
0.977868
2.83371
1.01393
2.40406
1.51989
2.87618
0.807904
2.47524
2.49276
0.560692
1.86024
1.25584
2.77176
2.56009
0.855586
1.9827
2.97325
2.64631
0.214783
2.78176
2.3551
1.13835
0.502756
1.59295
1.1921
2.32655
2.90506
1.69173
1.363
0.461568
1.20936
1.09323
2.08601
2.69682
2.93078
0.928135
0.342106
1.56954
0.216492
2.07729
1.32207
1.41
2.96941
2.75151
0.834736
2.86524
1.62628
2.70613
1.01555
2.32502
2.83004
1.57603
1.67088
2.83807
2.63136
2.61923
0.596924
0.905063
1.25866
0.956334
1.21064
1.73736
2.49447
1.19492
2.0291
2.16659
0.892587
1.52279
2.73647
2.1959
0.678445
0.362017
1.37436
1.17697
2.36518
1.86759
0.594873
0.403034
0.925999
0.760222
0.311856
1.70361
1.56031
1.18065
0.289383
1.42871
1.68874
2.45148
1.20466
0.211792
1.21756
0.835932
2.52207
2.69622
0.907541
1.78043
2.51703
2.41397
0.486435
2.12694
1.58594
1.60585
1.14185
1.1856
2.98129
2.36706
1.63149
2.95249
0.907199
2.10882
1.04965
1.16065
0.515488
2.5219
0.286306
1.85332
0.937449
0.629994
1.21688
2.36484
2.69049
1.921
1.25918
0.997607
1.3959
1.74189
1.93732
1.08391
1.14664
2.94753
1.08682
2.51694
1.06118
1.98774
1.34206
0.441658
2.36176
0.223072
1.73976
0.992053
0.714078
0.65486
2.27956
0.96035
2.76749
2.05712
2.27656
2.88925
0.829524
1.09878
2.74493
1.27148
0.617176
0.44405
2.04884
2.94599
2.41841
2.61589
0.659731
0.577355
2.60291
1.61312
1.45571
1.50681
2.62042
2.46712
1.80205
2.86148
2.82235
2.32553
0.248793
1.20961
1.84563
2.45148
2.88549
0.449776
1.29609
1.52399
1.78658
2.62111
2.86729
0.429524
2.98949
1.32147
0.435163
2.53027
0.839009
1.62303
1.86332
0.396796
1.33847
2.16992
1.85785
2.99436
2.54275
2.54813
2.20906
1.90716
1.03213
2.41354
0.756975
0.592138
2.50515
2.26605
0.619227
2.44602
1.92476
0.35706
0.217261
0.474728
0.859603
1.21901
1.64012
1.55416
2.25469
2.3022
0.682034
2.06618
2.6699
2.20837
1.69182
1.10117
0.624525
2.60837
0.971203
1.61209
1.88468
2.52976
1.46033
1.70857
1.13048
1.90408
2.44755
2.0784
2.0426
1.85965
1.83991
0.923521
2.04226
1.84777
2.3345
2.39919
0.926597
0.690921
0.224952
1.54202
1.63243
1.63841
1.38334
2.47592
0.769109
0.519077
1.1527
2.08267
1.55655
1.87699
0.690066
1.52502
2.0062
2.97821
2.09489
0.209571
2.18248
1.77676
1.66268
0.977013
2.98248
2.32621
2.00013
0.706644
1.07033
0.924802
0.738603
0.724503
2.80577
2.08191
1.78624
2.80021
0.201794
2.79278
1.25166
2.72109
1.75189
2.60991
2.38227
0.432514
2.36056
0.397479
0.449092
2.32903
2.01927
1.6573
0.320658
1.08588
2.26101
2.91267
2.05926
1.01846
0.433625
2.23922
0.479769
1.55552
0.428669
2.42875
1.20816
1.21559
1.10271
2.6746
1.17552
1.87289
0.629566
1.2649
0.487374
2.90088
0.420722
2.37278
2.00406
1.37966
2.0502
1.8294
1.17056
1.95757
0.423457
0.968639
0.833454
2.15069
0.226576
1.03042
0.381072
1.47067
2.89276
2.00936
2.34655
2.96761
2.32476
0.437642
2.60906
2.37449
1.01085
1.58936
1.73249
0.642213
0.769964
1.39239
0.778253
1.4517
2.1659
1.13732
2.32937
1.49041
0.426362
1.86922
2.46413
2.28178
0.705704
2.35134
2.81628
0.95454
1.32711
0.686306
0.459774
2.73894
1.44332
1.08502
1.55518
1.37787
1.35334
0.666994
2.49447
1.04102
1.51092
2.58394
1.28379
0.727665
2.06456
2.35014
2.49968
0.748003
0.564879
2.07063
2.9571
2.66853
0.877889
2.25136
2.62683
0.709977
2.9407
0.681436
2.73971
0.385687
0.397992
1.27396
2.01448
0.766033
0.557018
0.752104
0.548302
1.35907
1.29669
0.869857
2.70562
0.792438
0.971117
2.85336
0.543773
0.68605
1.14253
0.950438
1.91425
1.50117
2.583
1.77727
0.773125
0.955223
1.98065
2.34758
1.44341
1.38829
0.990088
1.07332
2.76185
0.269814
1.46229
2.62452
0.651613
1.03256
1.29259
1.33386
1.85597
1.62115
1.12476
2.03679
0.97069
0.743559
2.74732
1.43042
0.314505
1.61184
1.02068
2.84328
2.37244
2.76048
0.572655
1.49947
1.15159
0.529502
0.29827
1.96714
2.98607
1.20021
2.10378
2.07832
2.32835
2.97026
0.930442
2.20649
1.86529
1.75625
1.29652
2.19128
2.49549
0.611621
0.594702
2.79568
2.10575
1.14646
1.18261
1.98543
1.48511
1.53689
2.70331
2.91609
0.311856
1.91237
0.274172
1.51656
1.15339
2.50763
1.58184
1.35676
1.6144
0.966674
1.71856
1.28524
0.972314
2.18744
1.6003
0.726127
1.437
2.29246
0.402606
1.7225
2.37184
2.11574
0.251527
2.21222
1.21423
0.591028
1.2079
1.62602
2.23264
1.03076
2.38184
2.09361
2.05806
0.281008
1.21517
1.14587
0.727494
2.14326
1.16996
1.2009
1.5756
2.64623
0.258962
0.920701
1.11433
2.55967
1.45734
2.1272
2.2358
0.333988
0.632215
2.96351
1.47768
1.25584
1.42752
2.58932
0.486862
1.60457
1.54151
2.09737
0.821149
0.400299
2.63572
1.73839
1.42367
0.328178
2.31083
1.54194
2.71006
2.82781
0.788678
2.62119
0.204358
0.9348
0.336979
2.24871
2.46251
2.86268
2.07464
2.39073
0.218201
0.311429
0.59436
2.38757
2.6928
1.29207
0.642384
1.06751
0.80235
2.25161
0.288955
1.38231
1.20286
2.49002
1.2314
0.850288
2.10899
2.85294
1.86358
2.89677
1.62465
2.09011
2.95163
1.57689
1.92297
2.86593
1.15228
2.77065
2.01243
1.60953
0.212476
0.735356
1.22841
2.19265
1.08537
1.10553
0.58479
2.422
0.803461
0.824909
1.72634
1.73463
0.543687
2.10096
1.81692
1.48178
2.32339
1.6667
0.901816
1.39171
0.363726
1.63995
0.482675
2.79654
2.55975
2.8649
1.44085
2.61068
1.29173
1.82546
2.4473
2.65101
1.81888
2.41739
1.39778
1.48272
2.28913
2.06576
1.00863
1.78069
2.80577
2.67708
1.51245
0.393121
1.98654
0.311002
1.19013
2.49507
2.45319
1.26259
1.67746
1.81888
0.488827
1.63867
2.38295
1.95065
0.901645
0.519248
0.555223
1.07733
1.52989
0.589575
0.937535
1.17526
2.42935
1.93023
1.14535
0.424738
0.976928
1.65413
1.50673
1.84076
2.73142
2.27682
2.70152
2.50455
0.88558
2.30784
0.736979
1.98671
1.74993
2.75031
1.39872
2.74595
1.50417
2.99752
2.11147
1.894
2.85354
0.212049
2.55104
0.312113
2.02875
2.07712
0.341423
0.507968
1.16672
2.60521
2.37783
2.3991
1.7078
0.893869
2.50916
2.01209
0.250246
1.31489
0.921812
2.28357
1.2966
2.22393
1.95937
1.75121
1.13048
1.27968
1.31583
1.12194
2.06217
2.05841
2.94215
1.90528
2.87883
2.45242
1
0.698441
2.33792
2.73946
0.804572
0.912326
0.741508
2.61094
2.88917
0.723478
2.82816
2.64597
1.73335
1.44238
1.41982
1.91921
1.68951
0.682461
1.06298
1.62969
0.846443
0.52053
2.29904
0.83824
1.36667
0.633668
0.203076
2.6012
2.63606
1.00077
1.82863
2.5871
2.16223
0.957274
1.39419
0.865499
2.56001
2.38902
1.8517
0.553514
1.96082
1.05349
2.07165
0.408588
2.58428
1.81666
1.88468
1.05529
0.807904
2.59094
0.215381
1.13271
1.87528
2.36424
2.14719
0.250758
2.97659
0.505148
1.75463
1.84273
1.84204
0.734416
1.34155
2.00038
2.58462
0.947191
0.322196
2.18188
0.328178
1.87622
0.382611
1.07665
0.361931
1.78188
2.15984
0.717667
2.95437
1.75744
0.877206
1.72626
1.16791
2.83627
0.972057
0.378253
1.21004
2.68896
1.15416
1.57988
0.658107
1.09801
0.731767
1.63773
1.29635
2.39748
1.04367
2.51412
0.301773
1.66413
2.43405
0.252297
2.91754
1.6496
1.40735
0.861568
0.349028
2.43909
2.40158
0.746635
0.823713
2.42491
1.2173
1.77248
1.548
2.98317
2.1389
0.849092
0.702713
2.23931
0.58667
1.72523
1.61184
1.11143
1.73728
2.87832
1.82264
1.41871
1.34864
0.787396
0.436103
2.44166
2.02918
1.67849
2.42346
0.92241
2.38628
2.62683
2.86627
0.892758
1.49331
2.30622
2.65973
1.91647
0.912326
2.27221
2.21401
2.93395
1.90904
0.265371
2.29272
1.49716
2.499
0.824311
0.525315
0.381927
0.361162
2.69391
1.53211
1.36437
0.657338
2.31724
1.19722
0.950523
1.19449
0.899252
2.22905
1.4452
1.56731
1.12852
1.94501
1.74856
0.318778
0.644691
1.01743
0.867208
1.55698
1.94074
2.11942
0.92822
0.663234
0.98479
2.40671
0.681948
1.33266
2.25213
1.97407
2.68374
2.78124
2.85183
1.42367
2.73843
0.958556
1.83786
2.2822
1.59953
1.4047
2.5912
0.204956
1.90639
0.785943
2.76048
1.50434
2.34928
1.94963
1.24807
2.53933
2.44986
2.73373
2.73125
1.70515
1.94339
0.969836
1.60261
0.359026
2.55078
0.717069
1.42094
0.820637
1.72831
0.562401
1.35642
2.58334
2.98214
2.2282
2.92087
2.07575
1.53459
0.721598
2.06815
2.70938
0.731339
2.6652
0.353557
1.35078
1.17509
0.444478
0.239479
2.75527
1.17424
2.01218
1.43418
2.89959
0.89404
1.98458
2.55155
1.15176
1.19782
2.26879
2.58069
1.81555
0.764922
1.45751
0.849947
0.58496
2.07413
2.42995
1.17569
0.449947
1.83905
2.19496
2.08165
2.18778
1.68353
2.21547
1.1768
2.77859
0.644093
0.449776
1.18005
2.88285
2.48806
0.54984
0.877548
0.718522
2.23264
2.25076
0.50173
1.47417
1.65524
2.79201
2.01884
2.79645
1.38018
1.40658
0.211963
2.28972
2.53095
0.314676
1.04913
1.56467
1.93407
2.66161
1.62055
2.37338
2.66349
0.834565
1.73608
2.96898
1.5116
0.39953
1.06785
1.427
0.376287
0.291433
1.52707
2.86567
0.348686
2.499
2.36108
0.903012
0.292203
2.67853
2.0602
0.288614
0.698099
1.33728
2.95967
0.6464
1.00632
1.02128
1.82538
2.66691
2.37808
1.14604
1.51143
1.48665
1.30934
0.708182
1.77513
0.591198
2.87054
0.915061
1.53886
2.58026
2.56163
1.16945
1.48554
1.73172
1.96971
2.84764
2.87464
1.9028
1.61594
0.307327
2.66725
0.70502
2.58052
1.56484
0.447298
2.69126
2.29152
2.07567
0.426191
2.49139
2.06712
1.66037
1.61824
0.635804
0.596924
2.0091
1.47511
1.40179
2.15112
2.00526
0.466353
2.22256
2.50395
1.10357
2.09361
2.39517
0.960094
2.80252
1.42504
1.42529
1.47075
0.445418
1.43982
0.745781
0.826276
1.79171
2.66742
1.54783
2.5154
1.79137
2.61102
1.26029
1.03461
2.00397
0.842427
1.01641
0.439351
2.89789
1.45469
1.44469
0.721256
0.266396
0.361248
1.92134
1.80094
1.60115
2.32929
0.221876
0.722367
1.2567
2.03269
2.10985
1.03845
0.246828
2.01534
1.3988
1.57227
1.1081
1.84922
1.62756
0.344157
2.06952
0.576415
0.68323
0.45157
2.16402
2.72297
1.11151
0.487289
2.32228
2.76996
1.05153
1.08648
2.88259
2.77193
0.531639
1.78761
2.15702
1.60808
0.465413
2.99633
2.09122
2.15522
1.08323
1.23867
0.453194
2.86883
2.33929
0.892331
0.791754
0.459944
1.82914
2.58188
2.79868
0.956847
1.15749
2.62658
1.51493
1.43632
2.29195
2.92907
2.81799
1.31455
2.0414
1.28943
2.42499
2.684
2.59607
0.736467
0.253407
2.583
1.46648
2.25888
2.97411
1.08784
1.15997
2.72826
2.59393
2.9125
1.93006
1.59833
1.50775
2.80423
1.13869
1.76958
1.85486
2.42397
1.76761
2.60555
1.61884
1.39641
0.41551
1.29002
2.1078
1.81982
2.1207
0.510703
2.0526
2.52096
1.54433
2.25768
2.56035
2.74458
0.253664
2.52506
0.961205
2.76338
2.44191
0.301602
0.585473
1.4963
2.82141
2.03927
0.508567
1.0241
1.43008
1.38616
0.701688
1.28703
0.285794
2.17197
0.625037
0.454732
2.62803
2.8338
1.5022
1.05409
0.483444
1.86802
1.51177
0.943602
2.09404
1.29874
2.53497
2.82098
0.942833
0.54702
0.895749
1.75181
2.31827
2.49079
0.332194
1.20773
0.751079
1.70182
2.83465
0.299124
1.86452
1.84794
1.5903
2.69297
1.57176
1.44691
1.67071
1.10032
2.16249
0.560607
0.299124
1.82384
0.611451
1.21679
2.73647
1.25037
0.65016
0.944713
2.82217
1.17748
0.737407
2.61453
1.40863
2.86106
1.06597
0.765007
2.92583
2.27169
1.34454
1.21004
1.71335
2.04661
1.69054
0.508737
1.9592
1.02589
0.772613
1.68883
1.68028
2.0596
0.739543
1.20902
1.38411
1.77257
1.87349
1.14988
1.44794
2.97701
2.10532
1.21824
1.25422
2.21726
1.12826
2.1548
0.517966
1.53621
1.84939
0.331339
1.84537
2.55044
0.514377
2.32561
0.959838
1.12083
0.244606
2.85994
2.83448
2.30775
2.92309
2.4937
2.5659
1.09639
2.96736
2.85456
2.83004
1.78137
2.3263
2.59769
1.15527
1.8969
0.239222
1.87921
2.05114
2.3809
2.29391
2.13258
1.22961
0.660073
2.3204
0.534288
2.5577
0.343901
1.26106
2.34766
0.976928
2.61401
2.55044
2.93019
0.429695
1.79761
0.545311
1.79496
2.82687
0.612305
2.34134
0.510361
0.697244
0.368938
1.51374
2.02807
1.95467
1.22081
2.91968
2.42534
1.82
1.34625
0.300064
1.05016
0.336723
2.15292
0.218287
0.455672
2.91694
2.7897
2.47225
2.51275
1.55467
2.2558
2.51916
2.88592
2.94599
0.792438
1.64892
1.46375
0.350224
2.04636
0.844819
2.9272
0.233839
2.09156
0.467379
2.6464
0.5301
0.397137
1.3013
2.09165
0.755693
2.02901
1.10041
1.34728
2.42021
1.37223
1.77001
1.71506
1.56475
0.662465
1.72326
2.395
1.87067
0.413117
2.5495
1.83085
2.5718
1.0264
1.73113
1.70848
0.810724
0.274856
0.548216
1.79325
1.87528
0.742705
1.70643
0.395428
1.35292
0.711771
0.626832
2.65059
2.64076
2.18214
0.935655
1.00111
0.248109
1.11348
2.08977
2.86926
0.730399
1.97483
0.876864
2.70605
0.490023
2.09088
2.32767
1.40632
0.683316
1.87135
0.576586
1.07511
0.870199
0.411921
0.80987
2.53412
1.24448
1.75369
0.8373
0.755779
2.68212
2.48806
0.626234
2.81235
0.844734
2.7962
0.33433
1.92647
2.77646
0.409186
1.97953
2.21265
0.630677
1.17654
0.483444
2.49507
0.965563
2.93087
1.62756
2.99128
2.24418
0.336381
2.25751
2.0473
2.17812
1.00889
1.0752
1.91305
0.351762
2.59299
0.554027
1.94518
2.16394
2.28665
1.1169
1.02444
0.725016
2.49917
1.31241
1.5756
1.54826
2.92976
2.32869
0.577184
2.26964
1.55501
2.58077
1.9486
0.637172
0.41269
0.310233
2.10182
1.80521
2.26862
1.13348
2.6458
2.97163
2.4549
0.877291
2.03072
1.99526
1.1668
2.23828
0.518906
2.43226
1.306
2.00389
1.07186
2.82662
0.356462
1.77317
1.33822
1.49442
2.98274
1.31395
1.33249
1.83905
1.23516
2.29408
2.3909
1.83264
2.25358
1.1245
2.39184
0.305191
2.75202
1.45178
2.02935
0.875069
1.37616
2.63692
1.92527
1.36035
1.41897
0.358855
2.57009
2.70861
2.58206
0.479513
0.877291
2.88165
1.47144
1.10758
0.941551
1.33326
2.31331
2.79987
1.98535
1.91801
1.57945
1.83623
0.683316
0.666994
1.20808
1.3066
1.65268
2.27024
2.90848
0.546934
0.493698
1.30062
1.83683
0.461995
0.372442
2.81995
2.13036
2.07259
1.32873
1.60175
2.58804
2.22401
0.900705
0.209827
2.98436
2.9941
1.25046
1.97039
1.70429
2.33818
2.58018
0.273318
1.58774
2.10746
0.425251
1.04307
0.268191
0.980175
0.213074
1.81376
1.49724
2.84123
2.27263
0.647597
1.3383
2.5483
1.48545
0.334501
2.51985
2.02329
2.36313
2.70818
2.43482
1.80461
1.33976
0.518821
2.47327
1.39855
1.46708
0.899167
0.975988
1.16808
2.899
1.05913
0.69733
2.69562
0.753301
0.650758
1.46366
0.356633
0.939415
2.23683
0.515146
0.244179
1.53689
0.303226
2.01953
0.378765
0.714847
2.65213
2.24349
1.94262
1.17825
0.611621
2.27075
2.27648
2.12942
1.90331
0.753642
2.97445
1.93117
0.600256
1.78599
0.616749
2.46114
0.817219
1.58338
1.87588
1.94142
2.16796
0.26144
2.53454
0.83542
2.02816
2.39654
2.95326
1.99517
1.04196
2.25708
2.32416
1.64892
2.50797
1.39487
2.24965
2.8173
0.483615
1.28156
1.18193
2.94223
0.445503
1.87879
1.86264
1.32002
2.94215
2.02944
2.0984
0.523521
2.47678
1.75804
2.21119
2.60137
2.05952
2.36629
2.30015
2.24256
0.463704
1.61295
0.252724
2.89336
0.225806
2.26477
2.84251
2.01337
1.82521
0.505234
2.0508
2.26041
1.28302
0.490707
1.75112
0.388165
1.41538
1.93894
2.09165
2.24837
0.780218
1.43922
1.51485
1.68071
1.35437
1.97133
2.15172
2.48225
1.7783
1.3201
2.92728
1.63944
0.407221
1.47392
2.51515
1.81487
0.204187
1.29413
2.07934
2.0714
0.514206
0.54326
1.94023
1.22559
1.35616
2.75911
1.70147
2.01508
2.4702
0.262209
0.777227
2.8684
0.358086
1.58543
0.455416
1.8646
1.95424
0.610596
1.63533
2.47054
2.16437
0.902499
2.1771
0.842512
2.70963
2.92608
1.99987
0.280752
2.71425
0.434138
0.267849
1.8235
2.07302
2.91515
1.19936
2.56813
1.23696
1.58492
1.6379
1.10775
2.05482
2.21427
2.12292
2.46994
1.70643
0.275881
0.597095
2.34458
1.16817
2.10088
2.08737
1.79051
0.645204
1.13066
0.69827
1.40555
0.6094
1.7536
0.854219
0.949669
0.480282
2.61128
0.528733
1.00803
2.38697
1.06426
0.597351
1.88092
0.84687
0.70408
2.25298
1.88896
2.20145
2.39799
0.619654
1.48015
1.44341
2.75578
0.904123
1.32762
2.27537
2.90438
0.820466
0.803717
2.43627
1.05913
2.02713
1.81982
2.13283
2.57855
2.71297
2.01747
2.41465
1.38949
0.469942
1.90066
0.92899
2.87216
2.39073
1.49442
2.29468
2.88994
1.52655
2.71852
2.93001
1.45392
0.645717
1.46383
1.17475
2.10771
0.428413
2.35817
0.942405
2.72109
2.23512
1.0094
0.939927
1.58005
1.38735
0.314078
2.09344
2.06003
1.49801
2.81765
2.81653
0.570177
0.587182
0.914548
0.759624
2.65717
1.92348
2.07635
1.47674
1.55322
0.326212
1.69413
2.24777
0.46003
2.46729
2.32331
1.89391
1.65191
1.10929
0.318009
2.02371
1.6884
1.01888
2.24409
2.94651
2.62299
2.49028
0.454817
1.69216
2.89481
1.01914
1.02119
0.972997
2.99248
1.46349
2.60034
2.92685
0.775518
1.62722
2.63222
2.07712
0.342363
2.40696
2.25093
1.74967
0.93198
2.23751
2.2981
1.1815
0.946251
2.17368
1.02675
2.76073
0.381243
1.74728
2.68186
0.633412
0.354839
0.734416
2.74578
2.91771
2.61718
0.973681
1.03666
1.15877
2.13266
0.969494
2.84627
0.865926
0.820978
2.62094
0.504807
1.56706
1.9433
0.411151
1.96133
1.01786
2.02277
0.397308
0.765691
1.60585
1.38581
2.93591
1.64132
1.1827
2.61213
2.08293
1.63431
2.36603
1.18047
2.80628
1.82811
2.94617
1.99893
2.54608
2.81004
1.43572
1.70481
2.66332
2.87806
2.80013
1.22457
1.91109
2.57454
2.40543
2.47926
1.06887
0.935313
0.422346
0.522837
1.67533
1.04068
2.32279
0.603333
2.79774
1.85606
1.70643
1.43076
1.1762
2.35074
1.89682
2.14189
1.4793
0.480795
2.54104
2.24939
2.80867
1.82478
2.05328
1.66029
1.79051
0.858748
0.9395
0.855074
0.791925
2.85926
0.838667
2.711
2.79774
1.82076
1.1204
2.06037
1.08733
1.97543
1.87537
0.869088
1.24858
1.10288
1.13612
1.52459
2.4649
0.81756
0.766033
2.11865
0.814911
1.22012
0.453279
2.21521
0.320829
0.301859
2.64862
0.988208
2.0843
0.289126
2.28229
1.81854
2.04482
2.11438
0.900705
2.43704
1.30233
1.40239
2.25674
1.50066
0.736723
0.759539
0.994446
0.69075
0.665285
1.35138
2.66341
2.41859
2.4743
2.55915
2.70126
1.82786
2.1618
0.699808
1.82179
1.18082
0.730143
1.59987
2.24614
0.51489
1.76514
1.60739
0.613843
1.05862
1.53894
2.23264
0.412775
0.493014
0.775433
1.80299
0.963768
2.54693
1.41453
1.32036
2.59838
0.413459
0.712284
1.50835
1.86751
1.27507
2.01722
0.236744
2.41756
1.02401
1.35616
0.911301
1.3724
1.66789
2.77107
1.81478
2.05789
2.90446
1.94117
2.18923
1.70711
1.55655
2.23076
0.64452
2.18402
0.352446
2.69707
2.08259
0.761333
0.939671
2.59906
0.322623
0.592822
2.22017
1.14134
0.218201
0.715018
1.29404
0.593847
1.64986
2.41773
1.29942
2.72185
0.783209
0.218628
1.03572
1.06563
0.979919
2.68332
1.45819
1.00803
1.94775
0.922581
1.13091
2.96428
1.51792
2.81064
1.72608
0.234437
1.03854
0.356719
1.25678
2.45627
1.1686
2.2711
1.73078
1.79188
1.46306
1.96039
0.512754
1.99218
1.73497
1.79171
0.483444
2.2699
1.78214
0.261782
2.68118
2.92378
0.266567
1.30951
2.51515
0.248878
0.533604
2.80825
0.837812
1.27105
1.75821
1.07648
0.562316
0.642811
2.8062
2.04482
2.91404
0.639479
2.79799
0.313907
2.0032
2.59077
0.562145
0.745097
0.206323
0.287246
2.16608
1.81735
1.04332
1.69908
2.3116
1.39034
2.03833
0.342448
1.98304
2.91104
0.251784
1.03427
2.93514
1.4993
2.17103
1.77026
2.2082
0.753044
0.246913
2.86464
2.85789
0.507797
2.96428
1.08981
2.48806
0.789532
2.33262
0.75219
0.972485
1.39838
2.08703
2.24213
2.95497
0.359539
1.68361
2.79586
0.51301
1.48032
0.57915
0.806452
1.17535
0.649818
1.88212
2.02235
2.67793
0.318949
1.4617
2.1683
2.04824
2.19923
0.40329
0.32963
2.0038
2.41568
1.69797
0.835505
1.45349
0.753813
1.05161
1.97825
0.288528
0.637001
2.70476
2.10686
2.45072
0.271181
2.94634
1.83358
2.66529
1.99534
0.212818
2.08797
2.42705
1.07537
2.45755
1.95868
1.42521
0.577612
1.07827
1.65918
1.5962
2.36133
2.49233
0.55548
0.791327
1.22559
2.64332
1.19269
2.04661
2.2499
1.13066
0.858065
1.44221
1.56518
1.84691
1.21935
2.93984
0.992224
1.61115
0.773809
0.784576
2.38654
0.486178
0.646571
0.258962
1.72472
1.66704
2.47635
0.577526
1.57321
1.02717
0.924631
2.30758
0.373296
1.41222
2.74723
2.30579
2.38253
1.36573
2.16454
2.15719
1.10861
1.77727
0.468661
1.50288
2.47456
2.53847
2.405
2.24657
1.35044
1.89511
1.66516
0.624696
2.89233
1.38351
2.82944
1.52989
2.32237
1.037
2.49592
1.27327
0.591113
1.75198
2.13352
1.17509
0.356462
2.29895
0.59718
0.969579
0.91865
2.26836
2.44209
0.812348
0.948216
1.2367
1.17432
2.87755
2.44431
2.6417
1.57637
2.13249
2.36091
1.45281
1.04375
2.07712
1.73882
0.526426
2.47131
0.235548
1.98039
1.1316
1.02555
1.58799
1.30438
1.33369
0.542491
1.9292
0.219739
0.925657
1.88545
2.14283
1.05401
1.79154
2.20376
0.976928
1.97449
2.39175
0.626917
2.11062
1.34112
0.456526
1.73395
2.69682
1.62619
2.57642
1.13348
1.97056
0.739628
1.57449
0.494211
2.70972
1.99816
1.5521
2.76099
2.13497
2.57342
1.09109
1.29558
1.03777
2.85969
0.503354
0.479427
2.52301
2.19573
2.41354
0.31536
1.15313
0.980602
1.56253
2.16582
1.084
2.61931
0.320487
1.76539
2.37603
1.73651
0.9953
1.44555
2.47122
2.49601
0.224183
2.10805
2.42303
0.262722
0.937535
1.28507
0.464644
1.2461
2.78039
2.62427
1.70617
2.15984
0.480367
1.53424
1.34514
1.73865
1.44965
2.73057
0.980773
2.54745
2.50677
0.817817
1.41726
2.12044
1.40846
2.0461
0.744243
1.86947
2.67691
1.57859
2.68306
1.9962
1.01
2.80978
2.38423
2.44884
2.56445
1.46862
2.26554
0.558043
2.99513
1.4476
2.67725
2.59188
2.14258
1.8922
0.381927
0.6652
2.25307
2.89011
1.23704
2.24315
2.41978
2.89746
1.66712
2.07387
0.532749
1.63875
1.31318
0.590173
1.42546
1.21893
1.44734
0.616492
0.50361
2.38406
1.13929
2.41824
0.346635
2.66973
1.76317
1.73207
1.56646
1.77223
1.03136
2.41448
0.21316
1.28327
1.14339
0.745097
0.214185
1.32232
1.03674
0.623499
0.334074
0.806281
2.92831
2.69613
0.543345
1.09374
0.331938
1.45136
1.28327
2.94027
2.94283
0.520359
1.31438
2.10327
1.17159
1.82042
1.23568
1.53373
1.3207
1.17859
1.56304
0.692032
0.586413
2.07421
2.45311
2.3251
2.07703
1.73583
2.36116
2.84328
0.632044
0.431831
2.72015
1.03392
0.432344
2.19145
1.92758
2.44884
0.78714
1.79308
2.52993
1.00376
2.68588
1.85905
0.888913
1.9269
0.502243
1.69259
2.82064
0.394061
0.238795
1.69575
0.891049
2.38876
0.697757
1.40487
1.66071
2.12258
1.36796
1.38206
2.1595
2.55642
1.41273
0.998889
1.08537
1.7571
0.349028
2.35168
2.81038
0.829267
1.20295
1.14305
1.68242
0.958214
1.53031
2.77099
2.71177
0.502072
1.08972
2.45918
1.72771
1.67122
0.355693
1.26875
0.694253
1.33121
1.85836
2.4279
0.871737
0.668105
2.53873
1.01606
1.91211
2.65247
0.30596
1.04298
2.77535
1.24021
2.98522
2.95582
1.75411
1.24798
1.2408
1.21628
2.69536
2.83995
2.86738
2.18223
2.30442
0.76364
0.430036
1.13211
2.02106
2.27332
0.447127
1.47075
2.5536
1.87614
2.89848
0.951976
2.15967
0.841829
0.449263
2.75791
1.55962
1.20996
0.976672
1.46973
2.97248
0.635035
2.78517
1.77069
0.558727
1.80513
1.70002
0.315445
2.96086
1.17253
1.42589
2.60632
1.22628
1.53373
2.75672
2.51104
1.20201
1.99586
1.82623
1.86204
2.88789
1.46742
0.9859
0.573766
1.03512
2.81115
0.897287
1.11468
1.48007
0.594873
2.627
2.57257
1.49707
1.18107
2.33091
2.95052
1.46161
2.08857
1.7172
1.73087
1.70857
1.76727
2.87225
1.74446
1.47417
0.321854
2.24059
2.38278
1.40974
0.722025
2.74364
2.79073
1.35317
1.83674
2.82619
1.47708
0.446699
1.23098
1.01786
2.58137
2.489
1.86067
2.79662
1.232
2.80696
1.40513
1.14194
0.236744
1.53775
0.373467
1.56629
2.53993
2.80551
2.12284
1.41017
0.885153
2.68229
1.72532
2.59026
1.52211
1.02051
1.22243
1.18748
2.59214
0.84311
0.603076
2.26212
0.433198
2.38013
2.04388
0.483444
0.44012
0.239222
1.94809
2.96291
2.1166
1.99722
2.72151
1.27524
2.15898
1.09938
2.02286
2.65913
2.0079
0.75612
2.62564
2.18103
2.10455
2.1225
0.628797
0.251698
2.89088
0.248451
0.755181
0.483615
0.389105
1.88896
2.47302
2.67409
2.00124
2.25871
2.87985
1.50425
2.76099
2.02166
2.08558
2.94053
0.88182
1.60064
1.03196
1.72506
1.23363
0.896518
2.68682
1.94476
1.5874
0.302799
0.949071
1.66353
2.66614
0.303909
1.80436
1.2085
0.438496
1.14493
2.26588
0.895236
1.69242
2.6593
2.44055
2.98
1.72728
2.94335
1.45631
0.427644
1.60107
1.56398
2.18915
0.881649
0.971203
0.38731
0.726127
1.22346
1.96501
2.1166
2.30323
0.309635
2.11848
2.42499
0.454732
1.67404
0.621021
0.97351
0.311771
1.38163
1.5022
1.99893
0.387567
2.42286
1.59979
1.76026
2.58718
0.434993
2.9454
0.732279
1.17825
1.73882
1.0053
1.43187
0.862166
1.67627
2.41542
1.76514
0.680581
1.03982
1.24473
0.784405
2.29742
2.57821
1.02888
1.53971
1.7912
0.966417
0.407733
2.71553
1.09818
0.629395
1.60637
2.93685
1.04102
2.00474
1.59671
1.03546
0.881991
1.83239
2.77689
2.16155
2.73826
1.2602
0.206067
1.82837
0.995557
2.95138
1.83264
2.57932
2.65999
2.1812
2.3521
1.7624
2.7821
0.711771
0.733732
2.30169
2.89464
0.831916
1.65242
1.75163
2.19821
2.74817
1.26311
0.322709
1.83418
1.91656
1.15612
2.76629
2.38159
1.10211
0.530699
1.60423
1.31609
2.95206
2.02311
0.593847
1.36778
0.671865
0.828584
1.51228
2.91592
2.59188
0.953685
1.95048
2.55762
1.80974
0.235633
2.80295
1.78881
2.29938
1.9686
0.341081
0.333988
1.47101
0.371758
0.758
0.462593
1.37146
0.538475
1.27105
2.42995
1.71233
0.503183
0.87131
0.579406
2.11173
1.6637
1.60662
2.24469
0.339885
0.39671
1.8846
0.587695
2.75381
1.90382
1.48605
1.91169
2.90857
0.72476
2.97308
2.18505
0.535057
2.55744
1.18082
2.1154
2.86926
1.01957
1.48169
0.309635
2.12027
0.791839
2.50617
0.65862
2.66828
0.778338
0.811237
1.48314
2.17436
0.722794
0.781927
2.57975
2.99539
0.91771
0.453792
0.502414
2.88643
2.44414
0.944029
2.61974
2.18231
2.77877
1.77906
2.28195
1.64285
2.60735
1.80513
1.63935
2.95121
1.88084
1.57022
2.04567
2.85106
0.951463
1.66516
0.98667
1.31275
1.62739
1.30959
2.26981
0.71254
1.58261
2.87302
2.81389
2.41534
2.15984
1.41512
1.97441
2.94676
0.60376
1.33685
2.34441
1.74266
0.762615
2.82576
0.365777
0.263918
2.09455
2.98556
2.89071
1.66285
1.01769
1.93758
0.828925
1.98953
0.840376
2.77919
0.420551
1.72634
2.70938
1.28994
1.26934
0.636317
1.81307
1.87024
2.07541
1.91468
0.478829
2.40132
1.60534
2.62914
0.799615
1.31438
0.236061
2.03884
2.42918
0.354924
0.410297
1.97731
1.78248
0.33151
2.94147
2.8878
1.47956
2.53514
0.304935
0.49874
1.06905
1.91698
0.254518
0.72664
0.270412
1.51305
2.49925
1.79325
2.57137
0.601624
0.980261
0.345439
2.81799
2.88259
1.68473
1.36548
2.63572
2.76398
2.53258
1.85734
0.918394
1.64644
0.876778
0.899081
0.422346
1.0899
0.351335
0.446956
2.90361
2.35193
1.40684
1.87973
0.235463
1.18458
0.469857
1.86939
1.14476
1.77718
1.66439
0.968383
0.202393
2.33296
1.632
0.497629
1.50793
1.36659
1.78932
1.12536
0.903781
2.41055
2.95915
1.12237
2.75809
1.81718
0.313822
2.08319
0.352702
1.7448
0.767571
0.498996
1.51416
2.21453
2.35527
0.970263
0.524973
0.3257
2.53591
1.44708
0.353557
0.918223
2.95753
0.284256
0.238539
2.36697
2.02149
0.698441
2.26708
0.998547
1.58355
0.815595
2.38304
0.216492
2.3286
0.895407
2.66332
0.621876
2.95787
1.92091
1.89955
2.01807
2.92489
1.93971
1.32335
1.98671
1.45828
0.746208
2.1107
2.3216
1.0088
2.49037
0.705789
2.40961
2.25828
1.60098
0.599573
2.04431
1.62705
0.412519
1.8012
1.16133
0.819184
1.88067
0.640162
2.18188
2.94121
0.575817
0.336552
2.4526
1.93245
2.14104
0.576501
2.069
1.44529
2.00269
2.9307
0.569921
2.71151
1.12083
0.352788
2.19077
0.332963
0.766887
1.59782
0.362017
1.13442
0.916001
2.79286
0.342961
1.4147
0.242128
1.80342
0.274941
2.13574
2.70254
1.22935
0.743815
2.98479
0.699979
0.468233
2.33886
1.64884
1.40983
1.08468
2.49438
0.838496
1.85888
0.723051
1.5034
1.79803
1.7448
2.59957
0.989319
0.839778
1.58227
1.8135
1.92391
1.2408
2.36458
0.712967
2.27862
1.03777
1.92707
0.554625
1.39727
2.65999
1.40051
2.09242
2.77757
2.13454
2.94223
1.53578
2.74783
1.00581
0.931126
0.512583
1.52843
1.50177
1.01683
2.47515
1.76334
2.88849
2.00611
2.98624
0.211023
1.54826
2.97924
2.32425
2.08105
1.51989
1.41906
0.242555
2.10404
1.6373
2.74458
1.32301
1.02341
2.4062
1.43162
1.95843
1.59517
1.55339
1.71386
1.40444
2.38406
1.78957
1.64636
2.33638
0.642897
2.51968
2.92258
1.34881
2.96394
1.84093
1.03059
2.03576
1.78718
2.96514
1.33805
0.68887
0.456868
1.00171
1.68968
2.45148
2.90993
0.241615
1.10929
1.16441
0.28605
1.47622
0.390301
0.344072
2.14676
1.09152
0.964367
2.92677
1.78957
0.27383
1.43418
2.41953
1.74719
1.66439
0.95941
1.09366
2.95642
0.20094
0.481393
1.05853
2.48609
1.48408
2.57676
2.25392
1.31216
1.6038
0.923862
0.79671
2.62435
0.966674
2.1736
2.12207
2.15565
2.85969
1.2085
0.353557
1.41965
2.08686
2.98018
2.74296
0.544115
1.21987
0.711002
0.213074
1.58799
0.995557
0.848494
2.0467
1.42974
2.40184
1.75932
2.15275
2.31416
0.587011
2.55069
0.553087
2.34518
2.53104
2.20675
0.723307
2.41269
1.01589
1.02709
2.82662
0.239564
1.23303
0.955565
0.278701
2.43884
1.76462
2.78543
2.48062
2.86473
1.07639
2.43063
1.55586
2.94967
1.26046
1.04837
1.13236
2.71066
1.76402
0.40235
2.60367
1.71498
2.44277
1.05264
2.50805
0.291861
0.275796
2.76082
2.86362
1.07793
1.88015
2.29724
1.29643
1.18329
2.56103
2.0385
1.99868
0.266482
1.63756
2.14181
0.354839
0.805853
1.97962
0.884213
1.87366
0.653835
1.89366
1.15492
0.262807
1.76291
2.89566
2.88635
0.484213
1.56962
2.30801
1.81307
0.427302
2.12557
2.61846
2.34621
0.237257
0.660842
0.937877
0.548558
0.537278
2.26947
1.69524
1.00171
2.58009
1.60278
1.90605
1.14826
2.36843
2.25982
0.553258
1.3007
2.98018
1.15988
1.01735
1.90169
0.737407
0.987951
2.09233
1.42427
0.255031
0.396796
2.52668
1.29985
2.80756
2.65717
0.625977
0.460372
0.651869
0.839265
2.65503
2.68357
2.94249
2.6182
1.97509
2.5272
2.67725
2.385
1.45777
1.04162
2.71126
2.95608
1.90869
0.2464
1.87648
2.96471
1.04127
2.35971
0.443281
1.82487
1.33711
1.96706
1.5639
2.75279
1.33027
2.71835
0.732536
1.3348
2.25383
1.93852
1.50203
1.7289
1.78496
2.74176
1.89263
0.38731
1.22747
2.63435
0.931639
1.78804
0.668105
1.3959
0.561119
0.461568
2.84448
2.42517
1.95108
2.20231
0.262465
2.73741
2.25486
1.95005
2.70075
1.80273
2.04627
2.43106
1.23798
2.01132
1.47366
2.24443
1.54416
2.95317
0.970177
1.08255
2.96864
1.50041
1.35608
1.17201
2.96684
2.67998
2.3727
2.22435
1.39983
2.92284
2.88336
2.5812
0.246828
1.0781
1.78018
1.04461
1.26576
1.58073
2.83422
0.877377
2.74117
0.75706
2.92514
2.06285
0.656313
1.8593
0.489853
2.90951
1.027
2.21427
0.82602
2.69084
1.13442
0.8743
1.88861
1.205
2.39483
0.958641
1.61696
0.943773
1.40325
1.87127
2.03021
2.15685
2.28964
0.384234
0.727152
2.10088
2.52318
1.37334
1.03068
2.7586
0.904038
1.19312
0.610938
1.91673
2.2793
0.480026
1.02752
2.69075
0.519932
0.969408
0.827046
2.38184
1.09836
1.11579
0.633412
1.35651
0.400812
1.10237
2.46883
1.23371
2.71613
1.22807
0.941978
2.26819
0.433967
1.45982
1.74335
2.81799
1.1944
2.93617
0.681521
2.38235
2.32262
2.41175
0.701602
2.69895
1.88844
2.82901
2.92044
2.78646
2.72801
0.20376
1.51801
2.02098
0.763726
0.814484
2.52147
1.53424
0.761931
0.880367
1.11972
1.2191
0.463704
2.31741
1.94638
2.2323
0.228626
2.3586
2.96719
1.07998
1.52673
2.6276
2.21119
1.97526
1.01726
0.651015
1.18261
2.75322
2.35279
0.998975
2.59009
0.632472
2.04345
0.639821
1.4311
1.11143
2.3216
2.4978
0.670669
0.683401
1.74232
0.599744
2.94916
2.26238
2.459
2.00073
1.15851
0.403632
1.70993
0.871908
0.524546
0.80893
0.854561
0.74373
2.63162
2.80132
2.29622
0.286563
0.82696
0.860372
2.42893
2.22042
1.44529
1.10229
1.34642
2.73766
2.68639
2.39363
1.05016
1.43016
1.58705
2.38671
1.69378
0.304935
2.92352
0.563341
1.20201
1.07716
2.48097
2.57462
2.20154
2.92856
2.52942
0.763897
0.800385
1.51801
1.14228
2.36193
0.35501
2.63179
1.99509
1.83948
2.36082
0.861055
0.282461
2.50669
0.804315
1.09477
2.59103
0.645546
2.11557
2.41414
2.7639
0.864302
1.8558
2.57778
2.39722
1.15945
1.88075
1.4834
0.803803
2.37449
1.91459
2.99496
1.08255
2.94172
1.6737
1.9216
1.93031
2.79611
0.676907
0.33715
2.23478
2.54651
1.08007
0.826362
2.08558
2.19385
0.672207
1.24627
2.03986
2.2828
0.971032
2.9894
1.08169
0.574023
0.755095
1.33771
0.711856
1.1257
2.77039
0.69357
1.60491
0.870455
1.14792
0.874642
0.272634
1.37667
2.47174
2.86276
2.97018
2.4802
0.432429
2.59094
2.68169
0.274941
1.80581
1.55928
0.825849
2.14984
1.29259
2.86473
