0.464901
0.471651
2.73869
1.50485
0.217518
2.10728
1.36907
1.54852
1.04367
2.47259
2.59752
0.323392
2.63751
2.03798
2.15445
1.01453
0.515232
0.441487
1.96355
2.33655
0.47524
1.06016
0.978979
1.17201
1.23482
1.84837
2.01918
0.420466
0.631874
2.28263
1.08366
2.19701
0.979492
1.64824
2.64153
1.5175
1.76001
1.7078
2.17812
2.60855
2.84627
2.98599
1.8881
2.97812
0.837983
2.11156
0.801837
0.986413
1.70053
1.85084
2.8332
2.85311
1.49323
2.07293
0.835334
0.838154
0.37492
2.88148
2.55351
2.13574
1.67541
2.15351
0.560607
1.81589
2.41739
1.92006
2.46422
1.75403
2.68015
0.227515
1.07229
2.48396
0.989319
2.51754
0.804743
2.71297
0.322196
1.16125
2.43884
0.635975
0.314847
1.98799
0.874984
0.986499
0.259389
1.64294
1.61278
2.36202
2.47866
0.213587
1.42102
2.36014
1.46546
0.561974
0.492587
0.665542
1.57441
0.398932
2.7709
1.22243
1.05358
1.3395
1.73301
2.03123
2.00338
1.77599
0.721
1.70788
0.850288
0.607007
0.705704
2.94147
2.12301
1.05862
1.7718
2.78885
1.71848
2.43696
1.61132
0.34373
2.04508
2.6476
0.913608
0.517454
2.43089
2.12173
1.73907
2.46832
1.98415
1.18458
0.362786
1.81837
0.29357
1.10408
2.6787
0.794488
2.35629
0.857894
2.04755
2.23051
1.91972
2.65606
0.880795
1.16885
2.82722
1.45606
1.84375
0.399274
2.15223
2.30912
2.36825
2.07148
0.310746
1.57338
2.36116
1.71908
1.138
1.03375
2.79662
1.23371
2.71767
2.16402
2.27913
2.7251
0.750908
1.96928
2.86558
2.60538
2.45336
2.04704
1.43273
1.03572
2.76552
1.90314
0.279385
1.27148
2.06712
2.16103
2.04849
2.84482
0.380132
2.70117
0.258449
2.32015
2.44995
1.76872
0.530442
2.76355
2.29066
0.686563
2.59957
0.858919
1.18329
0.611536
0.596155
0.412946
2.51369
1.57048
1.68729
1.5827
1.03743
1.41487
2.96249
0.565905
2.36031
2.13078
2.25469
2.29049
0.619996
1.54176
2.38141
2.43961
0.559069
0.242213
0.494382
2.95283
0.774065
1.79872
0.426362
0.537107
1.93006
2.45644
0.519675
1.12869
1.52715
1.58945
0.427985
2.64025
2.60761
1.13066
1.77496
1.73318
0.789019
2.82021
1.36001
0.551292
2.2141
2.30861
2.19709
1.95407
0.400641
2.95411
1.87503
2.78569
0.983593
0.749199
0.326041
1.71959
2.73254
2.41602
0.490793
0.413544
1.43512
2.90669
1.96637
0.515061
0.632728
1.14706
0.325956
0.452425
0.595642
2.66041
0.597351
2.95078
2.72596
1.10946
1.5862
0.809186
0.774407
2.1941
1.53459
2.27827
1.6614
0.741252
1.39966
1.97236
2.48567
2.42611
0.240675
0.658278
2.91173
0.960692
1.00342
2.25418
1.92211
2.18855
1.5862
1.77787
2.12104
0.321342
0.679214
1.78274
1.37881
0.55736
1.66054
1.01692
0.603418
1.7166
2.03944
1.24465
1.82649
2.33202
2.13292
1.16637
2.99188
2.63401
0.863021
0.976415
2.83448
1.4646
1.1633
0.494296
2.63589
2.56052
1.28122
0.407477
1.44478
1.24055
2.8637
0.764068
2.35048
2.33706
0.914035
0.651698
1.19517
1.20731
0.508139
1.60098
0.514548
1.06281
2.95557
1.85007
0.492673
1.25456
0.694852
0.809357
1.31933
1.75052
2.0103
0.862337
2.33715
0.44405
1.65627
0.640419
1.56646
0.530528
2.479
0.509934
0.594531
1.78881
1.32036
0.408502
1.61705
1.40598
2.29451
2.36757
1.62029
0.58291
1.52143
0.659218
1.2896
0.557189
0.807819
2.70553
2.8332
1.08178
2.76116
2.08584
0.308438
1.79667
2.82423
2.78201
1.03811
2.73108
0.719462
1.99688
0.502841
1.57338
1.98859
2.68528
2.50011
0.746721
1.31566
2.33339
1.35437
2.32775
2.32203
1.1257
1.16749
1.04486
1.11895
1.23576
2.89643
0.996069
2.30724
1.17834
0.64546
1.92091
0.309635
1.76138
1.96167
0.265712
0.325016
2.37458
1.51921
1.27985
0.590344
1.35146
1.38146
0.579235
1.83974
1.5445
1.6279
1.41564
2.04636
1.24815
1.33335
0.889254
0.335441
2.40944
0.88746
2.94095
1.75685
2.26221
0.840291
2.56334
2.00201
0.323649
2.2646
1.86674
2.55608
0.889682
1.01863
2.43841
1.77043
0.96693
0.499936
1.03213
1.14373
2.57949
1.67652
0.225636
0.299466
2.9865
0.581542
2.284
0.34655
1.75018
2.46259
0.665114
0.311515
0.589148
1.56825
1.80667
0.728776
1.35753
2.96437
2.03029
1.87793
0.483871
1.76326
2.60162
2.35322
2.01158
1.75651
1.783
2.25554
2.77364
2.83739
2.11711
2.69212
2.64375
2.79953
2.57795
0.272463
1.79752
1.70258
2.62786
1.88836
1.52399
1.18791
1.81735
2.46405
1.32318
0.935655
2.36501
1.36599
0.428242
1.44871
1.15586
2.95847
2.08908
1.35129
0.9953
1.3918
0.755351
1.19013
2.35527
1.51322
0.896347
1.92561
2.65136
0.38526
2.79449
1.69977
0.688443
0.90079
1.25114
1.46964
2.51079
1.58073
2.54189
0.692886
1.09536
0.444392
1.95698
2.05285
1.72634
1.83709
2.86849
0.811408
1.08656
2.50438
2.8567
2.9765
0.305191
1.79974
2.63717
0.27178
1.99833
1.11357
2.52455
2.09686
1.5392
1.01077
2.96958
2.0637
0.997607
0.363897
1.90887
1.69917
2.78398
0.370562
2.66341
2.49857
0.236232
0.941722
2.72373
2.12053
0.588635
0.748173
2.35979
1.10775
2.35612
2.41406
0.59154
2.72373
1.77616
0.542576
0.660244
1.09109
0.743132
1.66447
0.934971
1.82042
1.27233
0.59342
1.79427
0.315531
0.93292
1.47904
1.61918
1.14476
2.28579
2.44226
1.23576
0.863363
0.36458
1.28233
1.14399
0.876778
0.437385
2.74305
2.47114
0.73057
2.08592
0.823286
1.58637
2.01559
1.8405
0.623414
0.515574
1.27541
0.807904
2.81098
0.692032
2.10335
2.32997
1.1956
2.18137
2.41705
2.90959
0.500705
1.11835
1.09793
0.642384
1.21739
1.89366
2.38338
1.99227
0.630335
0.425849
0.597351
0.745524
1.70258
2.65905
2.0103
2.38492
0.505405
1.02094
2.01226
0.517881
2.68272
0.981628
2.38945
0.998376
0.435762
0.847639
0.889853
0.37868
2.51737
2.93113
1.46699
0.329972
1.12109
1.23021
2.58752
1.06742
1.75531
1.35924
0.791925
2.2188
2.78714
1.06503
0.495407
1.77351
0.34561
1.06759
2.81483
1.94954
0.47131
2.56291
0.811151
1.41581
2.19855
2.32425
1.53544
2.30784
0.659133
0.541124
1.46221
0.272805
1.89588
1.53134
2.90233
2.78466
0.469686
2.86601
0.779534
1.96202
1.15279
0.642213
2.16026
0.331254
2.19163
0.844478
2.32177
1.76924
1.82837
2.92839
2.14941
1.66353
1.56937
1.56706
1.84751
0.529075
0.686306
0.696817
2.55317
2.31698
0.238881
1.79932
1.23952
2.05413
2.70622
2.55744
2.09695
2.45097
0.313565
1.42427
1.77812
2.51455
2.5442
2.23974
2.49669
0.604102
0.720316
0.434907
1.96441
2.56821
1.34437
0.96035
2.95702
1.79846
0.885324
1.87605
2.69366
0.239906
2.89925
2.14044
2.01978
0.794061
0.570092
1.13647
2.97898
0.951549
0.360564
0.872079
1.16261
2.09421
1.45742
0.791412
0.224439
2.70126
1.10117
1.73642
1.74719
1.09947
2.08729
0.59436
0.649135
1.19338
2.92489
0.570177
0.917966
2.01303
2.94266
1.81982
0.659731
0.918308
2.82773
2.98334
0.450032
2.49498
2.08558
0.754582
0.774749
1.38197
1.90921
1.22559
0.548302
1.06682
0.94326
2.14112
1.69729
0.485495
0.833113
1.80444
0.995386
2.06678
0.643751
2.16855
2.13907
1.05512
2.63837
0.251784
1.2502
1.35377
2.90199
2.61581
1.19346
0.921384
0.49968
1.04136
2.29639
0.362786
1.45546
2.94309
2.459
2.94967
0.83918
1.45571
1.84085
0.909079
0.450716
1.13459
0.312967
0.218628
0.586755
1.0035
2.46225
0.342875
0.978979
0.490451
1.53493
0.751421
2.59111
2.78688
1.90904
1.05452
0.561718
2.76894
1.07964
2.19419
1.98099
1.21816
1.94834
0.728434
2.78757
1.67857
1.60107
0.446016
2.27562
0.887802
2.16428
2.54864
0.696902
1.92057
1.12544
1.43914
2.44636
2.18077
1.10613
0.552574
1.11921
2.18077
2.07498
2.46789
2.52677
1.24422
1.98731
1.73668
0.357915
0.871737
2.44106
1.86887
2.57436
1.50459
0.533177
0.91019
0.826875
2.22564
2.70793
0.650587
0.580773
0.334672
2.58018
0.700491
1.43632
0.33527
0.525742
1.67302
0.533604
1.27088
1.42324
1.10775
0.928477
2.74749
1.13467
0.777142
2.62649
1.3806
1.71549
0.609058
2.96377
1.20432
1.53758
0.665285
0.82038
1.37898
0.315787
0.41363
0.55642
1.53595
1.62388
2.72989
1.75471
2.0966
2.48763
0.667507
1.46118
0.702542
0.242897
2.0338
0.607947
1.29609
0.646913
2.60795
2.10831
0.586328
1.42743
2.23999
0.708866
2.04003
2.4614
2.66811
2.48994
2.53412
2.76697
2.89088
1.2972
1.80735
1.89836
0.932151
0.396197
2.24905
2.33108
1.03811
1.03469
1.56125
2.42329
1.53963
1.40094
1.8335
1.74317
1.62269
0.466097
1.16595
2.74826
2.24008
2.59752
2.58035
2.60393
0.204102
0.630164
0.753899
1.1304
1.09767
0.484982
0.91583
1.86409
2.44021
0.620252
2.44311
1.42059
0.74655
0.604016
1.49169
2.94881
1.91698
2.49566
1.20414
1.26131
1.79462
0.922752
2.62683
0.630335
0.328178
1.14236
1.27772
1.63559
2.17872
2.17274
1.70019
1.25208
2.80508
1.08391
2.14138
1.36539
2.46934
0.334672
0.892331
2.7016
2.39586
1.44256
1.62705
1.75967
0.325016
0.475069
2.07823
1.33395
1.29575
2.24999
2.18795
1.81333
2.09746
1.53125
2.06892
0.645717
1.62645
1.3084
0.715958
0.755095
1.18586
2.44781
2.20385
2.09789
2.16582
1.20132
1.10895
2.34672
1.54168
1.66242
1.4934
0.489425
1.0276
1.25465
1.98765
1.33044
2.32331
1.14202
1.31053
0.681094
1.49109
2.44764
1.56287
2.42841
2.50096
0.968383
2.03328
2.46815
1.38094
2.87362
2.85302
1.89024
0.211023
1.27421
2.83713
1.20432
2.3968
0.551036
2.4508
1.59218
0.861226
0.328947
1.83649
1.37539
2.99274
0.784661
2.04089
2.48515
0.384661
2.77526
2.17795
1.12203
2.80722
2.87601
0.666823
2.59316
2.44516
1.61397
1.68139
0.913779
1.84281
2.5847
1.3483
2.36202
2.39133
1.141
2.43294
2.77227
2.79594
1.93929
1.24824
0.557274
2.36193
2.43277
1.12673
2.84439
2.536
1.19799
1.79017
0.31348
1.53997
1.78223
2.15736
2.52643
0.735698
0.959923
2.32519
2.93181
0.757659
2.0849
0.261782
1.73668
0.45063
0.425935
2.54924
0.628712
1.85119
0.774493
2.71194
2.33971
0.648622
0.209485
2.47054
1.83486
1.76505
1.90955
1.4564
2.11899
0.289724
1.29763
2.72638
2.24281
1.00726
2.00833
1.61303
1.70088
2.75595
2.96189
2.45054
2.40594
1.25362
2.83585
2.71083
2.02799
1.03042
2.41927
0.290323
1.88665
0.502499
0.738859
2.68238
0.782354
2.42799
1.84315
1.37402
0.755266
2.57966
2.93266
2.20573
1.75915
0.473873
0.324247
2.22794
2.83773
1.79257
0.73621
0.996924
0.790045
0.334416
1.58176
1.2432
1.11451
1.53578
0.558812
2.85217
1.41649
2.59581
1.02367
1.09383
1.26917
2.44499
0.635377
1.43956
1.51348
1.39427
2.55864
0.302884
2.18633
2.1019
0.312882
2.84191
1.26259
2.49583
0.755779
1.96073
0.600513
0.688955
2.68622
0.848323
1.67584
2.52557
1.15689
0.39107
0.294339
1.39419
2.18351
2.99709
2.06866
2.14787
0.33621
1.76932
0.647169
2.76561
1.90314
0.966845
2.08379
2.7956
1.31216
0.288699
0.933433
2.61589
1.89878
2.92019
2.66443
0.950096
2.70784
2.27827
0.770904
2.27733
0.415766
1.79419
0.377569
2.3709
0.862252
0.269472
2.31955
2.80654
2.47703
2.74424
0.288101
0.275027
2.09105
0.614014
0.22931
1.53869
2.21854
0.5348
2.58137
1.46725
0.297415
1.05042
1.33959
2.99282
0.575988
2.08285
2.13694
2.41935
1.1333
2.22136
1.32634
2.12583
2.3204
1.74881
1.05238
2.09977
0.310147
2.74125
2.30169
1.53783
0.843794
1.77992
0.516257
1.15364
2.85994
0.212647
1.36163
1.02649
1.09554
2.3016
2.832
1.43239
2.14557
0.994531
0.484896
1.49169
2.26802
2.85994
1.19039
0.273061
2.6229
2.31852
1.38129
0.790216
1.83273
1.51399
1.99457
1.92869
2.35074
2.75646
2.08977
1.14082
1.32608
2.67785
1.33198
1.34702
2.45208
1.83734
0.927366
2.87849
2.68562
2.91267
2.39868
1.90126
1.52527
2.81534
2.18752
1.35881
0.735441
2.26896
1.07238
2.66896
0.204443
1.78564
1.18816
1.01393
2.6229
1.97919
1.2361
2.862
1.8711
2.35296
1.87058
1.75574
1.40342
2.49925
1.05144
1.00641
1.11442
2.64777
2.54779
2.53147
1.77778
1.90109
0.582226
2.87191
1.94262
2.294
0.202564
2.42824
2.77697
0.214869
2.76783
1.75155
1.3436
1.32608
2.13668
2.12754
1.79855
1.32113
2.14634
1.09135
2.59633
2.25614
2.9683
2.91002
0.392865
1.19278
0.528477
1.07033
2.33117
1.29105
2.58129
0.410126
0.598376
1.68763
2.02098
2.3298
1.74129
2.29989
0.623157
1.12117
0.228028
2.29024
1.39932
1.65319
2.74347
0.330827
1.15398
2.84935
1.10511
0.604273
2.2323
1.99594
0.288699
1.87879
2.24435
0.718778
2.24905
1.59483
0.354497
0.46473
1.62405
0.701859
1.32369
1.92655
0.411493
1.98039
2.69032
1.84777
2.5025
1.58936
2.27956
1.64661
0.762273
2.97496
0.226917
1.69387
1.54433
2.47832
1.90502
1.28515
1.32514
0.980432
1.53843
0.542491
2.34834
2.12113
0.497885
1.88494
1.56398
1.02905
0.858235
1.70344
0.552403
2.50241
0.208716
0.680068
1.51852
2.57488
1.10357
0.986413
0.644777
0.406452
2.33954
2.0009
2.69041
2.43645
2.24837
1.98082
0.924375
1.73437
0.791839
0.528135
2.27896
0.888998
2.64657
0.885153
2.61248
2.57095
2.46567
1.29831
0.3674
2.50669
2.106
2.48737
1.11305
1.40231
1.80735
0.857808
0.458492
0.554198
1.11151
2.8937
1.42435
0.482846
1.90861
2.36791
0.560778
0.929759
1.79846
0.608802
1.69908
1.95245
0.954283
0.259133
2.82423
1.65687
2.27622
2.36578
0.955907
1.50365
2.82175
1.63679
2.52626
0.726383
1.1016
1.30506
2.94027
1.99885
1.42803
0.434223
1.20782
1.48904
0.702115
0.304764
2.13489
2.2376
0.429438
2.31903
1.95928
1.59739
1.34984
2.06029
2.3216
2.87353
1.06964
2.34655
0.856099
1.89827
2.4843
2.31339
0.49122
1.48195
2.9777
2.16531
2.54523
1.67447
2.98633
0.232643
0.505576
1.97654
1.11664
2.37142
1.18056
2.63751
0.401239
0.742961
0.507456
1.97706
1.28267
0.813117
2.30921
2.06934
0.312626
0.404913
1.68225
2.926
0.952574
2.44593
1.70746
0.315104
2.26529
1.64473
1.96834
0.956078
2.68263
1.53664
2.36637
0.22461
1.43897
2.13377
2.71869
0.507627
1.25695
0.618714
2.42807
1.34505
0.471993
1.31856
0.310831
0.295279
0.586071
1.79667
1.6714
2.86311
0.634266
1.70019
1.90921
2.02568
1.55535
1.20047
1.3483
1.29677
0.350993
2.06405
0.974535
2.664
2.82329
0.590857
2.96924
2.53813
1.07597
2.25939
2.126
1.05178
0.569665
2.51335
0.43918
0.644948
0.915146
2.72954
2.95121
2.07413
1.195
0.203418
1.94424
1.78351
1.19996
1.59081
2.768
1.57603
2.16778
1.44119
0.386456
0.920103
0.810981
0.462935
1.93484
2.43081
2.62358
2.35561
1.5709
0.863619
0.651015
2.24819
2.9119
2.95625
1.71352
0.779705
0.940696
0.857808
1.46879
0.861226
1.87204
2.48225
1.50229
1.55501
1.26353
2.32322
0.632215
2.10916
1.66157
1.66815
0.416962
2.58624
1.26729
0.949413
1.85221
2.92079
1.31147
0.369451
2.44542
0.846016
2.82611
1.53741
1.45546
1.72608
1.29823
1.45554
2.88438
1.5298
0.29639
2.39167
1.60859
0.786712
2.15454
0.976415
1.03828
2.36005
2.40261
2.46208
2.89113
0.475069
2.03055
1.08015
0.667763
0.641273
2.67323
0.436616
1.41888
2.30408
1.60457
0.880111
0.987609
0.664772
2.02679
2.58325
1.71805
1.10673
2.34433
1.67191
0.615638
1.86315
2.30775
2.94215
0.547703
2.76646
0.917368
1.30062
0.470968
1.31498
1.57227
0.267592
0.474044
0.295791
2.15283
2.87832
2.82243
2.19974
2.32467
1.32104
2.79321
0.66708
2.95138
1.45067
0.887033
0.201965
1.90263
2.11233
2.20521
1.59133
0.346721
1.81495
0.978552
1.06682
1.41367
0.292203
2.83704
2.24828
1.31677
0.286306
1.60568
2.10387
2.42098
2.29485
2.41628
0.366289
0.743986
0.41568
2.32066
2.04226
2.57932
2.82961
0.594446
0.85157
0.326725
1.0564
0.317667
2.83533
1.42059
1.12331
0.620594
2.36825
1.23995
1.58201
2.7815
0.61521
2.29075
0.712711
1.56449
1.06776
1.34634
1.85272
1.78522
2.19786
2.03448
1.1862
0.690237
0.268703
2.55719
2.53343
1.33967
2.73715
2.03226
1.47656
0.37962
0.886691
0.343132
2.96018
1.39128
2.92984
1.38547
0.702542
2.80568
0.613672
2.99573
2.15753
0.370305
1.37052
0.252809
2.16163
0.755864
1.84777
2.23726
0.206238
2.29007
1.25601
2.13617
0.871737
1.00607
0.37304
1.58278
2.75988
0.394317
0.640077
1.1163
2.26383
1.84315
2.38928
1.65063
0.711942
1.75676
2.6382
1.63918
2.02371
0.339116
2.69118
1.2232
0.613843
0.428755
0.782098
0.851399
2.6846
1.37445
2.39876
2.85806
2.24102
2.738
1.12467
0.686734
2.5689
0.411237
1.83649
0.648878
1.71096
1.13681
2.69451
2.10173
1.88075
1.61688
2.16326
0.536338
0.549925
0.20094
0.700491
1.06135
0.748003
1.33736
1.75181
0.369195
1.11049
2.37774
1.28695
0.275454
0.41457
1.32079
1.31874
2.51498
2.33852
1.08434
0.237599
0.284768
1.98253
1.29088
1.00393
0.220936
1.49007
0.756804
1.23098
0.696133
2.70417
1.67037
0.600427
2.1254
1.79923
2.24785
0.844563
0.369024
1.02418
2.45413
2.9342
2.51822
0.894809
1.1756
1.90972
2.15163
1.97244
1.03316
0.793036
0.95172
1.96774
2.02217
2.01645
2.56599
0.505319
2.96761
0.607691
1.20209
2.88823
0.381585
1.968
2.84482
1.59842
0.910446
1.6802
0.780047
2.47268
0.559069
0.585302
2.11703
1.48853
2.88079
0.964196
1.79171
1.50135
1.31848
1.06229
0.743559
2.86618
0.687075
0.994787
1.14928
1.28532
2.98163
0.869857
2.60367
2.41713
1.70139
1.36753
2.13292
2.58368
2.27605
1.61107
2.33048
1.11536
0.781585
1.76898
2.50036
2.07046
2.93386
2.42551
2.29716
0.86473
1.54604
2.55574
1.14911
0.35219
2.83995
2.14429
0.552831
1.49126
2.99598
2.8843
0.926511
1.93536
2.53078
1.79436
2.90874
0.885495
1.88972
1.9909
1.99116
1.54245
1.44221
1.85366
0.373211
1.09442
2.46584
0.821149
2.52361
1.58039
1.50861
2.65529
1.53912
0.763982
2.7163
1.20961
1.18722
1.95732
1.31079
2.34262
2.31861
1.931
2.0103
2.60957
1.3395
1.44922
0.374749
0.773724
2.2294
0.365349
2.06781
1.97253
2.99265
2.21794
2.41995
0.97633
2.83098
1.46247
1.28242
2.37842
2.12463
0.677932
0.757659
2.55215
2.31006
2.88515
1.99526
2.41457
2.94027
1.11348
1.83974
1.03179
0.217005
2.75586
2.71844
2.70605
1.08178
1.64602
2.95676
1.57945
1.15159
2.59923
0.508054
1.59474
2.19026
2.95112
2.48652
2.2476
0.598718
2.23375
0.688357
2.36988
0.215894
0.525742
0.692544
2.78141
0.514463
0.614185
0.324332
1.24653
2.28007
2.50566
2.27263
2.57394
1.46238
2.62401
1.44589
0.896518
2.08464
0.232301
1.05683
1.77035
2.09883
1.017
0.820722
1.92741
2.67451
0.77022
2.85661
2.72297
0.409272
0.710062
1.0781
0.312113
1.74745
0.974108
2.46242
0.595557
2.29451
1.42512
1.18235
1.96919
1.11579
1.10587
1.59295
2.31844
1.10587
0.281008
2.65597
1.29173
1.11664
2.00226
0.592993
1.0928
0.931639
0.336296
0.75313
2.02781
2.37347
2.59154
0.282376
1.64584
2.43303
2.68109
2.58368
2.10968
0.906516
0.560863
2.7539
1.03478
1.62978
1.679
2.18564
1.23354
1.79436
1.77394
2.72177
0.602307
1.63653
2.96009
2.14933
0.389447
0.984021
2.03721
0.220679
1.48084
0.948473
2.56206
0.5906
1.74087
2.45268
2.81807
1.05383
0.446956
0.277334
2.82329
2.27434
0.453963
0.718094
2.1113
2.19094
2.92685
2.73732
0.62461
0.687759
2.07832
1.49998
2.45678
1.31754
2.75031
1.78094
1.18159
1.06409
1.0752
2.13036
2.50634
2.53275
1.45563
1.68532
1.38658
0.355437
1.69874
1.71515
2.94095
1.39803
2.74458
0.587695
1.50126
2.55719
2.8244
1.84452
1.53826
2.53548
1.68669
0.471651
0.398163
2.18035
2.72937
0.654347
2.58932
2.57633
2.27409
2.10293
2.3539
0.275967
1.42188
2.63692
1.46605
2.85952
1.72617
1.71532
1.79017
2.60795
0.521299
2.20137
0.338517
1.47973
0.344414
0.646742
1.9668
2.77654
0.687417
2.58581
1.84187
1.08631
0.517026
2.7251
0.423457
0.692032
2.20034
2.91703
0.293484
1.63149
0.473275
2.2041
2.77253
0.398163
0.289895
1.02213
1.26054
0.468661
2.38893
1.44948
0.440034
1.24542
0.416022
0.789447
2.27691
2.6012
1.23986
2.37466
1.9592
2.01431
0.297415
1.67917
1.91006
1.88032
2.00808
2.42696
0.211707
1.18919
0.292373
1.18441
0.779192
0.354155
0.835078
0.723222
1.62047
1.78146
2.92745
1.84238
2.92138
1.3659
2.92762
0.335954
2.49131
1.10305
1.57757
0.39483
0.709122
1.60218
1.61158
1.1292
2.1054
1.88998
0.296133
1.09964
2.11814
1.69148
2.53736
2.74458
2.16163
2.7756
0.393976
2.79107
2.34347
1.75283
0.633753
0.936937
0.968468
1.71386
1.36958
1.69122
0.567357
1.494
2.21376
2.46071
1.98637
1.15347
2.18829
1.57065
0.276479
2.05994
2.62786
2.50558
0.319718
0.960521
2.91267
0.459517
1.52886
1.23149
0.669985
0.28229
0.359368
1.49246
1.08135
1.50861
1.97099
1.57338
2.13155
2.35911
2.97462
2.82115
2.43952
0.399701
1.00521
0.733134
1.30609
2.54711
1.4552
2.90669
1.21807
2.50737
1.50724
0.289212
2.04439
2.73647
0.204016
0.320316
2.76364
2.60897
0.692373
2.34946
2.75877
1.88246
2.97881
1.51878
1.71788
2.74646
0.93386
2.29947
1.37778
0.741252
1.48443
1.86648
2.54762
1.03674
1.32907
2.90147
0.651186
2.75595
0.71536
2.01013
1.22423
1.8329
0.817219
2.14223
2.60461
2.69212
2.64777
0.801325
0.853365
2.43508
1.64678
2.43192
0.543602
2.22452
1.48101
1.17065
2.45482
1.15116
1.99192
1.95193
2.20949
2.07233
1.63115
0.950523
1.6919
1.50827
2.92027
1.7542
2.88293
1.48545
2.47191
2.24905
2.75151
1.41299
1.7101
0.608802
0.839009
2.28024
0.227515
2.97308
1.77351
0.862935
2.31715
2.80303
1.95245
0.62555
1.41478
1.30216
1.43051
0.207263
0.992138
2.48934
2.25127
2.97881
0.235206
1.9116
0.65768
2.95804
0.247938
0.584106
1.62252
1.77163
1.11707
1.54587
1.53228
0.750481
0.776458
1.01606
1.06605
0.446016
2.40799
1.54228
2.50335
2.05482
2.11634
0.324418
0.300064
1.04016
2.81645
2.50438
0.371245
1.0364
0.869344
1.40769
1.31506
1.92459
2.60487
0.725101
1.01812
1.3671
0.468661
1.02179
1.07887
2.8878
2.33108
0.360649
2.48643
2.58607
1.69507
1.42888
1.39154
0.772185
1.94074
2.15351
0.809357
2.21077
1.94458
1.3953
2.28938
0.860543
0.209571
2.30622
1.7906
2.39791
0.445674
2.94053
1.40043
2.01124
2.93574
1.50451
2.33348
1.55424
1.0264
0.23495
2.04858
0.34467
0.681179
1.69105
2.92121
1.69763
1.23149
1.04939
2.10857
0.278957
2.86533
1.78872
0.846016
0.768084
1.38966
2.35219
2.81047
2.11617
2.20555
0.773894
0.589489
0.688443
2.83081
1.25866
1.09434
2.5777
1.11066
2.50036
2.15181
0.375433
0.852767
2.12916
1.91536
2.69075
2.0226
2.67212
0.931382
1.70079
0.439436
0.217347
2.89806
0.624097
0.908481
2.76731
1.95484
0.401666
1.52707
0.669216
1.74078
0.274087
0.702969
0.511386
0.856612
1.14236
1.4217
2.8708
1.17133
2.0003
2.70066
1.70088
1.6085
0.724503
0.366802
0.546934
0.250587
0.711771
1.09767
2.97633
0.999402
1.04845
1.85973
0.410126
2.82807
2.50284
0.284597
1.54612
1.46511
1.42401
2.11942
0.558043
1.1457
1.03905
1.68814
1.0599
1.86802
1.03153
2.3034
1.42282
1.79342
0.4931
2.16343
2.43175
2.62658
0.332621
1.47503
1.66909
1.61329
1.0311
1.13638
2.0138
2.79509
1.43136
1.12066
1.44238
0.354497
2.84781
2.49558
2.7198
0.293484
1.78505
1.61696
1.76778
2.47772
0.752959
2.83482
1.69823
0.887204
0.865072
1.84768
2.89831
2.5101
2.90771
2.4449
2.15608
2.3163
2.9683
1.97142
1.61312
1.5498
0.909592
2.65623
1.73207
1.1756
2.17736
0.938304
1.46631
1.72062
0.429096
0.730656
2.22008
2.94429
2.67195
2.75766
2.38509
0.977013
0.395514
1.90408
1.44264
1.56535
1.58987
0.714505
0.418159
2.25836
1.93288
0.977953
0.874642
1.37582
1.63773
1.13766
0.434565
0.593847
2.24555
0.662123
1.01615
2.98599
0.251955
2.71613
2.57172
1.35719
1.45469
2.26691
1.31643
0.708951
2.90985
1.36659
1.63397
2.47131
2.78398
2.34484
1.84708
2.741
1.79017
1.05093
2.24093
2.16283
0.495151
0.883273
1.12553
1.29054
0.984619
2.54266
2.12634
1.46699
0.374834
1.44674
1.28866
1.85836
1.45836
0.944798
2.38586
1.48246
2.76971
0.46849
1.01581
2.46695
1.76095
0.356804
2.67614
0.975561
1.37257
2.09327
1.40273
1.24021
0.487716
0.891562
0.962572
2.73536
0.55847
2.56915
2.38466
1.53339
0.490023
2.84311
0.618628
0.678103
0.870797
2.98992
0.909677
0.612732
0.836872
2.80303
2.47353
0.902158
0.25674
2.78731
2.06276
1.08477
1.7254
1.32839
1.4106
1.09254
2.65358
1.97304
1.13852
0.276479
2.74185
2.55873
1.51673
1.07545
0.324418
0.930784
1.06486
2.36492
2.87276
2.98291
2.17958
2.52352
2.74441
0.559069
0.776714
2.85636
2.2658
2.95651
2.73681
0.609571
2.83627
2.76279
2.13907
1.41675
2.94044
1.76924
0.474129
1.21235
0.95659
2.89541
1.82059
1.05101
2.84926
1.46195
1.57415
2.07037
2.63187
2.15163
1.71711
2.03286
2.88883
2.59359
0.21427
2.28708
1.24371
0.709378
1.52485
1.78394
1.66037
0.358684
1.41555
0.985473
1.66567
2.42166
1.46426
0.704508
0.380902
0.654604
0.840803
1.91263
0.84875
0.259047
1.15287
2.75245
1.14433
2.89848
2.74356
1.59432
0.957189
1.30216
0.229395
2.37278
1.33189
2.79432
0.465755
0.240248
1.85477
1.6831
0.72664
2.57804
0.973766
1.05067
0.68699
1.79812
0.94044
1.07836
2.79526
2.57744
0.659304
1.24738
1.8223
0.358428
0.334501
0.750395
2.17676
2.55659
1.19868
2.45294
2.17086
0.509507
1.81444
1.94057
0.627515
0.407562
2.23324
0.59154
1.41444
1.642
0.700748
1.81043
1.29216
2.80825
2.59658
1.36069
1.06588
2.20325
1.09314
0.934715
0.226319
0.251869
2.42568
2.69767
1.06759
1.50254
2.0561
2.74305
2.0708
1.22722
1.42179
2.79748
0.939415
1.86546
2.35518
2.11233
1.07468
2.34792
1.66131
2.87943
2.6781
2.73852
1.34275
2.30869
0.268874
0.832002
0.95659
1.90468
1.40453
0.744072
1.59406
1.48007
1.58962
1.73232
1.96714
2.84345
2.96343
1.28498
2.09301
1.89818
0.551463
0.31536
0.660329
2.49182
1.27046
2.499
1.56817
2.75057
2.27152
1.19141
1.72241
1.23935
2.21205
1.96381
0.778851
1.68293
2.84209
1.39419
2.11968
1.98611
1.69259
0.951463
0.95078
2.29143
0.454476
1.81043
1.60884
1.00983
1.83375
0.633412
1.16227
2.36467
2.67263
2.15958
0.998547
1.58304
0.92241
1.43478
0.279983
2.07592
1.85614
1.92373
2.16026
2.74048
1.90929
2.73929
0.645033
1.32557
2.73407
1.62705
1.38855
2.39594
0.257338
2.94377
2.30878
0.232814
1.32788
1.66524
1.31292
0.809784
1.5404
2.66315
1.81871
2.77859
2.02551
1.48596
2.1583
1.60594
1.59116
2.68485
1.15467
1.19654
2.8044
1.91784
0.355693
1.93929
2.00013
2.27374
1.61465
2.71673
1.80496
2.25033
2.90395
2.61248
2.16351
0.626405
2.2505
0.656484
2.85422
0.463619
1.47956
1.74352
1.48238
1.47648
2.85422
1.86366
0.338859
2.20812
1.49878
2.7827
0.510276
1.24858
0.29357
1.30797
2.22931
2.13412
2.52779
0.479769
1.05238
2.76364
0.598462
1.82367
1.65242
1.9715
2.84379
0.801666
2.41337
1.29301
1.99637
0.601538
0.615381
0.959667
2.94608
1.99876
2.19633
1.76377
2.0984
1.23123
1.87913
0.627003
2.41688
1.22277
1.6508
2.71314
1.23576
0.893356
2.58163
1.5204
1.33241
1.49366
1.5715
2.99282
1.94484
0.301517
0.811322
0.285281
0.623585
2.217
2.74672
0.424055
1.80393
2.79492
1.13083
1.09519
1.38718
1.25097
2.55642
2.00269
2.01841
2.58009
2.25007
2.23136
0.346721
2.92361
1.72121
0.852852
0.95753
1.32326
0.449519
2.61239
1.06323
1.19987
1.60038
1.13262
0.63965
2.6928
0.354497
0.274087
1.69643
2.39936
0.440547
1.28806
0.968383
1.65089
2.25768
2.39936
1.31549
0.662807
2.57419
2.85832
1.31882
2.09626
2.39286
2.09712
2.36022
1.36958
1.36736
2.82995
1.07298
1.25584
0.558727
0.332792
0.851485
2.90498
0.319291
0.342021
1.90622
2.42739
1.09178
0.207691
0.752788
1.17714
2.30998
0.940526
0.622645
2.87148
1.59004
1.58876
2.08097
2.88464
0.598718
1.58312
0.541722
1.65362
2.98658
1.68789
1.96655
2.73313
2.37295
1.19372
2.23358
2.23666
1.7724
1.59227
0.265798
0.202905
0.846272
0.3674
1.60534
1.42282
0.770818
1.94347
1.32087
2.66631
2.30707
1.42495
0.936766
1.0458
2.06012
1.7677
0.670669
0.854134
1.71686
0.417475
2.0667
0.413288
1.64721
0.454732
1.51254
0.673659
2.05892
1.88135
1.32822
0.298782
2.69126
2.88866
2.11241
2.17539
1.83649
0.342619
0.235377
1.68404
2.47669
2.52617
1.76599
1.2702
1.12143
1.37197
1.11861
2.05097
0.73715
1.22781
2.90993
2.99675
0.952489
0.988977
1.71079
0.42414
1.32882
1.43632
0.982482
1.5386
1.6837
1.81735
2.68349
2.76304
1.65328
1.50733
1.23474
2.59137
0.282888
1.5891
2.93224
2.50361
0.631788
2.58821
0.891134
1.27977
0.580517
1.59987
2.21325
0.6511
2.82833
1.84837
1.06076
2.42525
2.86738
1.51271
2.72869
1.02239
1.92262
2.85875
0.798163
1.96244
0.843281
2.91361
1.26311
0.237172
2.3345
1.12134
1.31421
2.30733
2.71604
2.01577
2.66922
0.461312
0.596411
0.749199
0.737065
2.87353
0.849007
2.31433
1.5034
2.89831
2.0778
0.695962
1.82341
2.13976
1.96048
2.39124
1.81239
1.63166
0.257338
0.935313
1.8188
2.86746
0.271181
0.869686
2.26887
0.21709
2.54779
0.591113
0.869259
0.867379
2.80355
1.71882
2.65708
0.624866
1.86802
2.01671
0.981628
2.1172
0.429182
0.308695
0.90925
0.931724
0.367571
1.22491
1.13501
1.0282
2.26862
0.614783
0.291519
1.76317
1.29951
1.06734
2.54129
1.06323
1.83854
1.97261
1.53946
1.88579
2.64401
2.36467
1.65618
2.10318
0.95078
2.9824
2.34424
2.54916
0.881649
0.985473
1.74044
2.16437
1.76078
2.96385
1.38872
0.978295
2.1172
2.07686
0.970605
2.26597
0.565734
0.961034
1.33318
1.01572
1.35275
1.04341
1.89972
0.446956
2.95369
0.696902
2.35151
1.71386
2.71126
1.27729
0.268532
2.9336
1.50075
1.87759
0.216492
0.276565
2.20983
1.43777
0.766546
2.05584
2.82098
0.247768
2.93685
0.952318
0.283486
2.68101
0.942491
2.11574
0.36364
1.99509
1.54194
1.87562
2.05841
2.23948
2.06601
0.803375
2.16257
2.10455
1.4188
1.85939
2.57522
1.35206
2.13753
1.76514
1.53373
2.26358
2.19727
1.93732
1.76266
2.34356
1.85033
2.32015
2.7245
1.11656
1.78633
1.65584
1.56099
0.454048
1.10075
1.12767
0.711344
1.6696
2.16001
1.31643
1.99534
1.21918
2.84935
0.604529
1.94886
2.24512
2.8931
1.76804
1.79915
1.79949
1.93185
1.29207
2.06772
1.78658
2.04738
1.74864
0.787652
0.659902
0.819953
2.17317
1.72369
2.71322
1.60748
1.17791
1.1815
2.00021
1.93262
1.33984
1.79547
2.92463
0.666652
1.99953
2.27981
0.933604
1.6966
2.61025
0.33339
2.15548
1.56304
0.972826
2.4837
2.61735
0.357488
2.89575
2.45806
0.28041
0.96505
2.41559
0.269985
2.53198
2.34091
2.31827
1.20825
1.56851
2.30801
0.495663
2.51463
0.711087
1.56313
0.677334
2.1401
2.4878
1.97936
1.07357
0.965563
2.32126
2.09199
2.66759
2.07481
2.26033
2.45533
1.89451
0.866952
1.7912
1.3583
1.04529
0.397394
2.56676
1.98628
1.13066
0.932151
0.891818
0.316214
2.14642
0.90549
2.00081
2.83303
0.673232
0.26708
1.96612
1.35445
1.353
1.40692
2.0743
1.65251
1.37479
1.44409
1.50827
2.3574
0.91113
1.86896
2.37159
1.2338
1.4411
1.3248
0.893869
0.915317
2.89729
0.316385
1.65422
1.58432
0.773894
0.434138
0.659389
0.286392
2.536
1.68003
2.11592
1.16535
2.86276
2.88353
0.731681
0.306729
1.46725
0.395001
2.78688
2.67819
0.226832
1.24405
1.0082
1.25183
1.76317
1.14946
1.68874
1
2.2082
2.37031
2.28605
1.04725
0.295535
2.18282
1.13929
0.870028
1.5128
1.77368
1.94202
2.62957
0.252895
2.73424
2.20692
2.72519
2.70331
1.74574
1.16227
0.657338
0.607605
1.04102
2.31545
1.48596
0.641102
0.431745
1.32215
0.772356
2.73339
2.48729
1.59885
1.09289
1.27891
2.25409
0.71536
1.41017
0.571886
1.50203
1.20585
2.79175
0.802094
2.08567
2.83448
2.56103
1.95065
1.60782
1.95475
0.770135
1.52177
1.97321
2.59949
2.28109
2.64973
0.819098
0.537791
1.94305
2.91634
1.61107
0.938646
0.553172
2.81893
1.1909
2.87644
2.68887
1.42384
1.76445
2.91762
2.0978
1.34523
0.516855
1.42529
0.935313
1.78462
1.04264
2.21906
1.33403
1.77009
2.57795
0.427473
1.5956
0.732621
2.82286
2.37244
2.69041
1.75599
1.14082
2.31903
1.35394
1.83854
1.52331
1.93382
0.665969
2.50438
2.10634
2.88344
0.401837
2.70117
1.427
2.41551
0.841316
1.72224
2.60778
0.756462
1.92408
2.09011
0.854732
2.56565
0.638966
0.939671
2.65947
1.68114
2.13412
1.83777
0.489084
1.39778
2.63529
1.97706
1.75531
0.711771
1.66071
0.681606
2.24725
1.57116
1.62021
0.961974
2.81705
1.16937
1.88349
2.45644
1.50493
1.91955
1.40923
2.29673
1.09246
0.345781
0.218799
2.23606
0.669558
1.53151
2.60402
2.1753
2.80457
0.758769
1.15604
0.826362
2.10395
1.37992
0.502841
0.450459
0.749199
2.15625
1.04307
2.80679
2.79927
0.701773
1.56244
1.6514
2.04396
2.27144
2.62264
0.922666
1.99902
2.12771
2.4079
2.35048
1.62653
0.727152
0.517966
2.82764
2.17214
0.361504
1.39453
1.28028
2.30305
0.491134
2.069
2.17548
0.53668
2.01047
0.718351
1.40162
2.94668
1.27985
2.31801
0.462679
1.93296
0.964281
1.87699
1.1198
2.44576
1.71386
2.74578
1.22055
2.64725
1.7254
2.88088
2.6523
2.60273
1.82205
0.957274
1.75702
1.185
1.08802
2.81372
1.14578
1.5821
0.296646
1.71822
2.04926
2.3944
0.968554
2.54403
2.14335
0.309122
0.497971
1.7401
2.78577
0.939927
1.98483
1.58577
0.20188
2.21829
2.80884
1.41675
0.958214
2.92557
2.98564
2.30921
2.65896
0.751335
2.93916
1.51023
2.60453
1.66815
0.930784
1.90194
0.549925
2.20649
1.78103
1.58646
2.29972
2.82149
2.321
2.87985
1.47588
2.73595
1.6132
0.201453
2.19949
0.84875
1.37676
2.94805
1.21978
0.695022
2.65589
2.43721
0.631275
2.04687
0.568725
0.611621
0.514292
2.34048
2.77501
1.18748
0.637257
1.71925
0.697244
2.53728
2.55898
1.27849
0.337407
2.19393
2.06618
2.29981
2.5219
1.86306
2.48703
1.66362
0.215552
0.43166
2.41517
2.42593
0.341252
0.260329
2.38312
1.14715
0.541807
0.245973
0.822773
1.76206
1.12279
0.944371
1.44999
0.775262
2.21333
0.837471
2.41064
1.97338
1.9821
0.635206
0.525999
2.63786
1.94672
0.298184
0.57539
1.04888
1.61303
2.86875
1.35206
0.866268
2.48285
1.39795
1.63166
0.575048
0.867037
2.25725
0.589062
2.38304
0.741423
2.31972
2.20342
0.759197
0.883187
1.30105
0.985046
1.79872
1.5257
0.346037
0.566759
2.80295
1.56774
0.9489
0.492074
2.86174
0.777056
2.89472
2.74185
1.82555
0.423457
1.30908
1.33377
2.45567
2.78005
1.10468
0.934971
1.13758
2.93001
1.31036
2.62247
1.5486
1.31651
1.17219
2.73117
0.264003
2.47302
2.91284
1.72608
1.09118
0.370818
1.43657
1.8358
1.51809
2.62393
0.268789
1.58569
2.4649
1.58432
2.01611
2.36731
1.52433
0.570006
1.43427
1.58253
1.28071
0.459774
2.1941
1.49912
1.29233
1.69378
1.42905
2.75535
2.52754
2.51677
2.35501
0.451656
1.23978
0.902414
1.84819
2.16702
1.0705
0.5953
2.06977
1.83521
0.76646
0.708011
1.42299
1.62269
0.299637
2.91173
2.73245
1.74121
2.37723
1.65695
2.33151
2.73612
1.72814
2.66247
0.745695
1.78505
0.755522
1.50938
1.45999
2.34723
1.94065
1.17902
2.05695
1.89818
1.58705
0.369536
0.213416
2.28947
2.49207
0.632899
2.04405
1.86999
2.93301
0.564879
2.07686
2.70647
1.95578
2.69007
0.751592
0.440291
0.753471
1.27575
0.725785
1.31968
0.921982
1.91536
0.27665
0.341679
1.78103
1.91553
0.687588
1.44555
0.346464
1.92784
1.10459
2.49113
1.74403
0.259902
0.552318
0.762358
1.64875
1.10493
2.9953
0.532493
1.74027
2.12677
0.333476
2.8279
2.96044
1.03743
2.01884
0.929075
1.16014
0.605811
2.17941
0.94608
2.72408
1.33377
0.541465
1.40521
0.760051
0.438154
1.63354
1.58483
2.24119
0.375262
2.16197
0.53856
1.88648
0.746294
0.245717
0.542405
1.5709
2.02047
2.7968
2.10293
1.84837
0.513523
0.333561
1.46554
2.77842
0.259731
0.316642
2.95941
2.24162
1.61372
1.49237
1.11579
0.933262
0.620423
0.332365
0.899252
2.22162
0.990942
1.65712
2.98727
2.05806
2.72091
1.33044
2.83645
1.92749
2.78936
2.71263
0.473531
0.826362
2.77577
1.15937
2.54856
2.0549
2.8326
1.05486
2.38526
2.01192
2.05037
2.4655
0.770391
2.37979
1.45375
2.30211
2.81636
1.68635
1.66533
0.278787
0.435163
2.03183
2.67494
1.35514
1.76249
0.968126
0.551549
2.14899
2.26742
1.51775
2.53685
0.608887
0.887374
1.92057
2.15471
2.43149
0.724418
0.894809
2.97864
1.91314
2.44038
2.40073
1.88981
0.32288
2.68913
2.49421
0.867464
0.283316
2.92326
1.05742
2.94625
2.84798
1.71173
1.39462
2.57864
1.7618
1.10775
1.27994
1.64191
1.59415
0.202393
2.84559
2.5242
1.02828
0.802948
2.89643
1.12869
1.59876
1.17304
2.24076
1.23397
2.76133
2.77193
1.22209
0.246486
1.58423
0.329801
0.441743
1.38428
2.74869
2.59906
1.85811
2.32809
1.14424
0.914975
1.25123
1.37812
1.54903
2.90771
0.839521
1.9539
1.27977
0.899423
2.23649
0.474471
0.301944
0.726725
2.9342
2.8567
1.08468
2.92446
1.30267
1.46853
1.08981
0.408161
2.49079
2.57616
1.78214
2.19453
2.21683
2.52079
0.647938
1.6943
2.43747
2.66375
1.31002
2.71886
2.2805
0.537022
2.62598
2.13446
1.43034
2.43704
1.85742
0.303995
1.35369
0.498141
0.79859
2.65289
2.35185
1.48502
2.35014
2.29605
1.42828
2.73963
0.426789
2.26529
2.95898
2.52207
1.08673
2.87242
2.35142
1.78112
2.16847
1.54664
2.2822
0.593164
2.92472
0.684341
2.09865
2.30647
1.73941
0.847639
0.373382
0.62837
0.215979
2.84943
1.59791
1.89314
2.52438
1.66276
2.6047
1.74753
0.293313
1.29276
2.90258
2.09199
1.93783
2.74655
0.516428
1.51493
1.50587
2.64042
0.714847
0.256996
1.93527
2.18137
2.01636
0.544029
1.80547
2.46046
0.859603
1.32489
1.6737
2.59462
1.72711
1.85238
0.682034
1.85614
1.30737
1.94484
0.322709
2.72561
0.685537
2.16565
2.8502
2.00722
2.94813
2.95813
1.62585
0.542747
2.59051
0.37304
1.28473
1.86281
2.51429
2.62777
0.610681
2.31134
0.601538
0.731596
1.20679
1.78325
1.25465
1.41846
2.85054
1.20987
2.28759
2.42106
1.0194
1.93228
1.3577
1.52621
0.675112
1.09776
0.324845
0.648195
2.9941
1.01923
1.32489
1.15757
1.53134
1.43256
0.945738
2.10216
0.506003
0.99154
1.49391
0.35988
2.09464
2.13685
0.937022
1.55843
0.620765
0.876437
2.91267
1.60081
0.529246
0.415595
2.78834
0.833967
0.829609
2.17342
2.36219
2.29776
2.10002
1.92348
0.790558
2.89182
1.1357
0.596411
0.330485
1.69789
1.33249
1.48169
2.48464
0.695535
1.08998
0.565905
2.33578
2.5078
2.3245
0.545567
1.45922
2.81465
1.37718
2.05131
2.3997
1.67285
1.60662
2.62162
2.30015
0.578039
1.55168
1.76283
1.87135
1.10733
0.753557
0.634181
2.48797
2.78005
2.32356
0.293655
2.00004
1.97389
1.14467
1.04367
1.24661
0.733988
1.19423
1.21286
1.05922
2.11301
0.475155
0.712967
1.74249
0.877804
1.0429
2.10669
1.61978
2.22333
2.21692
0.524802
1.0317
1.72796
0.861995
2.7709
2.77347
1.19047
1.62952
2.54899
1.35984
1.98449
2.24341
2.5536
2.50609
2.96778
1.521
1.95945
0.809186
0.585815
0.814142
0.846699
1.82136
1.40487
1.75915
1.70173
2.49823
2.71322
1.82273
0.72852
2.21427
1.82811
1.73189
2.31006
0.329032
0.945482
1.0746
1.75591
2.09413
0.970177
1.7589
0.474215
2.88678
1.56398
1.21859
1.50605
0.558556
0.849434
0.651955
1.95732
0.287075
0.806623
1.78231
0.269216
2.91651
0.599915
0.626148
1.26217
2.77569
0.673318
2.15856
0.490878
2.76176
2.65101
2.76091
0.849519
2.67554
2.68041
0.74091
0.963341
2.19667
2.45678
1.41051
2.70434
2.48643
1.96484
1.40991
2.56855
0.205127
0.976159
2.76561
0.253151
2.73254
1.33976
2.16898
0.369878
2.37654
0.702457
0.363726
1.43213
2.76142
0.498398
2.33006
1.25473
1.57868
2.04285
2.75057
1.70284
0.49216
2.36954
0.249818
2.72638
2.38167
2.84824
1.29037
2.22042
2.31425
0.221021
1.21577
2.84602
2.43089
1.09289
1.32745
0.350566
1.1351
1.51596
1.88186
2.12549
0.770989
0.704251
1.8969
2.93685
0.979492
1.71617
1.65422
2.96907
2.31895
0.942405
2.38535
0.717069
1.33753
0.4373
1.82794
1.06554
1.68729
2.9301
2.54223
1.89186
2.86311
1.15398
0.872079
2.33108
2.35834
2.53189
1.4405
1.64046
0.822175
2.85354
2.66614
1.00034
1.20679
0.38432
0.98778
2.38902
2.69178
0.441487
1.28584
2.86986
2.77364
1.07571
2.78688
0.827046
2.70767
2.29605
1.13912
1.28908
1.68934
1.47511
1.14715
0.474899
2.96343
0.572485
2.452
1.10348
0.447554
1.8129
0.245289
2.20111
2.65862
0.658193
2.50455
0.946336
0.928306
0.309549
2.2364
0.689126
0.297073
0.577184
1.41683
1.08084
0.471651
2.15633
2.71451
0.854903
0.435847
1.54501
1.2849
0.392438
0.900876
0.843965
1.92391
1.01393
2.583
2.07293
1.46648
2.13104
2.49609
1.84324
0.919932
1.5985
0.2464
0.8232
1.21739
0.402863
2.51762
1.83401
2.28024
0.224781
1.33224
2.6135
1.27686
0.613501
1.07938
1.88528
1.36496
1.11023
2.69331
2.37133
1.60414
1.05888
0.372613
1.38453
1.72848
2.44029
2.8273
0.239222
0.863875
2.86849
2.83901
0.717838
1.4799
0.886093
2.32553
0.229395
0.462252
0.696817
2.694
1.49947
0.994018
2.07157
0.47131
0.827729
1.93305
1.76633
1.60064
1.55116
1.17253
0.590173
1.98842
2.74946
0.473446
0.458834
0.892843
1.43213
0.654604
2.37295
0.33903
0.242897
2.62999
0.858235
1.14877
2.91908
0.378082
2.60479
1.97313
0.744926
0.934373
0.442427
0.714335
2.23512
1.49041
0.391839
1.92596
2.88541
0.689895
2.12566
1.57663
0.430036
2.20914
2.57966
0.367058
2.8414
0.906687
1.45059
2.98718
2.90993
2.03363
2.71869
1.29874
1.04264
2.18812
2.13053
2.43568
2.5166
2.10532
2.38287
1.80393
0.825678
2.36663
1.14168
1.1733
2.15762
1.71908
2.03636
2.6452
1.83888
2.28964
2.16522
0.286135
1.38556
2.18385
0.650417
1.01299
2.19667
2.15539
1.37958
1.31865
2.92822
1.2338
1.27122
1.82418
0.984875
2.39919
1.60269
0.246913
2.76791
0.389276
2.93642
2.77022
1.11485
0.729032
1.58381
2.80261
2.9712
2.86746
1.34258
0.715702
1.32831
2.11164
2.44627
2.34561
2.46875
2.04354
1.06255
2.64717
2.5524
2.50848
0.479
1.4881
2.18496
2.46165
2.9125
1.97082
0.603504
2.3615
2.67973
1.86802
2.11762
0.595727
2.86883
1.36172
1.64311
2.2294
0.645717
1.27182
1.56749
0.960521
2.53591
0.961632
1.5815
2.97317
0.817304
0.908737
2.51814
0.372442
0.362957
2.32792
2.2329
2.09233
1.86956
0.433711
2.16565
1.96065
2.81115
2.93147
2.62
0.210852
0.453963
0.321085
2.59821
2.92771
2.27093
0.805683
1.82888
0.912839
2.89182
0.387738
1.22576
0.860714
2.92916
0.944542
2.2135
1.12869
0.814911
2.86695
1.15979
1.79248
2.18641
1.05127
1.75027
2.87114
0.359111
0.431147
2.34322
2.01192
0.423969
1.43649
0.743132
1.52066
1.30575
2.36655
1.4294
2.42551
2.72126
2.66691
0.477804
1.06221
1.77385
0.89498
0.41269
2.26785
1.32258
2.16368
2.22692
0.270412
0.462593
0.848836
1.60748
2.96274
0.454988
0.95078
1.0041
0.246059
2.04354
0.693655
2.97812
2.5342
2.29502
0.953685
2.06934
2.50173
0.502243
0.501645
2.21871
2.96744
1.68558
1.24747
1.38325
0.397565
2.03123
0.475326
1.18253
2.51933
0.803974
1.65542
2.81192
0.327921
0.671694
1.22098
2.26204
0.980004
1.77855
2.49754
2.08131
2.6564
1.9057
2.97189
2.31827
1.08357
2.45567
0.488571
1.88255
1.20235
1.79855
0.961632
0.960692
0.468746
0.917454
0.38731
2.12591
1.27686
2.89088
2.14839
0.776885
2.19009
0.348686
0.394147
1.74608
0.268191
2.44089
1.68703
2.3122
1.77881
0.254006
1.69985
0.856441
0.778338
0.616321
0.353813
2.19923
1.25379
2.02508
2.98411
0.453963
0.308438
0.637086
1.31908
2.83798
2.48276
0.857723
2.26366
2.47404
2.29511
0.867037
0.270754
2.82508
2.29254
0.41944
0.491305
1.79462
0.89592
1.25627
2.48831
1.73386
0.530528
2.66631
1.30378
0.991455
1.12604
1.73352
2.46541
2.44379
1.47597
0.809784
1.32027
0.242726
1.54339
0.947874
1.68396
2.62008
2.99983
0.634864
1.7912
1.58338
1.08502
0.961632
2.93728
0.543687
1.47648
2.96667
2.3962
2.31015
2.05319
1.09186
0.803632
1.29079
1.24482
0.487289
2.39295
2.73604
0.850801
0.502841
1.86973
0.862423
0.618628
2.90387
0.715275
0.295022
2.86789
1.14843
1.90382
1.46452
2.0479
0.864815
0.622132
0.797223
2.71698
2.66409
1.17962
1.93698
1.62944
0.227943
2.09524
2.03277
2.61957
0.408673
1.94937
2.53395
2.76834
0.676907
1.58816
2.92702
1.74181
0.657424
2.06746
1.65328
0.788079
2.68878
1.92442
1.84495
1.28037
2.54377
1.56381
1.316
2.89276
0.850887
1.54629
0.846443
2.89857
2.75108
2.56727
1.79658
2.27639
2.72878
2.31263
1.89015
0.51207
0.55548
2.57924
2.20197
1.58517
0.482162
2.24802
0.588806
1.82529
0.417988
0.696731
1.40154
1.72805
1.63354
1.24055
2.71374
1.21662
0.92617
2.78646
2.10703
0.837129
1.38411
2.89088
1.84913
1.97501
0.887033
0.407135
1.30182
0.579492
2.88173
1.31002
2.19752
1.08545
2.96864
1.8846
0.62085
0.217261
1.43786
0.468404
2.53377
0.965307
0.892416
0.73339
0.280325
0.819355
2.69485
1.69404
2.91028
0.550011
0.575817
1.8317
1.75727
2.82183
1.94279
1.32062
0.511045
2.12899
2.42388
1.74386
2.41927
2.53882
2.98735
1.28652
2.65734
0.331596
0.771673
1.59423
1.70429
1.62397
0.966076
1.88306
0.961119
0.863363
0.476437
2.09054
2.05003
1.48101
1.91656
1.85272
1.83093
1.79137
0.260073
0.297159
1.77411
2.2247
0.692886
0.23777
1.32566
1.78077
1.6009
2.15907
2.30323
0.591711
1.23311
2.77877
2.35988
1.68028
1.17595
0.374407
1.75326
0.801923
0.776458
2.06276
1.45802
2.25836
0.453194
1.61876
2.85866
1.96902
2.43038
1.42205
1.05965
0.889084
1.63405
2.31809
1.65234
1.26131
2.88789
1.38214
2.57351
1.18808
1.14501
2.5724
1.69532
1.61312
2.89472
1.86084
2.58265
1.9985
0.280068
2.22905
0.656313
1.58552
1.26627
0.516086
0.598889
2.12685
2.19325
1.50639
2.44157
0.976928
0.455245
1.24473
1.56783
1.22893
0.84012
0.566759
1.6743
2.5847
1.26858
2.03098
1.92297
2.44619
1.0705
0.840718
2.1248
1.71549
0.734501
1.34437
1.1909
2.7909
2.6705
2.49942
1.88964
2.6464
1.52006
0.689041
2.74587
2.08267
1.55467
0.879
1.32164
0.436018
2.0978
0.501303
0.914292
2.43431
2.50831
1.45349
2.90985
0.885324
1.26353
0.598889
2.02969
1.08759
1.4793
2.95847
0.308182
0.248537
0.203162
2.37851
1.03717
1.7994
1.82076
1.86426
1.31668
0.293826
2.1101
1.56509
0.448238
2.7774
2.88319
1.39983
0.809528
2.71502
0.951976
2.30972
1.6455
0.365947
2.95599
2.7257
1.61619
2.49148
1.38855
2.23828
2.13711
2.88285
2.56069
0.657509
2.15001
2.59983
2.63837
1.64986
1.56176
1.40385
2.49225
0.73997
1.18859
2.47481
2.29596
0.465157
2.44337
1.09989
2.21171
1.66952
0.203076
2.21991
0.499338
2.52514
2.89532
1.12237
1.38821
1.86836
0.43824
2.96838
1.64713
2.03884
0.875838
1.43931
1.79145
2.20743
0.341679
0.594189
2.46524
2.58257
1.59218
0.221107
1.13348
2.08037
1.74394
0.773382
2.82491
1.44794
2.85542
1.37667
1.26088
2.82636
2.38782
2.19436
2.90908
0.94044
0.385089
1.43931
2.69759
1.70412
2.80842
1.11903
0.730058
1.82769
1.86426
0.602393
2.33621
1.61508
2.36261
0.494125
1.19671
1.33813
2.1436
1.50596
2.68084
2.97667
1.20876
1.21149
0.331425
1.30925
0.796454
1.3718
1.83897
2.94591
2.63657
0.719633
0.637428
1.28609
0.423713
2.69007
0.663833
1.99312
1.74642
1.78428
1.61594
1.76984
2.50805
0.454817
1.84657
1.02478
2.47934
0.599402
1.83316
0.815851
0.818586
