0.445589
1.49912
1.01154
2.42764
1.00291
1.35522
2.61812
2.00773
1.69139
2.3216
0.669558
2.86379
0.906687
2.48088
2.90959
2.38919
1.99645
1.00641
2.36962
0.835163
0.369536
2.18462
2.05166
1.81401
1.93578
1.0458
2.38406
1.27985
0.513352
2.49233
2.99017
0.774749
2.84226
1.2085
1.70498
0.92617
0.839265
2.24341
0.380218
2.58522
2.136
1.15091
0.411579
2.39133
1.73172
0.776543
0.329289
1.753
0.204443
0.377911
0.787225
2.02961
1.71335
0.565819
1.28874
2.10387
2.03192
1.75428
2.38688
1.93117
0.649818
0.406452
0.496091
0.254347
2.37911
2.76484
0.253835
1.2702
0.504379
1.55099
0.767656
1.63593
2.11292
2.52591
0.287588
0.603504
0.842598
1.59483
0.840034
1.86802
2.48618
2.14634
1.36044
2.31903
0.287075
1.31258
2.86302
0.68135
2.56736
1.23807
2.98479
1.6338
1.12194
2.04396
0.641017
0.791668
2.62
1.77727
2.13036
1.743
0.247682
2.02944
1.82606
2.92326
2.23273
2.51532
1.59175
2.71827
2.88601
2.89643
2.85935
2.5818
1.59893
0.739543
1.90511
0.55548
0.234095
1.09502
0.663747
2.57855
0.346037
1.38453
2.01551
1.97441
0.6699
0.684256
1.88588
2.10318
2.31579
2.69263
0.294082
1.76573
2.50617
2.66785
1.6884
1.54766
1.0934
0.42508
1.50553
1.09075
0.695535
1.67977
2.09207
0.679385
2.28759
2.22316
1.7248
2.32903
2.2852
1.22089
2.66793
1.36479
1.36001
1.71865
1.60449
2.87712
0.221363
2.64461
2.77962
0.842512
1.00521
1.99526
0.392352
1.8969
0.704337
1.49246
1.37539
0.74749
0.880282
1.5991
1.49793
0.414057
0.492758
2.38065
2.73074
1.0834
1.6843
1.90023
1.61021
0.366717
0.958556
2.03542
2.93984
1.54706
1.18816
2.20282
2.56454
2.60359
2.89156
2.07943
1.95826
1.8012
1.81436
2.20684
1.15971
1.0323
1.6543
1.1674
1.99517
0.69827
1.7665
0.618372
1.72557
0.918479
2.28656
2.87242
0.655287
2.85388
0.509079
1.11117
1.03999
2.53343
1.35992
2.92121
1.23123
1.76975
1.79744
0.436872
1.59577
0.552831
2.78304
0.580773
0.945567
1.10784
0.256655
0.686648
2.81833
2.00568
0.355437
0.594104
1.94322
1.31335
1.91228
0.901645
1.03247
1.17184
2.67315
2.86584
0.233241
1.98834
0.269216
1.63405
0.979833
1.03119
2.38261
2.29853
2.98171
0.414826
0.341765
2.85832
2.48618
2.86165
1.78581
1.57842
1.353
0.228797
1.03333
0.831574
1.47785
0.387823
2.39492
0.511472
2.50276
2.24332
0.265712
0.704935
2.55018
0.879513
0.436531
1.10938
0.319633
2.62179
0.459517
2.88455
1.0834
0.399872
2.30741
0.42508
2.51797
1.20175
0.363128
2.34202
2.11087
2.80406
1.17774
1.93937
2.079
0.367998
1.23286
0.875753
0.335527
1.28746
1.54706
0.696133
2.24426
2.87644
2.16232
1.52203
2.49763
0.884469
2.14822
0.988806
2.657
0.226917
1.36232
1.91553
2.49148
0.716813
1.60244
2.19624
2.65435
1.9874
0.5906
0.600256
1.63277
0.391583
1.6238
0.368169
2.10993
2.46661
1.53134
2.29118
1.27601
2.55035
2.17402
2.76193
2.62598
2.33826
2.52489
2.48413
1.38146
0.366973
2.56702
2.12754
0.675027
1.21372
1.24738
1.81752
2.23239
0.396539
2.92369
0.344414
0.69263
0.366118
0.540867
2.58317
0.902072
2.37355
0.376714
0.206922
0.519504
1.60355
0.592309
1.38684
2.07148
0.360137
2.42525
1.76026
2.39346
2.29203
2.66383
0.359624
1.19577
2.44508
1.43914
0.386285
1.89143
0.529759
1.9721
0.518564
1.62217
1.79163
2.71425
0.640162
2.42252
2.07011
0.518052
2.47797
1.2567
2.63649
2.47669
1.03538
2.06909
0.994958
0.666909
0.509677
1.9815
0.437727
2.63777
2.98026
0.379705
1.33847
1.87725
0.754839
2.62205
2.97385
0.698611
1.86358
2.71117
1.26012
0.581201
1.98432
0.66426
2.7915
2.40491
2.29101
2.52044
1.36855
1.61406
0.509592
2.72194
1.80444
1.15116
1.47041
0.40705
0.79483
1.99372
2.44405
1.75334
1.24174
2.53617
2.34817
1.10545
0.615638
0.250502
1.31352
2.22931
1.74642
1.66687
0.495065
2.4267
0.627259
0.507199
2.21769
0.849519
2.42354
2.81389
0.742106
1.35104
0.668532
2.90797
2.94053
1.21038
1.63909
0.215296
1.96672
0.470028
0.894382
2.79876
2.01149
0.821662
2.36808
1.23226
0.428156
0.778765
0.999487
1.45665
2.91668
0.874129
2.49301
2.25281
0.454134
0.417902
1.19141
0.369707
0.45909
2.35646
0.852425
1.34702
1.67635
2.16608
2.11446
1.4664
2.47054
2.5225
2.23956
2.87199
2.01636
1.68156
0.92241
2.09566
2.87157
2.90865
1.75018
2.82576
2.42166
1.29532
0.302884
1.55604
1.28293
0.900534
1.68156
2.55266
2.15172
1.75249
2.45003
2.3762
1.98688
1.2508
2.1806
0.397565
1.41384
2.70485
1.98816
0.74373
0.637086
2.74612
2.04251
0.511045
2.9489
0.752873
0.245289
2.48541
0.720743
2.0238
1.25918
2.40363
1.36753
1.83811
1.67678
2.99675
0.968554
0.540013
2.51745
2.05046
2.23606
0.385174
0.838154
1.12143
1.31626
0.686135
0.447554
1.74634
0.912241
0.794232
1.90912
2.18154
2.21521
2.25631
0.621961
0.710318
2.33151
2.88276
0.766802
1.75668
2.89361
2.06456
1.10348
2.84029
0.54232
1.6778
2.40919
0.613929
1.36719
2.31177
0.943431
2.41747
1.99304
1.55868
0.928306
0.387652
1.80043
2.50344
2.03072
0.961461
2.96702
2.74877
0.434309
2.40902
1.21713
2.91617
1.48972
2.03491
2.36868
2.15727
1.32822
1.28541
0.361675
2.81534
2.62914
0.797821
2.26007
2.97248
2.32579
1.23081
2.30998
1.82222
2.44012
1.91271
1.74599
2.20291
1.43068
1.94493
1.62987
1.63089
0.444649
1.3988
1.01051
0.970006
1.45819
1.64285
0.492843
2.47575
0.894723
2.43739
1.50254
1.1504
0.508396
0.435334
1.33446
2.74852
2.71963
0.725785
2.27204
2.36774
0.989831
1.25781
1.26541
1.76539
2.42508
0.982397
0.855672
2.13523
0.792779
2.75031
2.23264
2.88455
1.54185
0.201624
1.51322
1.94758
0.212561
0.887374
0.529673
2.97291
1.82367
2.05798
2.81278
2.52326
2.22367
2.15744
0.458577
1.8235
2.1959
0.861055
0.967357
2.19675
0.501987
0.692715
1.73993
0.72288
0.25392
2.26067
0.520615
1.26071
2.79962
0.548729
2.67417
1.36778
1.11186
2.30066
1.5827
1.05811
2.86712
1.93416
2.25264
2.33296
2.80064
0.42414
2.81636
0.624439
1.72771
1.79034
1.21833
1.48776
0.216407
1.62833
0.572399
2.08003
2.70049
0.321085
2.07695
1.56373
2.01944
2.16872
0.976501
2.37184
2.57377
2.27263
2.45755
2.07165
1.68208
0.814057
2.96437
2.16616
1.32848
1.76249
1.42401
2.76877
0.687246
2.05123
2.66785
1.09041
2.41201
1.06007
1.93553
1.8758
2.67733
2.83952
2.35125
1.72566
0.760906
1.716
1.05759
0.244435
0.951976
2.11549
1.49673
2.7486
0.575219
1.64166
1.52331
0.274343
1.31703
2.24785
0.840632
0.823371
1.24123
0.938902
2.64384
2.38047
1.88272
2.44183
2.5595
1.24482
1.80521
2.48028
1.36941
1.80974
2.61205
0.89404
1.00521
0.929417
1.59654
1.63773
0.700748
2.60914
2.61948
2.89737
0.39201
2.55838
2.60179
1.56313
0.249477
1.14202
2.01918
1.29498
0.631959
1.0693
2.3874
0.817817
2.54933
0.75595
2.72356
2.08592
1.7207
1.29883
2.77372
0.951891
1.51681
1.59944
2.59154
2.77911
1.47332
2.37424
0.657936
0.434138
0.662465
1.98928
2.52728
1.89818
0.610938
2.05627
2.98829
2.93207
2.2517
2.92805
1.32822
0.43636
1.19603
1.43076
1.48622
0.740825
1.01555
1.77052
0.683914
0.861312
1.21867
1.55116
2.32126
0.563598
2.01192
0.241786
0.724332
0.869002
2.13215
0.430805
1.53348
2.04097
1.03632
1.60397
2.91822
1.48938
1.33916
1.58466
1.40726
1.83059
0.382696
2.57308
0.721256
1.5404
0.427985
0.521982
0.594702
0.837043
1.15484
2.38697
2.77552
0.833027
1.15791
2.38825
2.78928
0.591455
2.92668
1.0217
1.85648
0.925913
0.395428
0.757146
1.94869
2.78099
2.35356
0.559667
1.57261
0.629823
0.800128
1.57364
2.86892
0.728605
1.93339
1.30583
2.81329
0.262636
0.860628
2.64495
1.50741
2.02337
0.917112
1.05546
0.347233
0.653835
0.680667
1.48349
0.656398
1.09904
1.97013
0.311258
0.771331
2.49934
1.11485
0.699039
2.16676
2.56462
2.78278
2.25059
0.208374
0.465926
1.8546
2.5407
0.920701
2.88361
0.631446
1.84213
2.95642
2.84644
1.26405
0.988891
2.95616
0.403803
1.48981
0.51395
2.68605
1.16381
0.766375
2.19846
0.539158
2.93745
2.88925
1.57022
1.79
1.72617
2.57932
0.489425
2.18846
2.08985
0.9301
0.358
1.68105
1.5316
0.800812
2.29066
2.84781
1.14006
1.84264
2.78543
0.440205
0.922495
2.24614
2.83089
0.610254
1.2702
1.6978
2.18778
0.615723
2.59051
1.43222
2.38167
1.19124
2.14514
1.46819
1.34548
1.97099
2.53113
2.11515
0.448921
1.75181
2.84217
1.43922
1.25123
1.58329
0.948216
1.37488
1.51613
1.67268
0.330485
2.96992
1.42649
1.29225
2.30921
0.651869
1.5351
1.07682
2.30169
0.803375
0.589489
2.89814
1.74916
1.73275
2.76937
1.10391
1.14826
2.32886
0.471993
2.31023
2.62598
1.68652
0.985815
0.332707
1.49442
0.991369
1.58663
2.24555
0.824567
0.749883
0.997009
1.35531
0.474728
1.85366
2.14394
1.47708
0.212134
0.764068
1.75334
2.30032
1.96492
1.3066
2.91959
2.6323
0.442341
2.56009
1.3853
1.306
0.360479
2.13036
1.27182
2.14121
1.91032
2.29477
2.59547
2.74424
1.10716
2.30511
2.30835
1.5357
2.65717
0.736894
1.6009
2.79346
2.38022
2.37219
2.40355
0.897031
1.22474
0.303055
2.62521
1.96253
2.31416
0.544798
1.0658
2.45473
2.66033
1.04375
1.94082
2.56394
0.982739
0.769536
1.95467
1.93501
2.47131
1.17885
0.261013
2.33706
2.72835
2.93659
0.247768
1.25909
1.72984
2.18411
1.48263
1.02205
2.04149
0.440718
1.15877
0.591797
2.92771
1.62653
0.57727
0.282974
0.591028
1.89297
2.40338
0.539756
0.580517
1.75087
2.63452
2.58137
2.20376
1.38086
2.2176
0.500021
2.98325
0.215296
0.253236
0.599316
2.59333
0.879427
2.12429
1.5586
1.11391
2.17727
1.68481
2.01363
1.8411
0.812519
1.65054
2.73869
2.28921
0.529502
0.524119
2.81859
0.424909
0.763384
1.79521
1.79889
2.5683
2.68614
1.75266
1.59962
1.19936
1.93587
0.445332
0.582311
1.50827
0.318094
0.530186
1.5568
0.525059
2.96488
2.14403
0.914634
0.468404
2.43995
0.537364
0.278274
2.14873
0.278018
0.207263
2.2523
1.26507
0.244862
1.86751
0.86379
0.632301
1.40607
1.1915
1.08126
2.37612
0.891391
0.468917
2.39765
1.53339
0.843794
2.1101
0.465413
1.09588
1.43862
1.93741
0.572655
2.73424
2.46157
1.60124
1.74505
1.63969
0.932835
2.05781
1.2637
1.32181
1.66524
0.244948
0.785003
1.19859
0.242811
1.29669
2.2505
0.817475
2.90831
1.23004
2.77355
1.54416
0.846443
2.84473
1.8916
1.95672
2.55172
2.97154
2.37031
1.383
2.56599
2.60795
1.14758
2.21846
1.47554
0.477462
2.00517
0.26144
0.254262
1.95099
1.75471
1.30506
2.63982
1.06691
1.12655
2.82055
1.8311
1.18876
0.548131
1.37223
1.995
1.23619
1.1997
1.00017
0.468233
1.82854
2.33536
2.00808
0.743559
0.27665
1.25533
1.39427
1.72643
0.762444
0.919675
1.16338
2.55061
0.2417
0.787909
2.55539
2.04021
1.60953
1.074
2.03098
1.30455
0.664089
1.60414
0.649135
2.5548
1.2079
0.263662
0.675539
1.42863
2.02277
0.221534
1.05913
2.3116
1.65678
2.92019
2.01346
0.741337
1.16039
1.61671
2.34168
1.58406
0.309122
2.86482
2.54189
0.267763
1.05059
1.12365
2.93019
1.36385
2.51344
1.08161
1.41923
1.80017
1.31489
1.68259
2.59017
1.79675
1.10596
2.84157
0.694339
1.6091
0.289895
2.03815
1.42376
2.36834
1.05315
2.57496
0.286392
2.70434
0.244777
0.687759
2.02465
1.04025
2.44354
1.29592
1.71446
0.845845
1.74813
1.58022
0.782183
0.736125
0.629994
0.575134
0.977184
0.304593
1.18526
1.96407
1.93681
0.777056
0.722367
1.06366
1.38274
0.573681
2.62564
1.58603
1.18423
1.26815
1.62884
2.76603
1.52809
1.62918
2.03952
2.43961
0.430207
0.834138
2.84875
1.46383
0.428925
2.54087
2.6658
1.86298
0.495407
1.70532
0.414399
0.889596
2.99974
1.8335
2.7286
1.38838
2.57001
2.5536
2.78398
1.44939
0.68229
2.39756
0.304935
0.539415
1.61807
1.47819
2.28255
1.89699
2.82705
1.35027
1.34164
0.78056
2.53301
0.742021
2.89532
2.7568
1.22098
1.24644
2.8226
2.81491
0.241188
2.0573
0.809101
0.297501
2.16907
0.63965
1.48579
2.83269
2.15787
0.821406
1.70506
1.85589
2.9225
0.392779
2.89096
1.70993
0.590515
1.70301
2.00064
0.909336
2.05926
0.539244
2.8361
1.95689
1.49485
2.37808
1.2414
1.50032
1.81342
1.69395
2.72519
0.816193
0.378423
1.41547
0.843965
2.4091
2.3551
2.61393
2.88541
1.91177
0.556078
2.31331
0.387567
2.67733
2.01978
2.30955
1.83367
0.646571
0.954198
2.48473
2.65665
0.48182
0.688357
1.10553
1.49468
2.15189
1.06537
0.793463
2.23264
2.1577
0.716642
0.651784
1.56757
1.78496
0.653493
1.24055
2.43653
2.17163
2.61512
2.88404
2.64315
0.977868
2.6082
1.59953
1.82085
1.24576
1.07844
2.3351
1.27105
2.43619
2.14916
0.602734
0.611963
1.03076
0.965477
2.5959
2.17744
1.48665
1.58159
1.27729
1.90211
0.529588
2.82875
0.92617
2.83132
1.57637
0.200342
2.03089
1.99184
2.67041
2.79398
2.61564
0.762444
0.720829
1.34471
0.687674
0.681692
0.230592
1.19022
0.694339
1.22841
2.10267
0.203076
0.274343
0.715275
2.71006
0.329118
2.19453
2.83132
1.21953
2.76808
2.55616
1.97048
0.554112
2.63504
2.96095
0.285366
2.78338
0.340226
0.52241
1.60218
1.12792
0.723905
0.611621
1.5345
2.96787
0.383892
0.623072
2.93454
2.03892
1.43427
0.84969
0.418415
1.40769
1.73121
1.95416
2.3028
2.61085
2.60547
0.323222
2.89096
0.946678
0.936595
2.39389
1.44572
0.307157
1.00846
2.03696
0.386456
0.73621
1.78214
0.8884
0.647682
2.90429
0.624952
1.71284
2.33741
2.28357
2.73177
1.48844
0.631104
0.414911
1.67729
1.10109
1.84144
0.450459
1.53604
2.33416
1.99825
0.362017
1.20799
0.641273
0.478573
1.40162
2.98693
0.391839
2.22358
0.401666
2.40961
2.27306
2.67844
0.302969
1.82247
0.739799
1.3959
1.8969
1.90425
2.79705
2.0373
2.77039
2.38133
2.40397
2.711
2.84072
2.57351
2.98599
1.58535
0.467464
2.20778
2.74399
2.11292
0.929844
1.53775
1.64559
0.803974
1.65516
1.20594
0.78919
0.68699
1.18851
0.886264
2.62538
2.59299
1.88896
2.74501
2.32485
0.601709
2.94095
1.95663
1.17988
0.987439
1.26781
1.11339
1.52724
1.40077
2.53557
2.76458
2.87917
2.82525
1.03307
2.92403
0.750566
2.24546
0.618201
1.38334
2.27024
2.1642
1.91596
1.26815
1.26234
1.70677
2.75578
2.47404
2.48755
2.64905
1.43692
0.621192
1.32933
0.707584
2.20897
1.76454
0.21427
1.0288
1.35343
2.89635
1.65362
0.214869
0.856526
1.67968
0.393036
1.8241
2.85866
2.2499
1.35873
2.08216
1.06845
2.12096
1.88708
1.5439
0.729972
2.63572
1.32523
1.84085
2.12907
2.79577
1.69071
1.25319
1.62739
2.10993
0.876608
1.44349
1.21098
0.297671
0.890793
2.6899
2.14172
2.68579
1.81581
2.75544
1.69806
2.3357
1.17765
1.93211
2.19342
0.938047
0.210425
1.39667
0.859175
0.313993
0.305362
0.21521
0.580602
1.35796
2.32929
0.534886
1.67174
1.06195
0.503439
1.09947
0.678103
2.05764
0.327665
2.627
1.19457
2.91344
1.8376
2.38654
1.08502
0.42508
2.88404
1.51134
0.291946
2.93659
2.92027
2.38705
2.02397
1.92869
0.385345
2.85037
1.1069
1.71361
0.571886
0.937962
2.28904
1.27191
1.86349
2.92207
0.684341
2.87054
2.43217
0.769451
0.744499
0.298099
0.880709
1.363
0.344841
1.75659
2.1201
0.822089
2.37313
1.04495
1.96595
0.259816
2.8079
2.47421
0.945738
1.11425
0.874386
1.94937
1.20056
0.791754
2.66546
1.65841
0.570946
2.3592
2.21367
2.80226
2.15445
0.222816
1.00513
0.606922
0.220167
0.332109
2.31946
1.65285
2.77167
0.443965
2.18428
0.959496
1.24123
2.98761
2.93318
0.463619
0.806793
2.86507
1.15253
0.72758
2.21666
0.326554
1.20645
2.71536
1.01051
0.857295
0.525828
1.87443
1.42444
1.81359
0.650331
2.96086
1.66593
0.545482
1.40983
1.44409
1.04879
1.34411
1.43333
1.93057
2.47379
2.75005
1.57304
2.64196
1.94168
1.36146
0.829951
2.38705
2.98932
2.079
0.970434
1.06366
2.93283
0.924204
1.01914
2.52907
2.80756
0.370647
0.617176
2.07524
1.89143
0.92335
1.83281
0.947191
0.69938
0.885495
0.411493
2.14258
1.33677
1.24935
0.854048
1.92784
1.09793
2.84849
1.50852
1.3113
1.7994
1.10955
0.865755
1.50818
2.73365
1.94091
2.04362
2.03645
2.53155
2.49507
2.24913
1.88084
0.220936
2.34305
0.20564
2.76185
1.16868
2.79816
2.73194
0.948387
1.39402
1.12604
1.86093
0.25016
0.740141
1.77949
1.68686
1.82846
1.59244
0.99436
1.92596
0.66238
1.62987
0.485238
0.580261
0.308011
1.69754
0.977612
1.09135
2.98778
0.887887
0.514206
2.37056
0.648109
2.71809
1.47306
1.89519
2.42294
1.69071
0.835078
1.45623
0.938902
2.12608
1.23764
0.946251
2.50241
2.15257
0.553514
0.574706
1.2038
0.343217
0.330143
2.4978
2.37757
2.68631
2.02961
1.45084
0.654689
0.576244
0.603589
2.97069
1.2467
1.11416
0.34467
2.795
0.896261
2.00338
0.947191
2.42696
0.334501
0.729032
1.11886
2.85166
1.08075
0.309549
1.27849
0.993164
2.42226
0.505148
2.27802
0.897971
1.81282
1.17355
1.28592
2.63418
0.526511
1.05896
1.37086
0.492074
1.0041
1.90254
2.32074
1.07597
0.530015
1.16031
0.436616
0.47148
1.27772
2.81893
1.23892
1.07973
2.16035
1.59321
2.82175
1.70182
0.923435
0.796112
1.39419
2.26486
2.72015
2.36672
1.94698
1.57449
2.00192
1.34429
1.57911
1.48255
1.16672
1.67609
1.22517
1.45631
1.99936
1.64644
2.11822
2.53924
2.54189
2.21376
0.727921
1.8869
2.63281
0.544371
2.90976
2.46994
0.351164
2.42978
1.00316
2.32758
2.20402
1.87443
1.81777
1.96193
1.29395
0.743217
1.64191
2.65973
2.30485
2.75381
1.81461
0.728007
2.74305
1.50314
2.99573
0.833283
0.87131
0.415766
1.67302
0.229737
1.37402
0.299295
2.64392
0.665114
2.38902
0.796796
1.00812
2.55138
2.14582
1.82307
0.610511
1.78752
0.446956
0.871139
2.86986
2.62273
2.42927
0.278359
2.13198
2.54642
2.64307
0.737748
2.68502
1.79316
1.68755
0.743132
1.17347
1.85025
2.63828
0.6558
2.74946
0.754582
0.305618
0.279385
0.697159
2.76791
2.96155
2.63085
1.87041
2.6153
1.57022
1.59483
2.4784
1.07759
1.76428
2.55018
2.15856
0.922752
2.79893
0.45345
2.87362
0.765007
2.32553
0.869771
2.17018
0.238026
0.820209
2.8367
2.93702
0.471822
0.505832
1.04922
1.59936
2.05824
0.603418
1.85401
2.08814
1.2943
0.552916
1.33847
0.720316
0.890451
1.83811
1.20449
0.528904
2.33134
0.455416
2.31305
2.97958
1.67541
2.66341
1.18697
2.0109
0.783294
2.84849
2.16052
1.13766
2.56026
0.948387
0.461568
2.95206
2.20043
1.06742
2.11626
2.96223
1.82247
1.52168
2.36048
1.50468
1.68097
1.95347
2.44935
1.26917
0.943345
1.35035
0.548643
1.37189
0.419697
1.40761
2.99863
0.315787
1.03119
0.270583
2.83516
1.97535
1.60679
2.29588
2.65836
0.542405
0.994702
0.866952
0.733561
2.97214
2.47575
1.90374
0.614441
0.464644
0.266823
0.301859
2.37372
0.721854
2.10199
2.1407
2.13061
1.71557
0.477633
2.09566
2.76176
1.90434
2.55129
0.495065
0.883358
0.438069
0.478317
0.256056
0.59154
1.08614
0.578295
0.939158
2.24913
1.427
1.51416
2.95813
2.80568
0.638112
0.674941
2.78304
0.739286
1.82119
2.94822
0.573339
2.90617
0.202734
1.86896
1.07973
1.18671
0.345781
2.53471
1.25012
0.215381
0.510959
0.271865
1.38009
2.48131
1.30438
1.24251
2.44285
1.28737
1.94963
1.77812
1.23721
2.65614
2.12138
1.42854
1.99175
0.668276
0.678445
2.91301
2.86106
2.92335
0.833625
1.16099
1.15279
2.60769
1.8975
1.4311
0.923264
2.2599
1.13356
1.49331
2.37723
2.51908
2.664
0.2652
1.51203
2.14394
0.96035
1.48699
1.8411
0.991369
0.259902
2.02423
2.23632
1.84033
1.0429
0.585388
1.92519
2.74963
0.908994
2.44191
0.681008
1.03674
2.59145
2.73732
1.64448
0.565563
0.843794
2.37501
0.411408
1.42965
2.54018
2.66981
1.42811
2.91933
1.32301
1.95219
0.527793
1.66012
0.339116
1.91237
2.64896
1.80957
1.59868
2.07191
2.37048
2.39996
2.29665
1.36992
1.90314
1.11493
0.633326
2.05148
2.57385
1.9874
1.07127
1.24627
2.43995
1.90493
1.96714
1.8247
0.471822
2.21316
0.314164
2.71792
0.741337
0.700577
2.13531
0.291177
0.252126
1.8564
0.461226
2.95685
1.45187
0.685623
1.83478
1.0141
2.26101
0.370818
1.67515
0.304508
1.85811
2.26759
0.642128
2.869
0.25768
0.520273
1.53766
1.19509
1.91852
0.988037
0.480197
0.841914
1.41974
1.56484
1.49203
0.829011
0.642982
1.18458
1.03538
2.57838
1.89699
2.59675
2.43482
1.99611
1.22269
0.600769
1.12485
1.88118
1.91681
2.02645
0.658193
2.04935
2.50985
1.94783
0.413971
1.5592
1.63833
1.61833
0.942405
1.22816
2.04678
1.01487
1.48332
1.62576
2.95762
1.07691
1.99739
1.53194
2.24657
1.73061
1.04546
0.447127
0.461739
2.78261
1.85554
1.74335
2.92207
2.17368
1.11297
0.440889
0.734245
1.4775
0.813544
2.60188
2.56565
1.93382
0.914805
1.52433
2.8091
0.90173
1.92485
2.52728
2.77911
2.82277
0.364238
1.91288
1.37556
1.37906
0.641359
0.692886
1.85324
2.93548
1.07528
0.668532
1.53356
0.352873
2.80637
1.84922
2.69776
0.860286
2.13061
1.99885
0.297244
0.272292
0.995984
0.497201
1.52032
1.64097
1.79803
1.70412
2.05054
1.42811
1.61175
0.411921
2.05704
2.08669
2.39833
0.577184
0.751421
2.13813
1.92288
2.31579
2.15155
0.233241
1.52203
2.75116
1.68686
0.684085
1.05802
1.70199
0.28511
0.954454
0.39671
1.79761
1.57723
1.79692
2.94805
2.40799
2.45627
0.922495
1.40444
2.1759
2.63119
2.49267
2.81765
1.1392
1.40974
0.518906
0.348259
0.430549
1.75027
2.05892
2.02799
1.74189
1.01752
0.696048
1.47024
1.74078
2.4837
2.59026
0.868575
0.427216
1.80743
1.5874
2.01807
1.81786
2.13301
2.87447
2.89968
0.744157
0.843196
2.86883
2.36253
1.35428
1.60654
2.42824
2.84431
2.30331
0.35407
0.269472
2.46447
2.62205
1.62457
1.68344
2.83055
2.45003
2.71485
0.632899
1.4922
2.22102
2.07353
1.12271
0.983593
2.48823
2.97496
2.32758
0.588549
2.37723
1.71096
2.16582
2.76843
1.65336
1.33856
2.60795
0.388165
1.59158
1.02008
1.40487
1.88101
1.23627
1.99423
1.12579
1.68464
1.0382
2.6147
0.591198
0.691604
2.05653
1.09451
2.39073
0.847468
1.5128
0.793377
1.57056
0.236232
0.885495
0.285537
0.381072
2.38979
2.13121
2.24503
2.96941
1.75915
2.62059
0.987097
1.3054
1.08494
0.777569
2.30254
1.43051
0.2047
0.60752
1.82179
0.512668
0.834138
1.90323
0.748088
2.99949
0.460115
0.715104
1.99509
0.353642
0.283316
0.874728
1.16791
2.66024
0.347148
2.35749
2.22487
1.79188
1.19073
0.872591
2.25657
2.02089
1.96441
0.868319
0.421149
0.564281
0.343559
0.739372
0.672036
0.750139
0.979748
2.82414
1.716
1.89254
1.42572
1.37864
2.64008
0.962658
1.47221
1.11715
0.842598
0.543516
2.03448
2.7028
2.30895
2.15557
0.324332
2.17966
1.26567
1.84085
0.647938
2.33185
2.45456
0.693826
2.76432
1.75685
1.06059
2.42508
1.14262
1.642
1.93442
2.24666
1.85802
1.63021
1.54356
0.765264
0.859603
2.36373
0.292972
2.37304
0.351592
2.89148
2.25076
1.01974
1.4229
2.13036
2.71604
2.45824
2.06345
0.965307
1.86853
1.84674
0.305533
2.97684
2.93523
2.19897
0.82602
1.98355
2.3128
0.965819
2.34792
1.9874
2.88302
2.24008
0.578722
1.70805
1.95868
1.46836
0.823798
0.494894
1.89733
2.96009
2.20966
2.60436
0.420551
0.278872
0.858321
1.02854
0.276223
2.20701
1.94766
1.86511
0.881307
0.765691
1.19509
0.412775
0.382525
0.384576
1.30489
0.783465
1.57236
1.90203
1.51288
1.41547
2.49848
1.68831
0.568981
1.87682
1.60303
0.376629
1.69336
0.946422
1.03051
0.29075
1.04486
2.15958
1.54057
2.85542
1.43803
2.40585
0.664003
1.87844
2.04738
2.16719
1.53963
0.791412
0.235463
1.78274
2.06789
2.13668
1.04315
2.72937
2.62188
2.98675
0.478488
0.703397
1.94911
0.586413
2.54292
0.69357
2.70596
2.70263
2.5313
1.62987
1.85777
2.17001
2.14369
0.398419
1.38693
2.52096
2.94668
2.00816
0.541465
0.986413
1.72096
1.6972
2.26623
1.75505
1.43341
1.36702
0.65016
2.17838
2.57086
0.93104
1.63089
2.41047
2.57317
1.76608
1.79077
0.767229
1.70241
2.05277
2.68391
2.89609
1.08767
1.5944
2.33177
1.43956
2.47968
1.49989
2.12309
1.88485
1.05631
2.31912
1.55809
0.882589
0.4138
2.8185
2.27161
1.1251
1.8828
2.98351
2.17582
2.67075
2.90549
2.23623
1.15698
1.60124
1.41265
2.0555
1.96655
0.300919
1.73694
1.1862
2.54121
1.44435
2.20043
1.02658
2.59248
1.17919
1.91416
0.98009
1.10023
1.19389
1.3266
1.35958
1.95074
1.95578
0.45909
2.03157
1.55381
2.40799
2.96531
0.387396
0.878488
2.01192
1.95202
2.02995
1.74488
2.42457
0.500534
2.96172
1.80726
1.89528
0.8232
1.46349
1.2696
2.07251
0.994787
1.25063
2.16761
0.705875
0.39577
2.49293
2.05695
1.13228
2.40491
1.0881
2.14411
0.832429
1.4775
1.17466
0.898141
1.14706
1.9498
2.47191
1.57988
0.437812
2.50293
1.03469
1.92681
1.58347
2.02781
1.41162
2.83123
1.69532
2.82576
0.391412
1.44819
0.542833
2.4837
1.92801
2.77236
1.17441
0.760906
1.02965
1.11921
2.82192
1.62568
1.80077
1.95014
1.57663
0.377056
1.82358
1.87776
1.72361
0.39295
2.46704
2.88874
2.82192
1.8382
2.51062
1.02273
1.81854
1.27268
1.07024
0.344157
0.483956
0.496176
0.814484
0.843794
1.45537
1.96723
1.05794
2.70938
2.77671
0.333219
2.51908
0.800555
2.22196
0.611109
2.13095
0.568297
1.68977
2.55343
2.49139
1.25285
0.556334
1.33882
0.34091
2.80141
1.87486
2.92532
1.0552
1.93997
0.707755
0.601196
1.13971
0.239308
0.881307
0.674087
2.51472
0.810553
1.44734
1.83333
0.577099
2.46866
1.94236
2.12395
1.4276
1.60226
1.32925
2.47105
1.84965
2.18573
0.510788
2.28964
1.42871
2.17163
2.90147
0.918906
2.79885
1.50177
0.545054
0.419184
2.2035
2.7733
1.86674
1.06674
1.95979
2.19761
1.74514
1.88631
2.21137
0.690066
0.393805
0.357146
0.759453
1.92801
2.53856
0.831745
0.358855
2.01278
2.57812
0.602478
1.86537
1.9768
2.01619
2.35629
2.22393
2.96941
0.452339
2.35236
0.883615
1.36129
0.818329
0.262465
2.82824
2.405
0.948302
2.4103
2.20778
2.48703
0.970605
2.74706
1.96142
0.611707
1.40709
2.90173
0.216749
0.352361
1.86981
2.44294
1.65439
1.30814
0.44012
1.09015
1.42418
2.90361
0.819868
2.81158
2.60256
2.76902
2.14044
1.94552
0.775689
1.33882
0.918052
2.88507
2.3392
0.504892
2.44328
0.260158
1.69831
2.36355
1.09041
1.95826
0.759368
1.49212
2.43713
2.31707
1.49818
1.99466
1.87819
1.83119
1.79282
2.35202
1.02478
0.306217
0.909507
1.71557
1.77342
1.00094
2.82781
1.48109
0.534202
0.292544
1.39299
2.58077
0.905063
0.40423
2.68417
0.330399
2.87943
2.93241
1.38368
2.47028
0.874899
1.10921
2.93711
2.23546
1.87127
1.34112
2.69015
2.09481
0.743388
2.35774
2.5906
0.395428
2.47883
1.71036
1.84247
2.94984
0.365691
2.75774
2.90036
2.60359
2.63999
2.27503
2.79073
2.82098
2.67776
1.82529
2.74809
0.326298
2.02235
0.63025
0.5536
2.83815
0.931639
1.87691
1.36411
2.53343
1.33446
1.39923
0.216834
0.880367
1.28242
1.87135
2.80132
2.67699
0.586413
1.84973
1.28131
2.13087
2.32331
2.80244
2.55847
2.02183
1.90117
0.261867
0.561803
1.9809
1.57176
2.24059
1.15347
2.52506
2.87515
1.84478
2.43551
2.88532
0.905918
0.425507
2.64725
