0.441145
0.803974
1.78787
0.32852
0.900961
1.58671
1.16279
0.409784
1.51698
2.32715
0.871737
2.80355
1.43871
2.25896
0.568639
1.08477
1.73121
1.01572
2.66674
2.27255
1.56244
0.619227
1.12356
0.62367
1.57082
2.72647
1.25131
1.1545
0.851143
2.62213
1.68729
2.67691
0.595813
2.44567
2.66469
2.73698
0.828669
0.338603
2.51985
1.44358
0.469771
0.400726
1.7736
2.17411
1.16791
2.94241
1.92408
2.94531
2.73877
0.320487
1.48964
1.63576
1.84555
2.24546
1.63739
0.449434
1.36103
1.04649
1.53664
2.00551
2.84678
1.58406
1.37394
2.04302
0.787567
1.094
1.5674
1.92903
1.42017
1.65499
2.11737
1.15527
0.790814
2.16266
1.83153
1.4129
0.882162
2.10113
1.36214
2.032
1.24473
0.397479
1.3918
1.57287
2.9718
2.04764
2.70656
2.1583
1.65456
1.80026
2.29229
0.53198
0.555309
2.38765
0.594189
1.6326
1.03632
2.98966
2.87464
2.26956
1.48109
1.41846
1.80709
0.289468
0.946764
1.71275
2.64589
2.01918
2.38415
0.627259
2.5066
2.17377
0.46285
0.706131
1.89545
1.41735
2.04072
1.02734
2.02662
2.16343
2.7116
2.10617
1.66234
0.202051
1.07315
1.24371
0.215552
2.34322
2.14924
0.810382
1.25208
0.860799
2.00474
2.94924
0.728349
2.12814
2.99188
1.98851
1.70455
1.0294
1.26388
1.25046
0.668532
1.33694
1.59432
1.14305
1.21021
1.64029
1.1392
2.02363
2.98094
2.21547
2.78013
2.32049
2.07832
2.82106
2.4843
1.80068
1.19304
2.00987
2.9213
1.67199
1.25336
1.54253
0.571801
0.205042
0.908139
1.29054
1.3677
0.764751
0.782611
2.21777
0.899081
2.93771
2.44696
2.82534
1.02743
2.0426
1.83324
1.05007
1.74198
1.31284
0.639735
1.00256
0.895578
0.436787
1.8593
2.93172
2.2599
1.14433
1.76898
1.00521
2.93463
1.92741
0.519333
0.891903
2.55069
2.9812
1.6608
0.533775
2.5037
1.85401
0.343132
2.09583
1.2549
0.893527
0.527879
1.28011
1.53852
1.3765
2.14924
2.39278
1.91083
2.60906
1.36155
2.55052
2.48105
0.486264
0.811835
1.81453
2.85909
0.998035
0.273318
2.23931
2.55924
1.16714
0.978381
2.22376
1.49699
0.51019
2.38808
2.35228
2.41628
1.10605
2.3363
1.1128
1.68396
0.560265
1.68515
2.28032
1.09092
0.35407
2.03029
1.15185
1.89545
0.263491
0.391668
2.22247
2.54693
1.33771
0.229908
1.88725
0.527964
2.12258
0.723734
2.75962
2.95232
2.21931
0.446358
1.5903
1.55407
0.662465
2.57941
0.577868
0.70972
0.408246
1.79974
0.855245
0.926341
0.817219
1.57996
2.74211
1.23593
0.622047
2.83619
2.34834
1.33275
1.6655
1.46332
0.719034
2.49105
2.29707
2.89524
1.10545
2.10079
1.51639
1.62517
2.15129
0.458748
2.74928
1.02683
1.78129
0.652724
1.9457
1.81154
2.78005
0.575903
2.08567
0.858919
1.24738
2.70981
2.38176
1.56108
2.11925
1.51203
1.46486
1.81393
0.940611
2.04721
2.04123
2.79714
1.27849
1.699
0.308011
1.87656
1.3618
2.59872
0.815168
1.56996
2.53677
0.610938
0.860201
0.71066
1.12391
1.71113
1.90502
2.54899
2.26571
0.393805
0.500534
0.32664
0.550609
1.74941
2.20829
0.264602
2.4032
2.2452
2.6041
0.498312
1.42487
2.45097
1.25473
2.70117
1.27652
0.343559
1.15185
2.9307
2.88686
2.03063
0.692373
2.03824
2.97633
1.32856
0.692544
1.77624
1.88306
1.43504
2.72314
1.74343
0.479342
2.13036
1.65294
2.50318
0.964281
0.547703
1.88887
2.0144
2.52267
1.74916
1.39906
1.9116
1.03444
0.343388
1.00752
2.37099
0.626234
2.18547
2.64717
2.10156
1.44828
2.59299
0.858748
1.79735
2.26725
1.31908
1.2244
2.38953
1.86084
1.51784
2.82029
2.03439
1.40282
2.93959
0.780047
2.77629
0.224952
0.995044
2.05319
2.82166
1.1439
1.92493
1.24661
2.16326
0.940355
1.31164
2.0385
0.289724
1.77838
0.572314
0.249904
2.5207
2.35168
0.269558
2.86285
2.50241
1.7448
2.87729
1.87118
2.20393
2.79705
0.240077
2.45422
0.548558
0.355608
0.763042
1.95706
0.821149
2.80671
1.56885
2.36834
1.58509
2.27084
2.6611
0.380902
1.65054
0.6511
1.93014
1.3242
0.628028
1.32113
0.839863
1.05409
0.40705
0.839692
1.63192
1.69019
0.295706
2.48148
0.685366
2.48609
2.36031
1.96894
0.870284
0.920103
2.90062
0.794659
2.73031
1.29609
0.600769
0.321085
2.93446
1.53886
2.89096
1.24473
1.83367
0.273916
2.25811
0.812775
0.960863
0.478488
2.04405
1.18005
0.710916
1.3906
1.86742
1.69284
1.4388
2.56437
2.60752
2.48737
1.41333
0.55941
2.68708
0.591198
0.463961
2.15078
0.791925
0.31442
2.75783
0.947191
1.96535
2.3175
2.34424
2.90686
0.212903
1.54441
0.906259
2.83482
1.75813
0.408759
2.15343
2.953
0.483187
0.218543
1.49596
0.828156
0.495663
2.42893
2.23666
1.34608
2.95514
2.30998
1.31839
2.41944
1.70019
1.01615
1.0646
0.716214
2.81226
1.84683
1.1498
0.697757
0.652638
2.6822
2.03858
0.451912
1.11228
0.7862
2.13001
2.0103
2.21025
2.36022
0.244777
2.83653
0.378765
2.63717
2.49293
2.17291
2.57342
1.70335
0.359282
1.33377
0.543431
2.23435
0.24546
0.831489
2.20316
1.13356
1.30284
1.42435
0.83824
2.46123
1.79803
0.772698
2.2881
2.03952
0.84499
1.19116
2.03781
1.92382
2.94343
0.584704
1.56167
2.32536
0.55941
1.6555
0.651357
1.17407
0.987182
0.268532
1.86964
2.10899
2.72835
2.06328
0.265114
2.28306
1.62679
2.9988
2.88678
2.77065
1.99697
2.52036
0.834394
1.76454
0.981628
1.83435
2.78432
2.15104
2.57872
2.77919
2.3257
2.04866
1.57261
1.77992
2.04713
2.70041
2.2094
2.77415
0.308951
2.30502
0.651784
1.5962
2.04089
1.77616
1.65234
2.1078
1.50006
2.21624
1.28216
2.56172
1.12946
0.491989
0.55266
1.28686
0.452339
1.90135
1.36736
2.18265
2.34159
0.315873
2.04226
1.90801
1.39957
0.789532
2.6311
0.854988
1.78863
1.4188
0.894211
2.99368
1.2473
1.04315
0.347148
1.87451
2.63128
2.77287
2.8279
1.87827
0.915744
1.53134
1.41906
1.99825
1.39718
1.20013
2.16326
2.44422
0.231703
1.95347
0.809357
0.554967
2.64794
0.57069
1.82581
2.70724
1.57073
0.312711
0.319889
1.9069
0.395856
0.351421
2.90088
0.953087
2.64939
0.539073
2.5213
2.85969
1.87229
2.70434
2.9389
0.823115
0.867122
2.26349
2.23213
1.42401
1.24337
1.73454
0.209485
1.34993
0.799188
0.740397
0.74937
1.72634
1.27832
2.4896
1.10699
2.74407
2.43807
2.52207
0.827815
1.06981
1.76616
2.50703
2.70391
2.72903
0.985815
0.881222
2.00953
1.14527
2.28297
0.313395
0.856526
0.227943
0.996753
0.585217
1.90374
1.39205
2.50891
2.87268
1.45982
0.799445
2.86917
2.4191
0.616578
2.50908
2.89592
1.18415
1.25097
1.4229
0.88746
0.658705
2.73074
0.515574
2.88413
0.831404
2.56522
2.23529
1.21474
1.89502
2.83491
2.16257
2.2699
1.08067
0.439949
0.416364
1.03461
0.806623
2.20385
2.89293
2.92224
0.92916
0.869686
2.62538
1.64354
2.48387
0.627772
2.95309
2.45072
1.30344
0.21034
2.78603
2.29306
1.70173
2.59231
2.85354
2.22179
0.608032
1.33446
0.823286
2.78184
0.34373
1.40786
0.580004
1.72702
0.423798
2.13548
0.749028
0.798077
1.37522
2.88968
1.75454
1.69925
1.75633
1.18253
2.09789
0.811493
1.76667
1.78701
0.74561
1.98056
0.234181
0.925315
1.51288
0.915659
1.16714
0.563512
2.73031
2.53899
2.65811
2.84866
1.68225
2.42012
1.12809
0.526255
2.70408
2.03593
0.498227
2.97684
2.42448
2.99222
0.476095
1.70592
2.64247
2.34339
1.14382
1.72907
1.92467
1.35018
0.837043
0.285965
2.41184
2.21085
2.10062
2.92352
2.5207
2.30442
2.70912
0.382952
0.830122
2.48285
0.539842
1.93211
1.43837
2.55018
0.486178
0.975732
1.27806
0.465755
1.79692
2.18556
2.87832
2.00953
1.63183
2.78517
2.25973
1.44555
1.61893
1.22756
1.0511
1.52365
2.80192
1.50408
0.91395
2.55437
0.96411
2.32006
1.36385
0.895236
1.31856
0.976843
1.07494
2.18795
2.94958
1.19705
1.35574
2.88011
2.79389
1.52903
0.683316
1.373
0.350053
1.17048
1.38394
0.729801
2.50241
2.64708
0.546849
2.68417
1.24644
0.58385
0.259731
2.48404
2.10558
0.407819
0.851997
1.11126
0.423884
0.217432
1.03469
2.41201
2.92463
2.05866
2.22401
0.476437
2.92053
2.64298
1.73583
0.405512
0.96411
1.74676
2.93847
2.20162
1.72566
0.728007
1.8523
2.12087
0.485324
1.39897
0.681948
2.82517
2.02858
2.89113
2.17103
2.6705
1.3301
1.15142
1.66328
0.269387
2.41662
2.70605
0.762615
1.46588
1.99338
1.32942
0.674001
0.45815
0.22367
2.05678
1.9175
0.609656
1.64772
1.9768
2.09968
1.88323
1.42897
1.04204
1.63157
0.837385
1.11587
2.73578
0.680496
2.9219
1.50502
2.23016
2.84243
0.609827
2.79492
0.27665
0.422773
1.10425
1.61636
1.26336
1.61483
1.15569
1.12878
2.8778
1.65935
1.13023
1.36778
0.212989
0.277334
0.662978
2.83294
0.554454
1.0605
0.836872
1.70301
1.68396
2.70775
2.822
1.26644
2.73971
1.79556
2.71536
1.15313
0.469088
2.96915
0.516599
2.95685
0.712711
0.242811
0.578381
2.23478
0.754582
0.895749
1.86759
2.67212
0.379705
2.45166
2.97727
2.79859
2.87379
2.62931
0.62367
2.2452
2.20299
0.35219
0.969066
0.328007
1.6126
0.504123
2.90464
0.347148
1.08058
2.91754
0.633924
0.787567
1.66396
2.28408
1.09263
0.810297
0.576159
1.8734
2.74219
1.22089
2.6323
0.547703
1.27533
0.302029
2.29895
0.760222
2.37142
2.09968
1.18842
2.62478
0.637342
2.94805
1.2326
0.943431
2.87387
1.82205
1.97441
0.681521
1.60278
0.305533
1.01581
0.57445
2.19359
1.36061
0.857808
2.35732
1.12715
0.687417
1.57142
0.901816
1.93339
2.26144
2.13668
1.55014
2.74014
1.43504
1.08639
0.331938
2.77236
0.792096
2.49421
1.35275
0.937022
2.14181
1.14134
1.44033
0.232814
0.640248
0.503269
2.33826
2.32143
2.8267
0.990173
2.93207
0.39765
2.16206
0.881393
0.996667
2.29716
1.05751
0.590002
1.75309
2.3774
1.78052
2.29536
1.12023
1.3107
2.02491
1.18073
2.55112
0.727238
1.53433
2.31536
1.73967
1.84332
2.36492
0.614612
0.886435
2.21495
0.775604
2.72057
0.810211
2.953
0.933006
0.235975
1.79316
0.937107
0.819013
1.15313
0.647255
0.766802
2.92762
0.911216
0.889425
1.38684
2.93984
2.72339
1.11245
0.52335
0.562828
2.20812
0.839351
2.67093
2.52232
1.16398
2.94967
0.964367
0.292886
1.92544
1.56313
2.67691
1.75847
2.3351
1.67071
1.47759
1.38479
1.57321
0.598291
2.59034
1.69635
0.478658
2.79192
1.18816
1.44196
1.00171
0.810895
0.562059
1.63824
2.42354
2.41893
1.20175
0.877804
1.78188
0.255971
2.52532
0.289468
1.73976
0.383892
1.59586
0.739116
2.5342
0.588806
2.56257
1.45674
0.843367
1.13066
1.56253
2.27947
0.208887
0.425678
2.82337
1.89622
2.65136
2.35065
2.70058
2.68263
2.91583
1.6549
2.99103
0.512583
2.5859
2.16932
1.45708
0.935911
1.10323
0.697928
1.30011
0.907028
0.529417
2.48165
1.52074
2.65409
0.688784
1.1198
1.50348
1.67575
1.9292
2.83833
1.363
1.45204
0.538047
2.79073
0.589404
2.45849
2.45183
1.68139
1.7307
1.26892
1.09494
1.19628
2.04884
0.536937
0.988037
2.13061
2.28827
1.24115
2.16086
2.49934
1.49272
0.383294
1.80778
2.71921
1.40974
1.92604
1.02478
1.14971
0.618799
2.55838
0.264003
1.07938
1.92134
2.07524
2.14309
1.24636
1.92954
2.76031
2.44841
2.17924
0.39295
2.758
1.96851
0.447468
0.998376
1.02299
0.395172
0.307498
1.98124
2.03482
2.13061
0.831916
1.4875
1.46435
0.836531
2.01055
2.02089
2.58077
0.565136
1.90963
2.51515
2.58505
1.10664
0.377483
1.56749
1.45896
2.59359
0.983251
0.3721
0.516428
1.79684
1.47691
0.88934
1.24405
1.55313
0.858406
1.78992
2.4197
2.96009
2.14206
1.71002
0.495492
1.77624
2.50506
1.15689
2.43371
0.665456
0.307071
1.39983
2.78133
2.72023
2.26836
2.88635
1.37351
0.703568
1.4934
1.51903
2.25084
0.246999
2.02935
2.13318
2.97924
1.84042
1.84469
2.70921
1.75915
2.25315
1.51639
2.26118
0.713736
1.82256
0.913779
2.7357
1.9398
2.64879
0.76552
1.86033
2.71228
0.931468
2.19803
0.479684
0.428327
0.487887
1.53185
1.71404
2.47926
0.288614
1.42529
0.280923
1.23593
2.64828
2.05029
0.915915
1.73822
0.509934
1.79026
2.62922
0.67272
1.66003
1.94638
1.73753
1.4294
0.710404
2.93984
0.806879
0.221278
1.48665
0.497543
0.845161
2.85858
0.658962
2.90959
0.281008
1.56014
1.65388
2.24392
0.467208
2.19504
0.483187
1.80914
2.04567
0.536766
1.32942
1.94894
0.311429
0.720743
0.723563
1.65875
0.313822
2.49173
0.953172
2.11079
1.03179
2.82816
2.73886
2.37483
2.96009
2.93155
1.41615
1.42299
2.44602
1.76855
1.06016
2.30579
1.91203
0.752361
0.790814
1.78564
2.10258
0.751335
1.29609
0.518223
2.69323
2.01346
2.6106
0.265883
2.59812
2.19171
1.98714
0.833027
1.11502
0.260414
2.09917
2.40953
2.44422
1.50904
2.01047
0.810724
2.31878
0.59906
0.750737
0.901047
1.2849
2.27588
2.7345
2.08806
0.968126
0.71818
1.65943
0.775689
2.66409
2.31613
2.12386
2.86353
0.990942
1.66353
2.39893
1.57928
0.341765
1.15313
0.39389
0.533177
2.07199
0.760991
2.2523
0.879855
1.36249
0.808759
0.415253
1.67729
0.494382
0.290323
1.39154
2.3286
1.87178
2.75142
2.86892
2.99556
1.53254
1.10827
0.407477
0.270156
2.48319
0.994446
1.75027
1.99312
1.39402
0.821918
2.98932
2.50455
1.59594
2.14488
2.62461
1.017
0.311515
2.11275
2.1542
1.59697
0.262123
2.40158
2.03115
1.84153
1.98552
0.409186
0.427046
1.1398
1.8035
2.70374
0.837898
2.00449
2.17599
1.31079
2.37048
1.76291
0.578893
0.429438
1.14672
1.2931
2.8449
0.561461
1.864
2.89464
1.90152
2.44422
0.74749
1.57971
1.44819
2.17257
0.533946
0.672976
0.305789
0.698868
1.92297
2.80808
2.97847
1.89682
1.33343
1.60645
2.96496
2.77877
1.00359
0.729032
1.55638
0.451485
2.4714
1.58483
0.257936
2.60145
0.672121
0.386627
1.57338
1.69199
2.89293
0.240162
1.0869
0.465755
0.218287
0.553856
2.78381
1.33497
2.50857
0.257936
1.34377
2.44995
2.9436
2.31895
2.54693
2.63222
2.77424
2.8379
0.328178
1.95997
1.51545
2.62059
1.21935
2.99368
2.02064
2.10472
0.714335
2.2282
2.87302
0.734672
2.29707
1.96116
2.3333
0.869173
0.467977
1.36189
0.28041
0.909934
1.70754
2.53189
2.78201
2.93933
1.91391
1.54125
1.73301
2.75373
2.65221
0.231361
1.40043
1.58082
1.55304
0.36834
2.71057
1.76804
2.79816
1.93766
0.316129
0.528562
2.62957
0.765178
1.28293
2.83551
1.42094
1.65396
2.83004
0.347148
2.84824
0.222303
2.36458
1.85546
1.29643
2.83269
2.44602
0.541807
2.0414
1.39709
2.71886
2.72954
2.54283
0.448408
0.250673
0.619568
1.7865
2.06259
1.51322
2.49789
2.41329
1.22192
0.24341
2.90036
2.57266
0.805255
2.82354
0.624952
1.03751
0.79295
2.21547
0.277078
1.31848
1.67421
1.68891
1.63568
1.91476
1.84426
0.579748
2.12796
0.43918
0.979064
1.31634
2.701
1.55527
0.374493
0.351164
0.375945
0.463192
1.03845
2.63563
2.57419
1.8728
1.72207
2.67545
1.70088
1.40009
0.478829
2.60367
1.07648
0.526682
1.93835
1.90929
2.69972
1.6573
0.282461
1.25926
0.333305
1.2144
1.71122
2.65007
0.397565
2.90746
0.386114
0.728092
2.16018
1.91314
2.4385
0.715275
1.70925
1.30549
0.829524
1.77727
1.59825
0.272292
1.25131
0.872506
1.04896
1.45606
1.85366
0.719547
1.80077
2.15608
1.78752
1.31891
1.69276
2.73057
2.94924
0.668874
2.6687
2.5348
1.51536
0.910959
2.48831
2.73399
0.855074
0.744243
2.4367
0.327665
0.406623
1.14416
0.316044
1.12297
0.506858
2.42508
1.00914
2.39517
2.96026
2.88276
2.70083
0.972057
2.53523
2.25529
2.24623
2.6805
2.37569
0.639222
2.97206
2.09148
0.914206
1.69857
1.19927
0.902585
2.87627
2.40432
1.97466
0.294082
1.95997
0.542405
1.0975
1.99765
1.78282
2.22649
0.730827
1.01273
0.278872
1.85366
1.28336
1.9116
1.33711
0.741508
0.449947
2.46712
1.26635
0.482162
0.898654
1.74249
2.6752
0.852425
1.49032
1.58124
0.554711
2.71656
1.52049
2.6323
1.55057
0.959239
1.26934
0.250673
1.61243
1.48776
0.347319
1.00914
2.60829
2.53813
2.32536
0.759539
1.4916
2.32493
1.93484
0.980004
1.80769
1.27174
2.52771
1.54766
0.727323
2.05918
0.881393
1.87212
1.39624
0.928477
1.0382
1.72814
0.985559
1.47853
2.66511
2.92574
1.43307
2.39244
0.422175
0.353813
1.66148
1.53288
1.42828
2.73621
1.46187
1.44281
2.10882
1.63551
1.02854
2.68853
1.51493
1.84589
1.13501
0.883871
0.802435
0.907968
1.93621
1.83247
1.55544
2.88678
2.58641
0.624525
0.243837
1.74805
2.45883
0.727836
2.70305
2.67229
0.555394
2.10805
2.72057
2.64162
2.294
0.817988
1.81991
1.43974
2.2599
1.8916
0.327921
0.800299
2.5107
1.18133
0.41269
1.24226
1.41982
2.37603
1.58065
1.92937
1.44819
2.43619
1.31891
1.89143
1.63072
0.48558
0.972741
2.34458
0.764324
2.5953
1.54228
2.84875
2.28725
1.89793
0.689297
2.23905
2.0338
1.67063
0.839265
2.66862
0.256056
2.02294
0.467122
2.50113
2.29648
1.02786
0.854732
1.58987
1.70028
0.933348
0.405683
1.88109
2.55633
0.291519
0.407733
1.67857
2.05174
1.84392
2.72784
2.9084
1.22944
2.99915
0.927964
1.7195
1.33531
1.54108
1.29096
1.35907
0.542662
0.205896
2.44106
0.859004
1.64191
0.763042
0.848238
1.27259
0.681948
2.04029
1.30481
2.59684
0.752104
0.929075
1.65892
2.31955
1.29079
2.40756
0.895322
2.32826
1.50946
1.21927
2.64965
1.51809
1.91878
2.84499
1.64277
0.436445
0.544115
1.6044
0.725358
0.901901
1.41974
0.32664
1.21713
1.7348
1.14604
0.625465
0.230335
1.53698
1.90066
0.617945
2.06439
1.25858
2.68853
1.92348
1.75881
0.688699
0.419526
1.18047
1.09246
1.20782
0.201538
1.51903
1.11621
0.539415
2.03457
2.42619
0.7069
0.238881
2.49575
0.641957
1.22995
0.45533
1.00154
2.52284
1.99731
2.70707
1.63482
2.1113
0.610254
0.803803
2.92352
0.94796
2.47259
0.258364
2.96009
1.4646
0.361675
1.52032
1.04802
2.39432
1.1474
1.3724
0.863021
0.837898
1.74317
1.02606
1.91656
1.42358
2.57821
2.45371
1.10929
0.795428
2.67956
1.09485
2.36236
1.07212
0.248537
1.27447
2.91207
0.908994
1.62243
0.870284
1.85896
1.00479
0.905661
2.3668
2.35501
0.687844
0.361077
2.43337
2.61897
2.82038
0.246144
0.364324
0.366375
0.858406
2.98342
2.71878
0.242042
1.70532
2.35176
2.89524
1.24209
2.19419
2.58658
2.58308
1.31361
0.839607
1.67558
0.623499
1.71908
1.89477
0.538389
2.22128
0.75313
0.950438
0.377825
2.04191
1.39906
1.51613
2.28827
2.53429
2.91292
1.41752
2.21196
1.41376
0.921726
1.25037
0.927451
1.24584
2.42576
1.72728
2.56035
0.265285
1.88827
2.9548
1.70096
0.570177
0.404486
0.47806
2.62034
1.22764
2.93471
2.33211
0.667678
1.22858
2.78953
0.334416
2.94044
2.22931
0.355437
1.05999
1.51177
2.41713
0.847468
2.13224
1.50562
2.23811
1.67669
2.47097
0.503525
2.12344
1.02
2.13266
1.97407
1.75334
1.77992
1.98141
1.21013
0.594189
0.521726
0.827473
1.26251
0.848323
2.77526
0.272036
2.95693
1.35223
1.08904
0.893869
1.28225
0.362102
2.02474
2.81739
2.23786
1.3636
2.07832
2.69836
2.82559
0.642213
1.51621
2.96505
1.47691
1.15484
0.914377
2.95215
1.20073
0.636146
2.18641
1.76582
2.73903
1.28028
0.889254
2.11566
0.419098
2.9342
2.7944
2.95334
0.390301
1.9392
1.11015
0.953087
1.13006
2.36108
0.54514
2.67366
0.709977
2.94258
2.19812
0.237172
1.5075
2.91882
1.86298
1.96492
1.2508
1.23098
2.53634
0.804059
2.68562
1.4781
1.31472
2.78722
2.74988
2.74142
1.86896
1.15757
1.94484
2.62136
1.48366
1.60184
0.389703
1.0241
1.04896
1.02418
1.64772
0.23401
0.992395
2.90182
2.00961
1.01068
0.737236
2.45789
0.324931
1.4476
1.07682
2.29049
0.46567
1.13031
1.85042
2.8943
2.31134
0.53104
2.70929
0.712198
0.942662
0.977526
2.15967
2.55599
1.13168
0.733647
2.67169
2.23136
2.41457
0.929246
0.238966
1.00675
1.03657
2.87686
2.57975
0.96223
0.455074
2.11198
1.16373
2.45653
1.08861
2.6963
2.85559
1.94911
2.99957
1.11869
1.55903
1.81589
0.59812
2.53437
1.25191
0.395087
0.254946
1.87674
1.59816
1.90092
0.709207
0.982397
1.52485
0.442683
0.761333
2.66435
1.95108
2.98769
2.13574
2.47242
1.45759
0.702969
2.00278
0.277847
2.48285
1.11715
1.84691
2.0197
2.23418
2.53548
1.96791
2.94967
2.70186
0.749712
2.70374
1.11485
2.76219
1.87759
1.2614
1.61423
1.15851
2.57009
2.44473
1.5662
1.34693
1.0247
1.36454
0.326298
2.19385
2.84157
1.22158
2.49148
1.91442
1.15954
1.84623
2.2276
2.03739
1.51109
2.48567
0.460372
2.38509
0.832002
2.12386
1.464
1.85606
2.26409
1.62337
1.18697
1.59697
0.388763
2.17462
0.652809
2.95249
1.72856
1.54253
0.771331
2.37928
1.15322
2.1959
0.700064
0.913266
1.43025
2.00808
0.891989
2.37586
2.15471
1.21653
2.16761
1.10784
0.497287
1.92809
1.94843
0.618458
2.8085
0.257851
1.39017
2.33647
2.71468
0.58966
2.15249
0.250673
0.345524
1.64439
0.942662
1.82897
1.52903
0.644862
2.57154
1.80068
1.59201
1.66464
0.857637
1.99278
1.8035
1.64678
1.31976
1.00487
1.49895
1.78257
1.39188
2.11207
2.7222
0.935228
2.10113
2.38201
1.22226
1.99808
0.544029
2.99539
0.644691
1.87298
0.700748
0.955309
1.35189
1.55809
0.321769
2.17471
0.7116
1.43136
2.62803
2.12745
1.09195
1.41752
2.15881
2.05345
0.798163
1.92655
1.90784
1.3025
0.590344
2.85029
2.68212
0.205298
1.0194
2.10532
2.2235
1.66046
0.818159
2.20983
1.02914
1.02239
2.38517
1.1809
2.00867
2.88037
0.999573
1.44068
0.915317
1.11374
0.204016
1.81906
2.28947
2.81337
1.99184
0.738945
1.85059
1.65371
0.238795
0.873873
0.876693
0.906601
1.61423
1.36334
1.90716
2.88071
1.61064
1.47417
0.908054
0.576586
1.52843
1.79633
0.83636
0.344926
2.45405
1.65866
2.94061
2.13258
0.467891
1.25456
0.736125
2.50788
0.321256
1.56244
2.99222
0.249648
1.8176
2.15061
1.46776
2.48968
1.33736
1.15279
2.13454
2.79312
1.94364
0.302969
2.02371
1.96825
1.70464
2.51523
2.43491
0.990429
1.27302
2.09797
2.24409
0.427558
0.357146
2.68904
0.448238
2.95651
1.72352
1.39966
2.08447
2.95608
0.766033
2.25375
0.659902
1.76539
1.68285
0.211707
1.23251
1.7947
1.89348
1.66473
1.27695
1.2749
2.5389
0.287844
1.87571
1.63619
0.697757
2.13924
2.77133
1.69959
1.5592
2.09284
0.618201
1.87272
0.587951
2.69229
2.77125
0.934031
1.92049
2.71339
0.348003
2.99496
0.628541
1.72258
2.50387
0.426704
0.688614
1.11921
2.85448
0.739799
1.89408
0.348601
2.38714
1.60303
2.34809
2.37407
1.79479
1.58962
2.97402
1.89451
0.772356
1.23901
1.88178
1.19637
1.21226
0.820038
1.427
1.92596
1.43623
2.5847
1.80068
0.870455
0.80235
1.4987
1.18628
2.43593
1.82264
0.237342
1.52356
0.307157
1.13074
1.63354
0.713651
2.58094
1.23551
0.365349
1.10656
2.45533
0.799957
2.67161
1.10459
2.36706
0.980602
0.681265
2.52309
2.06182
2.36697
2.94676
0.542662
2.48532
2.05764
2.96531
2.89327
0.383465
1.81008
1.27891
0.304508
0.29827
0.402692
2.13882
2.0637
2.04764
0.746037
2.32194
2.71433
1.5756
2.08037
2.28784
2.13736
2.46268
2.19778
1.26234
1.04854
0.379962
2.42593
0.836445
1.75292
2.17949
1.11092
1.06759
0.590686
2.70323
1.93732
2.47037
1.91476
0.602307
0.421406
0.684683
0.835847
1.45204
2.91762
1.2097
0.97257
2.64965
2.27263
1.78838
0.445503
0.784149
0.867208
0.633412
1.15074
1.96484
2.38227
0.479855
2.55223
2.99436
1.42572
2.25221
1.42863
2.2775
1.55997
0.334928
0.814228
2.7498
1.26456
1.23175
1.96962
1.31438
0.774322
2.00278
2.22034
2.67656
2.92873
0.666396
0.501303
1.66003
2.17001
2.95403
2.64426
2.69562
2.02918
2.40303
0.244862
0.96787
2.03491
1.77941
1.94946
2.30835
2.78526
2.41346
1.39504
0.721342
0.917539
1.43837
2.64426
1.83264
0.3163
1.91895
1.34941
2.74458
2.89404
0.257082
0.485665
2.58898
2.48464
0.662807
0.888485
1.86315
1.18543
1.47716
0.63495
0.436274
1.68678
0.334587
2.30519
2.7157
0.524802
2.15394
0.561718
0.657765
2.99667
1.34283
2.2846
1.91416
0.674514
0.605213
1.29883
0.997095
2.25691
1.33882
1.93339
2.75518
2.6934
2.80944
2.24708
1.64388
0.921555
1.09015
0.360137
0.880709
1.55356
2.55394
1.9298
2.97026
1.64824
0.903952
2.60453
2.48917
1.50852
2.53386
1.89784
2.21624
1.44008
1.60038
2.7169
2.29639
1.0094
0.800214
2.58385
0.325871
1.93818
1.63593
0.788165
2.44619
0.372442
1.35873
2.30707
2.13343
0.463363
1.57731
0.729972
2.37201
1.39667
1.31771
2.22828
1.49895
1.00914
1.92425
2.80338
1.60705
1.7301
2.18684
0.454219
1.79427
0.383038
2.68366
2.09934
1.54595
0.787994
0.525657
0.492416
1.73916
2.69947
1.89212
1.36813
0.555052
0.419269
2.74185
0.455757
2.58718
0.621278
1.49041
1.79889
2.0338
0.324162
2.43969
2.21726
0.261269
1.75257
0.946165
2.54975
1.82555
2.22111
1.51844
1.31472
1.64038
2.1806
1.0276
0.626832
2.57855
0.363811
2.22128
2.40551
0.594702
2.36766
0.926853
2.31476
1.85657
0.409101
0.932664
1.47093
0.572057
0.993933
2.73348
1.35557
1.60038
2.2335
0.528135
1.97142
2.53386
0.349113
0.857894
2.27896
2.5383
2.70049
2.07157
0.55078
0.240333
0.874984
1.205
2.08165
0.347063
1.57774
1.06417
1.09118
2.48772
1.65712
2.89703
0.257253
0.363213
2.20479
2.24307
1.11758
1.09297
1.26764
1.3477
0.775945
0.443538
1.30916
2.52925
0.952574
2.23042
1.75702
1.4852
0.413971
0.776373
1.57475
0.926341
2.02123
0.717582
1.79633
1.92579
2.63367
1.44221
2.15821
1.76924
2.70536
0.850801
1.36966
0.497031
1.01248
1.72497
0.756291
2.92198
2.94847
2.5918
1.21602
1.51186
2.22384
1.17261
1.62337
2.52643
0.810468
0.702628
2.62162
2.39107
1.76539
2.4085
1.53818
1.90092
0.572485
2.43286
1.9621
1.63747
2.04003
1.6919
1.32113
1.78872
1.59116
2.15437
2.39474
2.95907
2.78466
0.829011
0.901816
0.35595
1.50357
2.54813
0.700406
1.54236
0.249989
1.23431
0.335783
1.34053
2.58206
1.13937
2.47627
2.87635
0.731083
2.54087
1.17201
1.55057
1.6385
0.984448
1.27729
1.32514
0.845759
2.96163
2.56992
2.51233
2.67947
0.70596
2.90908
2.45217
1.76522
1.40043
0.566417
1.4693
1.91066
0.278957
2.46952
2.29306
1.39333
1.31284
1.6937
0.930357
1.09169
2.96719
0.94138
1.97919
0.896432
2.31698
0.545567
0.367998
1.64046
2.20837
2.53437
1.71147
0.383123
1.95441
2.49549
0.867208
1.88853
1.05093
1.17706
2.08353
0.533604
2.00158
1.96304
0.323563
0.284854
2.53924
0.959496
1.55501
1.77975
2.5301
0.231532
1.59167
1.75146
1.8499
0.52523
1.27515
1.03452
0.518052
1.21525
2.78389
1.98748
2.57787
0.213245
0.456441
2.77201
1.41085
1.9762
0.518308
2.92403
1.17184
1.15057
1.89759
2.45644
1.63234
0.391754
0.517881
0.528733
1.12066
1.89425
2.4573
1.12279
0.845247
0.371587
1.95809
0.960949
0.889084
1.02333
2.07763
0.705704
1.96279
0.625037
0.365777
0.675796
0.403717
2.88156
0.55753
2.5195
1.70899
0.578039
0.667763
0.479171
0.888998
1.269
1.67609
0.487887
2.53019
1.0405
1.18885
0.332536
0.853023
2.68485
2.26605
2.72365
1.0552
2.42363
1.80051
2.9072
2.22376
2.31886
2.63726
0.257851
0.707327
0.506601
2.6194
0.689383
1.43444
2.39415
1.94997
0.520615
0.864302
2.15445
1.65542
2.63504
1.86016
2.85926
0.938646
2.36979
1.76984
2.1847
2.61068
2.37381
2.80346
0.829951
0.785174
2.27075
2.79423
2.5847
2.02756
2.76458
1.43016
1.58227
0.941978
