0.438667
0.938047
2.0496
1.4229
1.36855
1.36684
1.56919
2.6611
2.81893
1.45529
0.985473
2.76971
1.21295
0.734074
0.301944
1.75104
0.706986
0.84593
1.25875
0.98103
1.18338
2.71374
0.776543
0.829182
1.54048
2.62179
1.66413
2.48404
1.56612
0.94514
2.17941
0.421833
1.08229
2.26657
0.229395
0.95548
2.04781
1.01718
1.79838
2.90139
1.10758
1.37872
2.18966
1.00188
0.675796
1.1856
2.47114
1.34087
0.83918
2.56317
1.70976
2.98923
2.96992
1.44016
2.18342
2.31895
1.33369
1.8734
1.7583
2.2223
1.98261
1.72138
2.21777
1.47409
0.417389
1.20423
2.1313
2.47464
2.11036
0.4884
0.251442
1.40991
0.572143
1.43333
0.424909
1.86828
2.65443
2.03593
2.00577
1.9492
1.77146
1.51382
0.359453
1.50323
2.73194
1.76103
1.04349
1.93912
1.6661
0.716471
2.25281
0.437214
2.33664
2.58094
2.31801
1.40555
0.320487
1.22158
0.843196
2.21572
2.34988
0.899765
2.67144
1.25798
1.09844
2.66144
1.66379
2.15095
0.701773
0.925913
1.08306
0.5442
2.09891
2.61239
2.76509
2.95223
1.48186
1.33933
2.26828
2.4549
0.542064
0.237001
0.588635
2.70519
0.6
1.90844
2.42611
1.0781
1.70558
0.27665
0.390985
2.80175
1.19765
2.05755
1.93835
2.10464
1.60978
0.592907
0.416364
2.21991
2.80859
2.58402
0.217859
1.88178
2.25435
2.46054
0.220765
0.552831
0.669558
2.12523
0.7069
0.418842
0.603845
1.60902
2.34484
1.3894
0.782012
2.37603
0.825593
0.741423
1.72395
2.01525
1.73771
2.0432
0.322196
2.45593
0.470284
2.99615
2.86695
2.0455
2.13036
0.432258
0.602564
2.02602
1.06238
1.70506
1.70797
0.547703
0.558641
2.30946
2.18265
1.95646
0.746037
2.97129
0.730998
0.493356
1.63764
0.841231
1.72959
2.54343
2.53753
2.83251
2.16471
1.77026
2.78415
1.33788
1.82991
2.07644
1.82264
2.36629
1.86828
2.72408
0.790472
1.53313
2.94967
1.35557
0.806281
0.744926
1.76753
2.0508
2.94822
0.213672
2.74578
2.95847
2.30981
2.63974
1.64063
1.03914
0.720914
0.599145
2.72681
2.45781
2.52027
0.775604
1.05435
0.562401
1.16843
2.87148
2.66417
2.38808
2.28827
0.836616
0.249648
1.22098
1.31959
2.65469
2.35253
1.36334
0.576843
1.91955
2.77817
1.0341
0.696133
1.04469
2.32143
0.343901
0.859774
2.53924
0.287161
1.88238
1.58586
0.989148
0.695535
0.853706
2.46986
1.38308
1.05674
2.29989
2.66623
1.21662
0.206153
0.747404
2.09746
1.21602
1.48451
1.81641
2.77765
1.71668
2.95189
1.52801
2.63897
1.93467
1.32267
2.84952
0.847041
1.16928
1.30951
2.0132
1.39513
2.37253
1.06298
1.74676
0.361333
0.324931
1.39496
0.753386
2.41987
2.4543
1.07332
2.57812
1.59073
2.93412
0.674599
1.59859
2.61812
2.90088
2.48361
0.477633
1.16219
0.226405
0.925657
2.81525
1.99466
2.4837
1.42119
1.73634
1.78291
0.541551
0.547362
0.554027
1.65242
1.22978
1.79744
2.24367
1.31369
0.507541
2.62205
1.06657
0.741166
1.1762
1.84324
2.68032
0.392694
1.37163
2.32579
2.47302
0.755608
1.87494
1.99526
1.65986
0.608289
0.478915
1.28951
2.07866
0.383721
1.84717
0.531468
0.421491
1.62303
2.70323
1.3101
1.24174
0.505832
0.388507
2.1577
2.27178
2.84678
1.42555
2.61094
2.19043
2.54249
2.52344
0.342705
1.17697
1.2602
1.86469
1.05307
2.3897
2.95283
1.90972
0.605213
1.50545
2.18855
2.75646
1.0963
0.459004
0.683572
0.493527
0.748772
1.71933
1.02435
0.783465
2.50993
2.43918
0.766973
0.514035
0.848238
0.817219
0.301688
0.954967
2.83337
0.409442
2.8696
2.45789
0.985986
2.32638
0.518992
2.13634
1.58782
1.85529
2.79013
0.564025
0.736979
1.84435
1.11288
2.52873
0.636744
0.58479
1.30882
1.07853
0.405683
2.93164
0.381414
2.69912
0.696731
1.19645
0.784918
1.65883
1.21141
2.55394
2.75749
0.55941
2.39876
1.89605
0.70596
1.92912
1.62431
2.07404
2.6323
0.696902
0.698611
2.86388
0.585388
0.38432
1.05136
1.79402
0.729032
1.65319
0.63871
0.971972
1.81171
2.84533
2.47268
1.44785
2.62606
0.354155
1.25806
1.65157
2.84644
0.463106
2.82662
1.0429
2.23025
2.49002
0.853706
0.309635
1.77274
1.27421
1.94664
2.05294
0.600684
2.44448
1.19167
0.496774
0.594018
0.504465
2.0467
0.559496
1.32198
2.77458
2.26785
1.62397
2.88208
1.62474
0.557103
0.34467
2.02781
0.440461
1.61867
1.02974
1.97543
1.35454
1.511
1.13305
1.67396
1.3853
0.982568
1.99765
1.72839
0.217518
0.679556
1.18389
1.16244
1.86435
0.710575
2.52335
2.60889
2.24597
0.458663
0.233326
2.91438
0.925144
1.52707
1.23157
0.746892
1.03504
1.30446
2.7868
0.99342
2.03721
2.44115
0.843709
2.73365
2.54822
0.519077
2.16061
0.979833
1.07127
0.407221
0.794574
2.9689
0.671181
1.18697
1.2749
2.39321
2.62957
2.93651
1.39991
1.96022
0.717411
0.460884
2.99547
2.46601
0.324845
0.456868
2.77338
1.17133
1.28199
1.99739
0.825678
1.66755
2.21102
2.02517
1.29378
2.42021
1.6467
2.143
0.749113
2.57676
0.561547
2.78697
0.422602
0.627601
1.13476
0.270412
1.42162
2.10609
0.80047
0.787994
2.2705
0.716044
1.61551
2.46405
2.71331
2.27468
0.381072
1.53553
2.3151
2.65734
1.95885
1.75599
0.600855
0.331938
1.61611
1.90827
1.26789
2.27161
1.24021
2.11241
2.01004
0.230934
2.45738
1.01829
0.491391
2.17582
2.29511
2.16881
0.80705
0.651869
1.62517
1.62141
0.566759
2.08173
1.62388
0.316385
1.74181
1.57543
1.28849
2.07832
0.210254
2.04473
2.04636
1.53818
2.73929
1.40615
1.69421
1.26533
1.14108
1.86221
0.506345
0.794232
2.74194
1.44631
1.74702
2.43576
2.09831
2.22179
1.42683
1.75856
1.50194
0.918735
2.73903
2.03029
1.60773
2.00004
2.41414
0.903952
2.52361
2.1407
1.22952
2.63837
1.09989
2.91079
2.7128
1.33899
2.35518
0.647084
1.87451
2.50882
2.77646
1.9034
0.810297
0.393292
2.63102
2.26417
2.60684
0.810981
2.22769
2.11156
0.791839
1.3536
2.8643
2.73245
2.56505
1.8458
0.999915
0.351421
2.24495
1.75001
1.98859
2.68067
1.97389
1.40615
2.71228
1.57022
1.71386
2.99128
0.250331
1.9492
2.37381
2.88849
1.12399
1.44443
2.90472
2.15155
1.45119
1.26311
1.60013
1.55339
2.15198
1.52869
2.03986
2.30562
1.53971
2.85593
0.31348
1.33651
1.43734
0.953771
1.56287
2.2153
2.75424
1.64285
0.479
2.60974
1.46323
1.0752
1.79291
1.76514
2.91429
0.544371
1.39607
2.8919
1.02162
0.671865
1.32959
0.748515
1.86358
2.35971
1.67823
2.10959
1.83059
1.29413
0.607691
2.20333
2.66144
0.590002
1.58253
1.20867
1.5016
0.362358
0.201709
0.698184
1.92553
2.81226
2.88968
2.51472
0.856355
2.81568
2.28067
0.36834
2.92386
2.60205
0.733219
0.643751
0.394659
0.909848
1.21269
1.10135
1.01683
0.807562
0.979577
0.363982
2.711
0.566332
2.52002
0.473275
0.249818
0.572997
1.55757
2.60598
1.26165
1.87016
2.98291
0.234693
2.29494
1.31147
2.13822
0.623927
0.282546
0.918735
1.89545
0.546165
1.34326
2.82918
2.96437
0.306644
1.45597
1.82008
1.46922
1.56475
1.74736
2.79825
1.23021
0.238282
2.12762
2.44149
1.98859
1.17953
2.4132
1.58039
1.81145
1.50946
2.27417
1.5075
2.91532
2.89797
1.14236
0.400555
0.344414
2.47815
0.620167
1.84922
1.54288
0.281179
2.12446
1.2702
0.256142
0.880453
2.3057
1.40154
0.401581
2.33066
1.37872
0.260244
2.14386
0.491818
1.70267
2.75279
1.01316
1.8235
0.547105
2.12549
1.90476
2.73792
1.98304
2.04234
0.795257
1.39889
1.43555
0.277163
0.41568
2.85524
1.43521
2.00927
1.5163
2.19376
0.906772
0.506943
2.36287
1.80248
2.53172
1.59098
1.30019
2.62871
2.92241
1.66012
1.42145
0.321342
1.74591
1.27148
0.980688
1.74411
2.93463
0.458919
2.18539
0.347233
2.11993
1.77983
2.40679
1.48588
0.629225
0.876266
0.446785
2.57078
0.980944
1.73865
1.49656
2.34151
1.81709
2.85909
0.226148
2.94779
0.409186
2.66238
1.24243
0.725956
1.07674
1.20158
0.351592
2.16112
1.25448
1.70592
2.66571
2.1178
1.14638
2.9689
0.988635
2.83149
0.303824
2.96308
1.72113
2.34467
1.86597
1.87041
2.1201
2.87772
1.79846
2.51472
0.55172
1.41965
0.669814
1.98329
2.37535
1.82854
1.30113
0.427387
2.29366
2.32715
1.82828
1.22585
1.01043
0.482931
0.712967
0.502158
0.630079
0.358513
0.840376
1.78103
0.237684
2.32143
1.24132
0.572228
0.497201
2.19863
2.77577
2.66973
2.30536
2.66665
2.31613
1.35198
2.73783
1.96099
1.76667
2.47421
1.32694
1.99483
0.857637
0.235206
0.306217
0.974194
2.85072
1.01196
0.66144
1.39607
2.0937
0.843709
2.82363
1.31788
2.16249
2.7586
2.64298
2.5859
2.72647
1.92536
2.68152
1.10861
1.07605
2.42158
1.4599
1.26567
2.44978
2.00303
0.297842
2.73561
1.09707
0.263576
1.58517
1.83401
1.81666
2.97257
1.72062
0.446699
1.90519
2.37603
2.95582
0.247255
0.456185
1.45153
2.583
0.484725
2.54557
0.3022
0.502243
2.23093
1.24063
1.47776
0.407819
0.972997
2.97189
2.81124
0.828584
1.24021
0.802863
0.957274
1.66276
1.55125
0.337919
2.22102
2.84191
2.97095
2.80346
2.26332
1.16424
0.761846
2.44038
1.27191
1.13202
1.22089
0.747575
2.18419
1.03281
0.785601
2.31023
2.55018
0.901132
0.30032
0.353044
0.42226
1.99756
2.72767
0.755608
2.46123
2.44379
2.79329
0.266311
1.44221
0.650587
0.853194
1.25362
0.953343
2.7762
1.86811
1.13066
1.26917
1.0523
0.974194
2.39269
1.79094
0.416108
0.53856
1.00273
1.23756
1.4852
1.38436
1.86477
0.577953
0.512497
1.8752
2.32023
1.08938
1.15954
0.745695
0.807306
2.53155
0.725272
0.965477
2.41867
2.22247
1.66738
2.1242
2.89583
2.805
2.65486
1.02529
1.19868
1.48938
0.38731
1.97586
2.58573
2.16189
1.22175
0.459774
0.743645
0.745268
1.03965
0.482589
1.70455
1.99893
2.39688
1.27421
2.48618
1.34676
2.19034
2.43824
1.19449
1.11972
2.08037
2.43482
1.92561
0.400299
2.90626
0.284341
1.60406
2.65794
1.73189
0.580004
0.495407
2.76048
0.359624
0.896347
1.13074
0.351079
1.95005
0.881137
0.98009
1.17817
1.78308
0.919163
2.41286
2.96377
2.00209
1.65345
0.482333
3
0.373553
0.253407
2.87208
1.66088
2.50387
0.316813
0.540696
2.61555
1.94792
0.491391
2.20513
0.731596
2.84918
1.10716
0.795941
0.456441
1.54681
2.3028
1.82649
2.46242
1.7894
2.13702
1.40914
1.34488
2.39013
1.7706
1.86024
2.16052
1.16364
1.00649
0.227943
0.591797
1.5809
2.47729
1.2825
1.72762
1.57817
2.16454
1.50485
2.64529
1.36069
1.3407
1.21329
2.583
1.23576
0.819098
2.56334
2.28913
1.11399
1.39974
2.95915
0.336979
0.716044
2.19915
0.415424
1.19141
0.922581
1.15074
0.804828
0.814997
2.50464
0.564708
1.52954
1.00256
2.67101
2.43303
0.355779
1.42991
2.4731
1.96834
1.14646
1.00427
0.30032
0.46473
0.830634
2.30639
1.30848
1.16569
2.14762
0.307498
1.21372
0.829353
2.90258
2.3539
2.29348
2.27682
0.671352
1.80111
0.430207
1.81128
2.89225
2.69032
1.03521
1.99662
2.88105
1.05025
2.69041
0.881393
1.30959
0.615296
0.745781
2.55651
2.88156
2.14497
2.91028
2.93395
0.546251
2.13377
2.67161
1.23448
2.98667
1.69831
0.586157
2.27127
2.91788
2.62922
2.47285
1.21671
0.736381
2.59513
0.549925
2.741
0.655373
2.8872
0.9536
1.80846
1.464
1.49015
2.87293
0.420978
2.64862
1.669
1.14134
1.59432
0.413288
0.456868
1.52091
1.65576
2.73732
1.23465
2.9166
0.550182
1.60577
0.785516
2.95907
0.842427
1.55373
0.616749
0.792523
1.10331
0.65768
1.33181
0.306217
1.96637
0.715104
1.84384
1.64508
2.54377
1.54749
1.41521
1.03991
2.6875
2.96548
1.11331
0.791925
2.78509
2.93292
2.66751
1.85076
2.57573
1.46776
1.31592
0.422773
1.87537
1.61782
1.43093
0.24734
1.89759
0.246486
1.10801
0.378851
1.65824
1.97005
2.50737
0.911045
2.15146
1.37949
2.53583
0.482675
1.58372
0.488058
1.05571
2.80038
2.75424
0.940098
0.808588
0.417304
1.86905
1.51852
2.64127
0.605469
2.27631
2.08985
1.02196
2.75689
2.80987
2.52301
0.233497
0.553941
1.42863
0.519932
0.231617
2.34535
0.240761
2.09558
0.555052
2.96411
2.19769
1.04401
2.07644
1.22679
2.34698
2.72989
1.77958
1.95048
0.331938
0.940013
2.35219
1.52502
0.624354
2.7363
0.980602
2.27853
1.97791
1.64268
1.53484
1.47306
1.39094
2.50916
0.530015
2.96881
2.86533
1.18517
2.25401
2.99299
0.247768
2.7439
2.24606
0.852168
2.84405
0.991882
2.91634
2.82551
0.289724
0.204187
0.49216
2.87439
2.56932
1.82025
1.47921
0.809699
1.26652
0.639393
2.22538
2.3504
1.93809
2.85319
0.973852
2.9131
1.69378
1.25148
1.1944
0.369536
0.274599
1.14091
2.77885
2.21034
2.71348
1.51211
1.4887
2.34997
1.06682
2.59368
1.64371
2.2141
2.50566
0.330229
0.836274
0.94326
1.65183
2.52326
2.06225
1.35377
0.848665
1.96902
0.85251
1.28951
1.45204
2.93574
2.79603
0.205896
2.63059
2.71297
2.23845
1.82136
0.761248
2.1736
2.74758
0.673489
0.709635
0.28511
1.72916
0.619312
1.2802
1.70746
2.98428
2.71553
2.52583
0.81457
1.99252
2.11626
2.80303
2.07891
2.11139
1.427
2.46123
0.953429
0.877035
1.75163
1.65268
1.99218
1.79564
1.26858
0.75125
1.14364
2.01124
1.77693
2.06721
0.55659
2.83892
2.64614
1.74557
2.43491
1.95082
2.21
1.33557
2.67887
0.201025
2.84038
2.71895
0.851228
1.47844
0.539415
1.88366
2.40474
2.17411
2.88678
1.23217
1.70857
1.85119
2.97992
2.71006
0.211792
0.904807
0.805084
1.44332
0.681521
2.79927
2.47635
0.972143
1.05153
0.669216
1.97919
2.56804
1.62123
2.27477
1.85871
0.921897
1.541
0.294937
1.88648
0.291092
1.12168
0.749626
0.946849
2.19214
2.70579
2.53548
2.77791
1.12715
1.43777
1.66447
0.80517
1.03196
0.671609
2.79295
2.70724
2.13155
1.35189
2.42679
2.74723
1.6931
2.90694
1.99227
1.7113
0.361248
1.3912
1.15937
2.09011
1.56569
2.81457
1.60406
2.73937
1.28609
0.995044
2.39893
1.8599
0.464217
2.27451
0.417988
1.73258
0.949156
1.63217
2.14437
1.64576
0.463533
0.935826
1.46691
0.454048
0.678445
1.86742
2.65537
0.804572
1.88468
2.65896
1.09938
2.86866
1.14715
1.17945
1.00068
2.01619
1.03076
2.7075
2.20402
0.671865
0.984875
1.32779
1.75659
1.18748
0.873275
0.490793
1.18193
1.17073
2.73877
2.46994
0.655458
2.90737
1.08759
1.4564
1.87118
2.31245
0.98385
2.42841
0.784149
2.65136
1.03897
2.53147
0.41944
1.66456
2.98488
1.90827
2.53224
2.93659
1.71882
0.315445
2.70801
2.94463
0.706217
1.66405
0.890622
1.82589
1.03016
2.42235
1.52467
0.49968
0.573766
2.81722
1.30019
1.38317
2.02423
2.7727
0.287588
0.536424
1.78522
1.92279
0.849776
2.47746
0.485495
2.03568
2.11874
0.700235
1.57116
0.387225
2.02499
2.73809
2.26862
0.421577
0.666738
0.805341
2.20632
0.235292
0.206323
0.45909
0.383209
2.02397
0.681265
2.71442
2.97001
0.227174
0.918137
1.65405
1.43128
2.71143
1.1357
2.16796
2.25742
0.725614
2.42636
2.26059
0.59154
0.77022
2.50096
0.564367
1.4405
0.513523
2.48746
1.49536
0.356633
2.29656
1.76847
0.289724
2.07874
2.36065
1.24661
1.55843
0.218287
1.73813
0.424396
0.396881
2.08028
2.14095
0.286563
2.08823
2.10387
1.98697
2.97248
1.03589
2.01286
0.699979
0.625379
0.565819
0.761504
1.22149
0.407392
2.6329
1.96441
2.07191
2.46558
1.47033
1.0969
2.49831
0.23871
2.62059
2.95471
0.846529
1.09186
0.582824
0.858748
1.29481
2.26409
0.917283
1.69524
0.686819
1.32027
0.441401
0.274685
1.40128
1.29216
2.95719
1.10135
2.39603
2.89626
0.945909
2.2376
0.363042
2.81713
0.669387
2.9524
0.73433
1.64294
1.51263
0.240931
0.472506
1.24089
1.40829
2.30271
1.18705
0.75988
0.778594
1.66533
0.511557
1.84777
1.23277
0.442854
0.680837
1.47152
2.257
2.41414
1.84375
2.52694
0.535826
2.81055
2.25144
1.02529
0.740996
2.49934
0.85627
2.44619
0.424995
1.8511
2.06071
0.840376
2.65922
0.977612
1.35232
1.2755
2.25101
0.829011
1.96381
2.40611
1.97979
1.03649
2.09344
2.96069
1.8881
2.98872
2.82636
2.13001
1.26558
2.82978
1.49109
1.64593
1.16381
2.46507
0.991626
1.93689
2.27862
0.86379
2.64982
2.94847
2.83824
2.1448
1.89801
2.01671
2.53454
2.73348
1.95834
2.18086
0.333903
2.47738
0.445674
0.92335
0.607605
2.00799
0.432685
0.725187
1.41572
0.435676
0.914121
0.222901
1.78564
0.466695
1.40778
1.75633
1.82008
1.42743
0.829438
2.49242
1.67387
1.28558
2.97992
2.11523
1.23516
2.15531
0.380987
2.66759
0.950523
1.17236
1.99868
2.73245
2.83029
0.428755
0.989404
0.742021
0.871053
1.05315
1.20953
1.2015
1.93544
1.12459
1.4229
2.21521
1.92271
1.70797
2.7457
2.90258
0.271438
1.49759
2.66511
0.691092
2.82961
1.1568
1.97031
0.275369
0.929417
0.641871
1.93194
1.42666
2.70699
2.1959
1.26883
1.44358
0.900192
2.30203
1.03888
1.82999
0.76646
2.08285
1.79128
1.7871
0.754497
2.63316
1.11835
1.70891
1.97013
0.773467
1.14399
2.06635
0.672121
2.11284
0.486349
1.26969
0.635633
2.5072
2.63222
0.295193
2.42209
2.40141
1.26029
0.864901
0.790643
2.34296
2.45208
2.16496
0.491903
2.15309
2.32579
2.49259
0.477718
2.4455
2.43303
2.41713
1.56783
2.9771
1.05392
1.84392
1.60876
2.12113
0.72963
1.56731
2.36373
0.348173
0.968554
1.70207
0.569921
0.803546
2.4643
1.97859
1.40162
1.46802
2.96343
1.89092
1.5762
2.78996
2.71886
2.88481
2.74082
2.87584
2.46909
2.17274
2.37629
1.32677
0.677078
2.76407
0.457637
0.609314
0.970605
1.29729
2.70681
0.846016
2.91711
0.662294
2.67554
2.116
1.07451
0.6
1.89742
1.75061
1.85298
2.0667
2.74424
0.71348
1.92579
0.950523
2.42559
0.950865
2.12737
1.32865
1.16971
2.2012
0.575219
1.45076
2.62094
2.55018
2.55369
2.23803
2.69391
2.82047
2.09677
2.684
0.919846
2.28092
0.808075
1.14587
2.5242
2.56616
2.05448
0.512668
0.470797
1.69054
1.27174
2.63837
0.913352
0.647169
2.91976
1.2273
2.8884
1.67729
0.8232
0.559752
1.28908
1.09793
2.8385
2.04465
2.35809
0.576415
2.98018
2.78654
0.333732
0.538389
1.54834
1.35608
2.49148
2.39611
1.59201
1.74984
0.813886
2.88609
1.04623
2.32655
2.73031
1.60278
1.28208
2.70989
2.36022
2.21589
1.00479
1.44221
1.90143
0.458065
1.83948
0.578893
0.997009
0.972143
2.94018
1.20953
2.12164
2.90404
2.56146
0.494552
0.222132
1.92886
0.728776
2.2035
1.85221
1.79915
1.34574
0.943602
2.83645
1.90058
2.2752
2.46584
0.503269
1.50451
2.53258
1.03512
0.323222
1.2038
1.12826
1.45383
0.589319
0.219739
2.69673
1.12416
1.77889
0.867635
1.64943
2.93856
1.83307
2.06866
1.99013
2.38483
1.59141
1.59474
2.52899
2.85336
1.22029
2.9354
1.83358
2.5342
0.67084
1.67225
0.25392
1.29207
1.80521
0.450288
2.95941
1.7054
2.82875
2.23281
1.32472
2.25811
2.26417
2.92626
1.00308
1.67122
0.307584
0.265371
1.22277
1.16193
0.801068
0.843623
2.0461
1.2173
1.6614
2.97659
2.92737
2.07037
2.20171
1.68746
2.10746
1.66601
1.18398
1.90083
2.18291
0.304508
2.83858
2.13232
0.586328
2.94958
1.88998
1.96202
1.11639
0.388421
1.22542
1.17894
2.8543
1.43324
2.44371
1.88426
2.60436
2.14753
0.522153
1.03991
0.796881
0.689554
1.23927
1.55245
2.18975
2.55693
2.98957
1.37565
1.30669
1.62098
0.829951
2.72382
2.74997
2.13976
1.99346
0.880026
1.92476
2.73373
1.50818
0.288357
1.51297
1.91604
2.36005
0.617005
0.433198
2.16103
0.835078
0.480111
2.62555
2.10079
1.88032
0.705875
1.99748
1.43666
1.91997
1.63781
2.06969
2.55257
1.16458
1.55757
1.45811
2.61863
2.45054
1.91604
0.9301
2.1718
2.6476
1.26054
2.37321
1.56185
0.871993
0.346037
2.21154
2.84926
1.54262
0.316642
2.81072
2.54266
2.9172
2.44678
2.40551
1.16458
2.34672
2.5272
1.09032
1.03119
0.485836
2.38577
0.208032
1.43478
2.09515
0.828498
1.87605
1.81572
1.27481
0.489938
2.78654
2.51233
1.96603
1.27857
0.217945
2.47533
2.7574
2.90694
1.5968
0.333988
2.43508
1.1921
2.34467
1.00376
2.91292
0.615381
1.75078
0.619141
1.58039
2.62734
2.00551
2.38321
2.90669
0.586755
1.33326
2.51814
2.13694
2.42132
1.96244
1.70677
1.71968
2.69545
1.86922
0.810468
2.10147
0.776031
2.23281
2.65272
2.32801
0.780047
2.34091
1.05401
2.48703
0.394659
2.68084
1.30771
1.43273
2.2546
1.95535
2.88259
1.42769
1.7671
0.360308
2.54018
1.9398
1.86896
0.461141
1.85495
2.63333
0.205811
1.20662
1.72369
0.589062
2.01995
1.61602
1.45289
1.79402
1.43264
1.27891
1.81051
1.13484
1.21252
0.203504
1.63012
1.3354
2.51335
1.95228
1.35505
2.67477
1.07058
0.200769
0.310062
0.322367
2.5448
0.259816
1.08725
2.33006
1.09767
2.49532
2.23495
1.51485
1.09015
1.98543
1.03598
1.07494
0.78825
1.35232
1.56373
1.97142
1.16535
1.50502
2.20248
1.51647
0.688357
0.831831
2.62085
0.804743
2.77458
1.17953
1.58398
0.42414
2.40696
0.75612
0.394488
1.68609
0.99624
0.296646
2.94702
1.20961
1.97612
2.62658
1.98535
1.69994
2.6194
1.16321
1.35052
1.55629
1.76291
1.89092
2.20444
2.94864
2.52899
1.5474
0.21991
0.99906
1.72959
2.96061
2.92224
2.10703
1.0423
1.47075
2.17026
0.454134
0.844819
0.977953
0.566332
2.72758
0.594873
1.95057
1.57936
2.09857
0.244691
0.333219
0.570946
2.69442
1.37607
1.2919
1.31173
1.19996
2.54377
2.73202
2.77432
1.62833
1.51536
2.92984
0.391668
0.696133
1.69524
1.21184
2.56761
0.241786
1.81812
1.22166
0.226917
0.924973
2.60291
2.51036
2.19342
2.8432
1.05153
1.18919
1.38206
0.904038
0.481564
2.18146
1.39402
0.591284
1.3806
2.21068
2.10164
2.76005
1.16808
2.06345
1.00991
2.70083
1.55424
1.66336
1.38402
2.50882
1.1821
2.89532
2.72826
0.796112
0.240761
1.71515
1.00479
0.784747
0.337321
2.88473
2.18112
0.816791
1.11442
2.46738
0.889938
2.721
2.10224
2.22452
0.594189
2.07157
2.89071
1.04657
1.83956
1.3783
1.71104
2.36048
1.3853
1.84349
2.31271
2.24691
1.60081
0.725529
1.22465
2.80816
2.91241
0.344414
1.68703
1.52203
1.09203
2.5689
1.14176
1.12006
1.37223
0.419868
1.36949
1.92775
1.17586
2.23162
2.15958
1.60329
1.04888
2.00346
2.4015
0.613843
1.18244
1.38394
0.284768
1.98594
1.1122
2.52173
2.49532
0.866524
1.98321
1.62252
0.494467
2.83499
0.966161
0.44875
2.1706
2.10019
2.41431
1.20021
1.34736
0.523093
1.74719
2.01132
1.44016
1.40017
0.249562
0.505747
0.944285
2.94625
1.1727
0.24264
1.04572
1.01444
0.524717
2.29366
1.83939
0.790045
1.33976
1.98799
2.64409
2.19615
0.410211
1.06323
0.901047
0.748003
1.47306
2.05875
2.34305
2.19547
1.03469
0.789276
0.522752
0.287844
0.823798
2.53745
2.78714
2.80226
1.45888
2.20085
1.98432
1.96928
0.517881
1.63243
1.79359
2.43764
2.7985
1.61149
0.562145
2.91079
1.55441
2.48242
2.33877
2.59684
2.89806
1.29883
1.99098
1.40692
1.75403
2.71117
1.89331
0.640761
1.15407
0.633924
1.47417
1.09579
2.85764
1.13219
0.308609
2.53882
2.2887
1.56159
0.845161
1.47588
2.57436
2.00363
1.05281
2.36031
2.27298
0.429353
2.27802
2.7733
2.38047
2.83277
2.99633
1.31737
1.20047
2.56787
0.948473
2.75894
0.267592
2.13061
2.34792
1.9568
1.1104
0.819782
1.8452
2.31604
2.04132
1.9169
1.94082
2.70237
2.76159
2.02047
1.92997
2.95693
0.769109
2.17445
2.6687
1.14672
1.35522
0.626405
2.04943
1.89032
2.77945
1.25405
2.27135
0.493954
0.808844
0.29639
0.995557
1.43862
2.20983
2.22922
1.47067
2.35176
1.77966
2.21974
2.51694
2.005
2.10532
2.80047
0.65674
2.67306
2.63768
2.19709
1.67909
0.990771
0.867037
2.35065
1.12382
2.04892
2.18966
2.06943
0.976159
0.462166
2.85054
0.948985
2.45601
2.35048
1.35198
1.89801
2.99145
1.16817
2.71416
1.5063
1.66319
0.920957
0.974706
0.894211
2.00808
2.50686
2.31758
1.0793
2.46755
1.91809
1.41444
1.49887
2.57078
2.84345
1.37035
2.12549
1.13852
2.80611
1.05811
2.61239
0.595727
2.97693
1.03025
1.70771
2.07985
0.797992
2.19624
1.57372
2.63273
1.55723
0.851399
0.648964
1.56441
2.44781
1.84649
2.09113
2.07481
2.05311
0.283316
1.83726
1.22123
2.79278
1.12707
2.92079
1.92032
0.468233
1.91886
0.479684
0.87037
1.24516
2.38013
0.897031
2.8831
1.4094
2.49284
2.70784
1.50989
1.03529
2.44533
2.71228
1.65379
0.903012
2.43038
2.53189
1.6508
0.602734
1.68302
0.645888
2.11079
0.3627
0.345524
1.14578
1.00385
2.13933
0.747917
1.84486
0.280837
1.30617
0.489682
1.38163
0.314762
0.880538
1.91263
1.9527
1.8505
0.422773
2.3498
2.51446
2.95087
2.74869
0.940526
1.08947
2.22649
1.79026
0.396881
1.01683
1.43632
0.343986
0.309977
0.581542
1.94715
1.44238
2.38466
2.8637
2.13865
2.4878
1.78727
2.84123
1.44298
0.285623
1.79778
2.58701
1.30429
2.51404
0.749968
0.395941
0.347832
0.567186
2.45037
1.88024
2.04473
2.91173
1.86084
1.66917
1.36001
2.69101
2.83448
0.553343
2.27246
1.11707
2.89079
1.10861
1.85247
2.38603
1.81837
1.83743
1.18654
0.855672
2.69263
2.86695
1.23457
2.22264
0.495151
1.23901
1.90921
1.43495
2.5242
2.83123
1.66276
1.08041
2.98112
0.945311
1.87118
1.38573
0.722367
1.80222
2.10113
0.764922
2.16411
2.17864
1.74805
2.45507
0.325785
2.22487
2.53301
1.77513
0.802094
0.700833
2.14582
2.74809
1.64884
2.46704
1.52134
2.22042
0.771673
2.26853
2.03721
1.42017
2.2047
2.6499
1.11989
2.68784
2.46618
2.03747
1.74728
0.919419
1.17902
2.42739
2.33424
0.259304
0.344243
0.716984
2.08968
1.17859
2.85345
1.91587
2.33236
2.479
2.62888
1.47537
2.45234
2.55727
2.17872
2.97377
1.80615
2.47003
2.35458
1.5938
0.633412
0.734074
2.8984
2.4314
2.88182
2.00218
0.567016
1.27157
2.82756
1.54911
1.02213
2.47063
0.380902
1.30874
0.471053
1.58056
1.76129
2.5959
0.849263
1.75445
2.83175
0.453877
0.528819
2.76979
1.37941
0.363298
1.94219
0.906858
2.02961
1.04973
0.508567
2.92053
1.28079
0.528477
1.84965
2.74228
0.348259
2.72373
0.883016
2.55044
2.50421
0.598462
0.580432
1.6455
0.600598
2.73536
1.17791
1.16868
1.06435
0.902329
1.22653
1.30122
0.44969
1.54399
2.87003
2.5806
2.83798
1.93373
1.13689
1.97381
2.56975
0.325614
2.83602
0.941978
0.999316
2.04285
1.64055
2.13685
1.35676
1.64029
2.55078
0.764153
2.80671
1.0787
2.72032
0.453108
2.19009
2.04884
2.2358
0.868575
2.13779
1.58124
2.23589
0.903952
0.442427
1.88084
2.35766
1.0916
1.37616
1.92348
2.49789
1.46922
1.44204
1.35104
1.27644
0.938902
1.44683
1.00393
1.79043
2.7568
2.98231
2.62717
0.244093
1.39034
2.00218
0.488571
1.64542
2.98214
1.98347
1.0464
1.75317
1.45469
0.558129
1.80308
1.86554
1.69831
2.90378
1.88349
1.23474
0.674258
1.78009
0.675027
2.89763
1.07562
2.69955
1.06691
2.90737
1.97971
0.518394
1.62611
1.55621
1.93117
2.73706
2.64717
0.974963
0.894211
2.9953
2.01431
2.49729
2.90848
2.85277
0.212647
1.77616
0.289041
2.13933
1.62602
0.641102
2.80714
2.76458
0.658364
2.88165
0.287417
2.27289
1.41837
1.74617
0.462764
2.43286
0.701688
1.9433
2.51993
0.746977
2.61128
2.73245
0.576843
1.37103
2.95052
1.69242
0.728263
2.12796
0.529588
1.75454
0.295706
2.50703
1.51989
2.68819
2.52113
0.532749
1.1956
1.62585
1.34078
0.993591
1.59962
0.61615
1.07759
2.91549
1.87093
0.991198
2.88814
2.76988
2.97129
2.13659
0.402948
0.90267
2.74869
1.25089
0.397992
2.87174
0.675027
0.482846
1.73283
