0.450887
2.14958
2.01465
2.29528
0.948985
2.13044
2.07122
2.85524
0.498569
0.73997
0.429353
2.93531
0.449947
1.34446
2.53933
2.53822
0.736381
2.92053
2.54189
2.62837
2.10301
2.11848
1.22875
2.00244
0.444221
2.20017
0.579235
2.82875
2.73741
1.98816
2.26229
1.49101
0.259645
0.964367
2.49045
1.57603
1.37693
2.05533
2.21444
0.440889
0.789447
0.6417
2.64426
2.99932
1.52621
2.92976
2.28554
2.96223
2.97009
0.621192
1.87819
1.97227
1.20628
1.02136
2.62478
1.26832
1.77855
0.319718
1.29652
2.71792
1.54091
1.98321
1.20372
1.45537
1.29395
1.59885
0.619056
1.36283
0.291861
0.902499
2.84003
2.03183
0.70784
0.332279
1.0793
2.44234
1.1457
2.04354
1.97013
0.798334
1.68541
0.722965
1.67319
2.15497
2.34911
2.53984
0.773809
2.07746
0.676223
1.97048
2.75706
2.76714
1.09477
1.63593
1.04649
1.89323
2.57556
2.08755
2.99667
2.16778
2.45806
1.88007
0.623585
1.50083
2.5348
2.06823
0.865072
0.573339
2.08199
2.26605
2.7533
1.66635
0.32288
2.00423
0.691604
1.9821
1.41384
2.92549
2.02029
2.89652
2.43713
0.352532
0.859944
1.97902
2.29109
1.77001
2.81944
0.418159
0.763555
1.95279
0.556505
1.09041
0.476608
2.68357
0.378423
1.90844
0.588977
1.19355
2.6693
1.68866
0.545653
1.66447
2.73245
0.773553
2.76082
1.93074
1.63576
2.44696
1.72104
1.31762
1.24627
2.97966
1.59859
1.35403
1.04179
1.54373
2.2593
0.496603
1.68857
1.03145
1.35505
2.20402
2.16992
0.217603
2.7868
1.09622
1.05529
1.50254
0.826533
2.93984
2.69742
1.07221
2.9853
1.19406
2.54275
2.51498
2.11438
2.25606
2.74544
1.13023
2.82833
2.54335
1.47101
2.36868
1.53561
1.14988
1.47691
2.03892
2.76672
1.61474
0.958043
2.92147
1.88408
2.53856
1.04512
1.0241
2.8649
0.588549
1.34223
2.11865
1.24106
2.82619
1.09229
1.7953
0.88652
1.89716
2.55659
0.872591
0.336723
0.621021
0.597693
0.600256
0.530699
0.316813
2.65161
1.89263
0.460543
0.203162
1.47665
0.629652
1.81769
0.610254
0.868917
0.464302
0.322452
1.34104
2.72826
1.57167
1.62491
1.91869
2.46507
0.77962
0.263833
0.658876
1.93424
0.716898
1.57287
2.1037
2.88421
1.81658
2.61854
1.75411
1.30754
2.81286
0.861141
2.44003
1.68233
0.368255
2.62333
0.464046
1.49032
2.2687
2.05448
1.45725
1.40009
2.82363
0.67947
1.28361
2.7028
2.11002
1.81829
0.332194
2.58675
0.896091
2.36347
0.532237
2.04123
2.48344
0.204956
0.23119
0.573083
0.903952
0.587524
0.671096
0.927024
0.711087
0.489767
2.80226
0.795172
2.99991
1.51134
2.57035
0.304422
2.89609
2.35663
2.61666
2.26793
0.350395
1.80205
0.925999
0.389618
2.27605
2.43405
2.36227
2.40816
1.0658
1.2461
2.42781
2.16855
2.7286
2.18137
0.384747
0.808246
2.87985
0.309549
2.27571
2.24597
0.625977
0.724332
0.980261
1.95971
1.77915
2.24948
0.247255
0.643153
0.639479
0.641188
2.63743
2.92626
0.983337
2.97428
0.31536
1.9474
1.09417
1.4987
0.629395
2.36749
0.674343
2.25537
2.21444
1.40914
2.07396
0.737748
1.15672
2.91241
2.07635
2.6875
1.75847
0.791498
2.67562
1.90998
2.23862
1.28267
0.68511
2.00013
2.70784
0.768169
1.41401
2.26281
2.95565
2.56616
2.24837
1.11801
0.986328
0.67195
2.57667
1.67609
1.84187
2.64025
2.6946
2.77244
2.84884
2.79338
0.528306
2.14762
1.22713
0.345354
2.01337
0.661782
1.39812
1.62858
0.765691
0.629481
0.728947
0.208545
1.68473
1.16321
1.05204
2.87857
2.12232
0.413544
2.29502
2.91668
2.45918
1.99244
0.360991
2.19701
1.72284
1.86768
1.59509
0.339714
2.48703
0.615809
0.37492
2.089
0.288101
0.521641
2.16343
0.304935
1.39812
1.61064
2.16035
2.55932
2.18975
0.903012
1.89084
2.71946
1.93202
0.576073
1.86793
1.91083
1.8546
1.32301
2.26691
2.64401
0.716727
0.594446
2.94924
2.09336
1.31976
2.8126
1.17227
0.716727
1.79957
2.442
0.724332
1.80154
2.93728
0.208289
2.82064
1.32608
2.52566
2.1495
0.89874
2.52344
2.42824
2.98838
2.85106
1.33454
2.16864
1.51382
2.03063
2.33929
1.88836
1.85828
1.77001
2.95206
2.50976
0.758342
0.748003
2.66964
0.741935
1.48708
1.94399
0.359197
0.367571
1.34429
2.91609
2.77372
1.047
1.79333
2.14121
1.68131
2.87815
2.1313
1.55416
1.59825
1.94963
0.580602
0.823798
2.31092
1.12391
2.88866
2.70305
1.37539
2.88891
0.72382
2.59051
1.98201
2.91421
1.15578
1.24209
1.77172
1.55142
2.30536
2.56838
1.19304
1.51425
2.05405
1.85665
1.38599
0.57633
2.10011
1.9551
2.18069
0.725358
1.84674
1.15492
0.998462
0.609571
0.412519
1.51109
0.44294
1.11451
1.25046
0.935313
2.96838
2.10865
1.262
1.00214
0.41269
0.593591
0.896176
2.20367
1.18312
1.89767
0.318607
1.79103
2.08131
0.94984
1.33984
2.34023
0.756291
1.27165
2.58949
1.37975
0.571801
0.724845
2.02371
1.01709
0.276308
0.451314
2.65452
2.30237
1.46255
2.44465
1.9868
0.865413
1.00479
1.78795
0.252126
1.76616
1.4605
0.599145
2.32621
2.89233
1.02487
2.1178
0.815937
1.2449
1.62474
0.772356
2.0079
2.24819
2.33997
2.26682
0.959752
2.42029
2.7398
2.72126
1.02777
1.14407
2.92173
2.90583
0.91395
0.674172
2.43935
0.605896
2.52241
2.51865
1.70882
0.754326
1.9116
1.3313
2.47926
0.369451
2.63008
1.25524
2.55557
1.93612
2.52395
2.65093
0.961461
1.06725
1.70182
0.949669
0.329716
2.08327
2.34681
1.56911
0.307071
1.74685
0.461995
0.226661
2.36159
0.39107
1.83632
2.59128
2.98
0.27759
0.719803
1.80761
1.242
2.82303
1.09468
1.83384
0.560094
0.930442
2.22974
2.32724
2.57103
0.46473
0.406281
2.21692
0.967186
2.7075
1.30267
2.1013
1.2561
1.42974
2.52403
1.00615
1.43375
2.02158
2.36689
1.24345
1.56099
1.51305
2.70425
2.90523
2.4291
1.32643
0.478829
1.73266
2.50361
2.79654
2.89361
2.69742
0.93198
1.29575
1.98441
1.43025
1.80479
1.80333
2.46482
1.83862
2.25512
1.75343
2.12925
2.44687
1.58697
0.402777
1.90211
2.99906
2.81747
2.95283
0.820466
0.260158
1.82196
0.264858
2.63786
2.15539
2.66853
1.60654
0.536937
1.18176
1.12997
0.464986
0.237941
0.633241
2.96129
1.26652
0.390728
0.974023
2.12796
1.03862
1.73813
0.699039
2.37595
0.653066
0.337577
0.218116
1.72762
1.28618
2.72954
1.50254
0.893185
1.93518
1.53826
0.430378
2.78441
1.22739
2.59504
0.968725
2.51771
2.55967
2.86909
0.52993
2.29562
0.606153
1.89485
0.84012
2.95163
1.43119
1.98321
2.05593
0.9489
1.04537
1.50288
0.868917
1.41777
2.64196
0.92147
0.734074
0.420893
2.95146
0.692032
1.75932
0.233412
2.75125
2.27332
0.795001
2.42542
2.76885
2.57086
2.85969
0.533604
0.814911
1.4875
1.64029
1.11177
1.78513
1.66892
0.204187
2.54446
0.365947
0.533433
1.66029
2.41372
1.28541
1.27293
1.70626
2.00645
0.542918
0.911985
2.40132
0.347319
0.85721
1.7131
0.699295
2.34843
1.57056
1.21611
1.88238
2.6599
2.64495
1.59808
0.229823
0.610681
2.18923
2.04217
2.26289
2.22786
1.9545
0.802094
1.29942
0.318351
0.234266
1.45084
1.05956
0.605811
0.608374
2.39996
2.65674
0.904892
1.96646
0.577697
2.31374
2.52472
1.05016
2.35339
0.939927
2.88567
0.950694
2.5947
2.9084
0.939842
0.798932
0.546934
2.36877
0.780902
2.08652
2.22059
1.63551
0.23025
1.25439
2.37415
1.1868
2.99
1.1874
2.18206
0.21316
1.94629
2.85131
2.47268
0.453365
0.214014
1.31045
0.624866
1.85298
0.708267
0.564025
1.01128
2.38628
2.83004
1.43632
2.67468
1.7765
1.45529
2.16172
2.12523
1.85332
1.61354
2.2987
2.94753
0.483529
2.04328
2.01252
2.90199
2.61512
0.212818
1.36377
0.611451
0.568554
2.79355
2.83858
0.917624
0.316813
1.77206
2.16052
2.19718
1.08802
0.991028
1.42017
0.722794
2.23068
2.90429
1.55988
0.958898
0.677676
1.13339
2.65153
2.47806
2.54779
0.615638
2.60479
2.78543
1.01982
1.72848
0.343986
0.740312
2.82064
0.978466
2.48943
0.660756
2.26024
0.64358
0.382098
1.79889
1.95518
1.55441
0.48934
1.27567
1.57552
2.20342
2.2276
0.760991
0.553087
0.76834
0.641102
2.98812
0.49028
0.838838
0.373894
2.38808
2.80397
0.631703
0.771587
0.734159
1.34454
2.88498
2.95146
1.68122
1.92698
2.81559
1.47802
1.0893
1.31028
2.52993
0.281692
2.61786
2.36415
0.874471
1.45768
2.67913
0.759368
1.51322
0.982568
2.237
0.321256
2.22
1.5874
0.740141
0.780303
2.57394
1.22235
1.67558
1.06127
1.44349
0.953258
1.83119
1.04555
1.84939
1.92502
2.15428
2.94565
2.99043
1.63063
1.09383
0.828498
2.62367
1.12425
2.71348
1.42658
0.782952
2.61333
0.463448
0.371245
2.82576
0.669045
2.499
1.79
1.59406
2.49353
0.630677
2.60111
1.07827
2.07763
1.99833
1.44657
2.5706
2.49165
0.351421
1.19808
1.69575
2.74228
0.426533
0.574963
1.30686
1.4358
0.308524
2.61213
1.83307
0.884213
0.462081
1.91339
2.06789
2.2916
0.322623
0.830207
2.78398
0.858406
0.732707
2.50173
1.36317
2.24179
1.11263
2.89361
0.62931
2.00782
1.25148
2.57436
0.469771
2.71579
2.20726
1.56501
1.0358
1.86845
2.20273
0.801495
2.90617
2.96966
1.60543
1.54561
2.20436
2.52369
1.67789
1.08238
2.45507
2.41568
2.78765
1.24268
1.96817
0.509507
0.761675
2.88652
0.937449
0.501987
1.07656
2.88626
1.04162
2.26887
1.96783
0.346123
2.53574
2.54241
2.54856
0.596496
2.41867
0.756035
1.02478
1.29891
1.46725
0.695621
2.69357
2.40132
1.32087
2.79218
2.81226
1.87947
2.20761
2.89592
0.427046
2.20282
2.09626
0.768767
2.64674
0.661782
2.26435
0.531553
2.65067
2.49489
0.467635
0.703909
2.91745
1.95159
1.90015
0.875582
2.56274
1.03051
1.13091
0.245375
0.672292
2.62846
1.60628
1.06494
1.71976
0.238795
0.703653
0.62649
2.15411
1.73753
1.32626
1.63021
0.247084
2.99205
0.423627
2.17018
2.68614
2.0326
1.42897
0.775262
2.80021
0.322965
0.996924
2.94386
1.9081
0.667421
2.63256
0.207263
1.0746
1.49229
1.99671
0.564025
1.16244
2.63862
2.07721
2.91626
2.8684
2.80526
0.21128
2.75142
2.62999
0.977184
2.3492
2.90412
1.29156
1.57945
0.943175
1.83486
1.81572
2.09139
2.65401
0.465413
1.72822
2.06148
0.256825
2.80671
1.38505
1.05811
2.93993
1.01658
2.94685
2.09455
2.57761
1.32711
1.5498
2.06593
1.3712
0.275283
2.36108
2.5354
0.839692
1.27874
0.603674
2.80679
1.95202
0.590429
0.241359
0.221534
0.38526
1.87186
2.80884
1.61807
1.4993
2.422
2.8755
0.888742
2.61213
1.89844
2.83106
2.1753
0.76646
1.77026
2.27904
1.63756
1.57278
1.53715
2.72647
1.73395
0.517112
1.95595
2.4573
1.75129
1.92245
1.70822
2.67699
2.12156
2.14796
0.549754
2.61547
2.66255
2.21769
0.977612
1.87631
1.48024
1.66251
1.85204
1.71976
2.67075
2.36501
1.21226
1.1662
0.358513
2.19445
1.72232
2.00876
0.409272
1.61884
2.38449
1.82196
2.55403
0.28135
0.759197
0.253578
1.46272
1.13031
0.526597
0.488485
2.30485
1.88776
1.02999
0.369622
2.93377
2.64589
2.83593
2.66657
2.63281
0.978637
0.350481
2.57684
0.76082
0.555138
1.12895
1.54826
0.434565
1.84315
0.914548
2.71092
2.98488
0.889853
1.64661
0.603333
2.72476
1.16766
1.47357
1.68447
1.36676
2.87208
2.00867
1.51493
1.22722
2.65956
1.06657
2.69776
2.15437
1.81273
2.11822
2.26537
0.518223
2.62042
0.299808
1.79949
1.19996
2.15992
1.41675
2.57257
1.7178
2.46952
2.97624
2.59786
1.42717
1.4975
2.08883
2.67537
0.532322
0.617261
1.27524
1.9216
2.64811
1.49357
1.41615
1.07007
2.44687
2.88908
0.482504
2.43098
2.93095
0.998462
1.28327
2.39611
1.86657
1.09767
2.06977
1.7783
0.316556
2.09395
1.2314
1.87161
0.810126
0.96787
1.12391
0.319376
0.486435
1.09092
0.263491
2.27998
2.75082
1.40914
0.927622
2.17428
2.37902
0.878231
1.7988
1.90562
1.20919
0.739286
2.68819
1.23781
0.95736
2.62119
2.1777
1.01948
2.29536
1.85811
1.21747
2.54147
1.52664
2.00961
1.9163
1.71574
2.80081
2.37031
0.561974
0.56317
0.80047
1.2567
0.510959
1.09682
2.2411
0.459432
1.98201
1.28917
1.91903
0.447212
2.79355
0.210254
1.24738
2.51122
0.681521
1.22465
1.81538
1.83606
0.435163
0.734074
0.309293
1.68678
2.48806
1.75428
1.33343
1.89656
1.40197
0.612561
1.66678
0.246144
1.68199
2.85396
1.69464
1.91895
0.958812
2.64307
0.351933
2.82209
1.17671
1.35078
1.31532
0.75894
0.624781
2.41072
0.782098
0.242811
2.24802
2.13497
1.37385
0.536082
2.27725
0.375518
2.90122
2.70613
0.213587
0.319974
0.527964
2.88216
2.60684
1.70754
2.67229
1.90246
2.86328
1.55407
1.18167
1.33933
1.9222
1.07315
1.31976
2.08831
1.63807
2.08071
2.10267
0.709464
2.10464
2.77082
0.92147
2.50985
1.96065
1.34993
2.58949
1.75163
2.11267
0.617261
0.350822
1.17637
0.713993
2.37902
1.38863
1.63089
2.23657
1.58312
2.76937
0.383465
0.47225
2.66358
1.56185
1.71694
0.303739
0.779192
1.06819
2.78697
1.67951
0.83824
1.70318
0.332194
2.23264
2.99205
2.86106
0.825422
0.779705
2.28819
1.50622
1.25046
2.13779
1.17005
2.62581
1.49494
2.69673
1.30934
2.08139
1.54527
1.98458
1.45973
1.79718
2.4714
2.86353
1.41965
1.02299
0.788421
0.793548
2.3909
1.20842
0.784234
0.402094
1.02025
1.82649
0.798163
0.995727
1.01333
2.28391
0.440291
0.453365
0.405939
1.25559
1.53809
1.13664
0.782354
2.98103
2.19701
2.85644
2.12651
2.25956
1.56501
2.93147
1.59492
2.48267
0.685366
2.37851
1.8975
2.04038
0.227772
1.86939
2.77526
0.639137
2.88413
0.494467
0.860884
2.86977
1.61585
0.568468
2.21119
0.560607
0.742705
0.716984
2.79688
0.856612
0.657167
2.88062
2.83995
0.35894
1.55501
1.47545
1.88366
0.264089
1.76719
2.74561
1.28387
2.04021
1.2825
0.546336
0.209229
2.97684
2.84687
1.39615
0.63683
1.14681
1.62781
2.63273
1.83213
1.11775
0.631275
2.51292
2.59957
1.94946
0.858235
2.09344
2.99205
0.815937
0.588379
2.12856
1.36608
2.18966
0.379107
2.42371
0.871139
1.52356
0.566674
1.28267
1.65952
0.57163
1.85717
2.48404
1.30498
0.882504
1.39462
2.22675
2.1178
1.80487
0.494125
2.68032
0.242982
2.74253
2.42799
2.17855
2.82995
2.39586
2.45012
0.293228
0.560094
0.32758
1.64935
1.42675
0.621705
1.99047
2.01688
1.95843
2.61718
1.75369
0.315787
0.5859
2.8919
1.06631
2.54138
2.89558
2.17206
2.69545
0.957616
1.00111
1.19774
1.77479
2.69955
2.8884
1.24046
1.40385
1.5269
2.70229
2.59128
0.732963
1.31899
0.214356
1.10733
2.8731
2.49558
2.70921
1.10519
1.7665
1.15322
2.72459
2.68716
0.957872
1.70412
2.08626
1.38881
1.00111
0.404401
2.87268
0.235206
2.8408
2.16018
2.14702
2.0937
0.305106
2.79756
0.69545
2.00876
0.648793
1.98654
1.00863
0.609998
1.48152
1.40308
1.94228
2.27733
2.22145
2.91985
1.6972
2.35236
0.810211
0.610767
2.55428
2.68417
0.627259
0.958983
1.00179
0.995386
0.740312
0.653407
1.49451
1.75719
2.83132
1.16373
1.07938
2.46029
2.33219
0.679641
2.72784
2.96966
2.71211
0.60282
1.80974
0.250075
0.849434
0.777996
0.749797
2.15112
2.02918
1.05247
1.89981
2.93642
1.30156
2.94975
2.86746
1.84871
0.940013
1.04512
0.338347
1.79445
0.735868
2.63273
1.42786
2.2376
2.86729
0.86755
1.00111
1.78957
1.67968
1.57475
2.39876
2.18231
2.91592
0.909336
0.805084
1.11314
0.73245
2.85704
1.0975
2.04747
1.84042
1.76155
0.61316
0.468233
2.7081
2.06746
0.271352
2.65879
0.762273
0.464815
2.48925
2.90609
1.52715
2.62418
0.526853
0.413886
1.83666
2.50822
1.70224
1.41111
0.658876
2.04901
2.30946
0.943602
0.869857
1.97714
1.48161
1.83794
0.313565
2.39081
2.63333
0.922495
2.68673
2.6523
2.92147
2.79637
1.7847
2.7991
0.561034
2.42995
0.447298
1.65781
0.835078
2.48814
0.940867
2.24725
0.233326
1.0611
2.91455
2.85977
2.36039
1.69216
1.66849
1.2062
0.248537
0.987951
0.471139
1.21457
1.11391
2.90105
1.66353
2.26751
2.99274
0.969921
1.48699
2.46755
2.09575
2.80645
0.973852
1.3172
1.91861
1.71523
1.83606
2.60128
2.14429
0.535655
2.49148
2.859
2.77637
0.99154
2.3639
2.63384
1.54065
2.03713
1.59474
0.687674
0.39201
1.68686
1.50451
2.76774
1.9639
1.01624
1.34027
2.3128
0.598462
2.02089
2.24794
1.08776
1.99517
0.821833
2.8056
1.93185
0.51395
1.50519
2.657
2.40996
1.37248
1.68156
1.38077
2.75373
2.77261
0.255031
0.734843
0.879598
2.79577
0.888144
0.21128
1.87238
2.10361
2.84986
2.442
0.72006
2.88122
0.33527
1.58953
2.08994
0.261184
1.5439
2.06345
2.33083
0.265883
1.80342
1.49733
0.290493
1.70446
0.427815
2.126
1.33617
1.26302
1.19594
1.29823
2.76347
1.22628
2.13924
2.86533
0.583679
0.665798
1.32489
2.97958
0.276394
2.73424
1.92356
0.443281
1.49254
2.10276
1.24696
1.94433
0.899509
1.97894
0.245204
2.31519
2.75202
2.34211
1.34958
2.5542
2.97847
0.434736
0.348601
0.946422
0.769622
1.14664
1.78658
0.420551
0.657424
2.72929
1.96877
1.0805
0.270241
0.278359
2.66443
1.44802
2.35373
0.422346
2.39227
2.55565
1.44384
2.85311
0.37774
2.02534
0.579833
0.936851
2.06858
0.272036
2.84431
1.84495
2.49609
0.368426
2.31801
0.837385
0.770647
1.30925
0.437556
2.54172
2.39859
2.61231
2.34288
1.4605
1.10613
0.393292
2.40081
0.548643
0.461141
1.25311
0.29545
2.49438
2.57778
0.513608
0.869686
2.14411
1.79171
1.54065
2.70647
1.50818
2.99504
0.29075
1.43794
2.98342
1.71626
0.620252
1.56928
2.23213
1.63457
1.29301
1.20483
0.753728
1.01478
0.625123
2.26409
0.786883
1.35129
1.70395
2.17454
2.57941
0.50737
2.51856
2.83072
0.263576
1.23935
1.53954
1.2038
1.97552
2.99026
0.285794
2.99265
0.453108
2.24324
2.6153
1.30088
0.953771
2.92096
0.676992
0.929844
1.92621
0.518052
0.463448
2.27357
1.67618
0.255287
1.29848
0.20282
2.06259
2.14155
1.80026
1.52809
1.26046
2.03277
2.65546
1.62551
2.63128
0.373809
0.342875
2.21709
0.934202
0.512241
0.944029
2.489
0.919846
2.2693
0.577099
0.738432
1.54006
0.658535
0.793719
0.334843
0.814484
1.037
2.67409
1.18355
2.18983
1.77795
0.359111
1.27883
1.82914
0.551891
1.75744
0.735441
2.06977
0.504123
1.96253
2.08387
2.48584
2.41551
1.521
2.01807
2.59479
1.13424
0.685794
1.98381
1.24371
0.366973
2.99547
1.99363
1.51357
2.51489
1.31284
2.25683
0.579321
1.64431
2.06576
2.21196
1.36283
0.677847
2.02158
1.94886
0.215894
2.49472
1.33839
1.20842
1.47221
1.62619
0.826191
0.946934
1.9034
1.83598
2.75843
2.65272
1.51912
2.27024
2.36937
2.00269
0.547618
2.66742
0.576586
2.8467
2.63324
1.11322
2.66443
0.505747
0.890536
1.23038
2.66691
2.37364
0.450887
2.28776
2.18761
1.20739
0.939586
0.319803
1.79333
2.69613
0.920615
1.74112
2.52002
0.29357
0.947533
1.94467
0.427302
1.70446
2.85695
0.371587
0.540184
2.80884
1.54202
1.73916
2.31485
2.21555
0.445332
2.11455
2.5659
2.62931
2.20547
1.92339
1.59346
2.62076
2.89754
2.57795
2.44653
0.586328
2.90438
0.81474
0.260073
0.484896
1.25507
1.82837
2.00534
1.94014
0.469344
0.888314
0.787396
0.694339
2.74501
2.12745
1.03145
1.60295
2.12497
1.78838
1.89152
2.95548
1.08391
1.81709
1.62217
1.91237
2.9689
0.688784
0.248878
2.24315
0.333219
2.15599
1.67524
1.35514
0.201794
2.80432
0.964025
2.19923
2.70314
1.90511
2.73083
1.84042
2.10746
2.85131
0.385858
2.28101
2.30793
2.06413
1.36368
0.923179
0.981799
1.85888
2.87584
0.659389
1.67037
1.15672
0.525828
2.57761
2.41312
0.529673
1.52408
1.66798
0.57633
0.667165
1.63807
1.7207
1.7113
2.75099
1.21782
2.60051
2.08003
1.02589
2.63264
1.28567
2.68793
1.25524
2.85738
1.86024
2.05772
2.14557
1.9451
0.245204
0.385516
1.43162
1.92416
0.457808
1.51339
2.90677
2.85687
2.98513
0.558043
2.08652
1.39744
2.46003
2.43277
2.39432
1.38693
2.42756
0.29938
0.354497
2.62179
0.387909
1.18834
2.88293
2.53463
1.30481
2.62418
1.15945
2.12403
1.56561
1.894
0.573254
0.471224
1.58227
0.596582
0.425422
2.78073
0.218372
2.10951
0.477975
1.08263
1.23234
1.01094
0.837385
2.93489
1.72156
1.29558
2.25751
2.86123
1.15749
0.82038
1.35249
2.66383
0.99812
1.21824
1.80564
0.54796
2.664
0.317325
2.46088
1.9956
1.86819
1.10357
2.98641
0.325187
1.08502
2.66306
1.99637
2.27691
1.74668
1.54262
0.318949
1.75821
0.754411
2.56667
1.09776
2.28981
0.49216
0.34561
2.61444
2.48763
0.9301
0.515915
0.719718
0.318949
2.60521
2.7474
2.36116
0.471395
0.26708
0.556163
2.69357
2.16915
1.57637
1.16116
2.86106
2.1777
0.241615
2.82012
1.33796
1.53185
2.38552
2.88404
2.31527
0.326041
1.92399
2.00756
2.02072
2.70323
0.949413
2.15121
2.06037
2.38056
1.70224
0.21521
2.2687
1.65037
1.7207
2.94087
2.5542
0.591198
2.75561
0.516514
2.6294
1.0294
0.636146
2.92865
1.11143
1.18663
0.277761
0.890793
2.48165
0.352104
0.61504
2.99274
2.59043
0.716214
2.05097
2.50335
0.39671
0.503354
0.807733
0.267934
1.02811
1.94194
0.368255
1.5351
1.84913
0.208032
1.59389
1.15125
2.22666
2.08105
1.70797
0.962145
0.677505
1.24849
2.93121
1.05554
0.488998
0.997778
2.15676
0.285623
1.49579
2.83175
1.65345
0.914975
1.90519
1.34608
0.98291
2.41149
1.85392
1.9063
1.71959
1.63935
1.78769
0.661098
1.96022
1.27951
1.34864
2.22991
1.01128
1.71882
0.258193
0.602136
2.4408
0.644008
1.28498
1.38616
2.28229
0.778936
2.7827
2.54429
0.979064
2.40269
0.486776
0.552147
0.655971
0.684683
2.85789
0.720573
1.10502
0.876693
1.25764
0.615381
0.874557
1.3959
2.84704
0.91489
2.84755
2.64042
0.291946
1.44119
2.69716
2.77125
2.96599
0.303226
1.60773
1.90066
0.935826
1.48947
2.04798
1.12331
0.418842
1.24653
2.78304
1.02709
1.99816
0.582482
2.31545
2.92344
1.48434
0.232386
1.73976
0.631275
2.31109
0.221619
2.2
2.45601
1.75121
2.36774
1.93706
1.19671
1.44162
1.45477
2.11284
1.82341
1.70455
2.62068
1.20021
2.25828
2.15206
0.293142
1.12433
0.500534
1.66165
1.01273
2.14429
1.93211
0.611023
0.279299
1.26225
2.03986
1.25798
1.36129
1.94715
2.39526
0.754668
0.203333
2.36065
1.52544
0.682888
1.97142
0.673232
1.7154
2.39748
1.77086
1.45768
1.37812
0.865926
0.678018
2.94702
2.83038
2.29272
0.81944
2.34476
2.3104
2.61248
0.238624
1.77599
0.477889
2.54411
1.28669
1.6643
0.230421
1.88964
2.87498
0.524802
2.07575
1.16655
1.52655
1.95868
0.29733
0.862423
2.36518
0.238112
1.35044
1.1968
0.57727
1.26832
0.525571
1.07981
1.68661
2.71433
2.71801
1.95458
1.97791
1.28037
0.939671
1.21013
0.207093
1.32882
1.21269
0.453536
1.13604
0.42696
1.87913
2.12754
0.828071
1.60773
1.96766
2.96223
1.04461
2.7339
2.65264
2.54753
0.676052
1.55108
0.843709
1.91476
0.349284
0.418671
0.54326
2.01329
1.74514
1.70609
1.80974
2.17214
1.36573
0.239479
1.363
2.8314
2.28904
2.99111
1.07178
1.43298
1.64644
1.19312
2.35723
2.55762
2.56351
0.668618
2.3533
0.394488
2.69844
1.96355
0.659474
2.23333
2.51839
2.469
1.72438
0.663491
2.24982
1.72062
2.09652
2.3709
2.63982
0.863448
0.781671
1.61696
0.86755
2.66836
2.34236
0.689895
2.34219
0.288272
0.578124
1.81359
0.524461
0.343046
2.02363
2.80329
1.51092
1.31737
1.50246
2.15428
0.7163
0.862337
2.57377
1.05255
2.39398
0.586242
0.709037
2.39312
0.528904
0.723136
2.43781
2.69468
0.644349
0.865499
1.09742
2.19855
1.05563
1.95022
2.0273
1.03734
1.91245
0.4837
1.04221
1.16398
2.56428
0.994702
0.624696
1.52519
2.38799
1.30164
1.27251
0.569237
2.0144
1.78257
2.0385
1.97543
0.492074
1.63499
0.901901
1.29088
2.12463
2.51284
1.00718
2.56437
0.520017
2.12831
2.20803
0.663405
1.18953
1.00615
0.754668
0.762615
2.63281
2.17812
1.76189
2.29041
2.84721
1.8035
2.89455
2.02175
1.59953
0.90643
1.50827
2.40517
0.995984
2.61401
0.48464
1.40966
2.68981
2.68451
0.594787
0.381671
1.46212
2.11386
2.23256
0.596838
1.51562
2.00577
1.55202
2.59598
2.01653
1.09477
1.04913
1.39222
0.623756
0.909421
2.82277
2.83645
0.742363
2.56223
1.7542
1.02888
1.23807
2.95437
2.84217
0.864901
1.95202
2.38381
1.53048
0.40047
0.951207
0.541722
1.66687
0.328092
2.85422
1.2878
1.52886
2.84696
2.96727
0.389105
2.95565
2.81807
2.97129
1.81196
2.02277
0.689981
0.493698
0.353642
2.29767
0.883102
2.70639
1.4012
0.712711
2.71989
0.683743
1.60543
1.09374
0.789019
2.26093
1.2567
2.58171
1.83068
1.32839
2.95121
1.18483
2.22991
0.901047
2.93395
2.09883
0.406537
1.4987
2.50728
2.63222
2.18889
2.17582
1.09126
2.17488
1.05751
1.33796
1.12373
1.84717
0.549242
2.68323
0.388421
2.66665
1.90562
2.20385
1.95723
1.27054
1.85571
0.788507
0.534971
0.431489
2.02038
1.56056
0.594617
2.60282
2.02448
2.89079
2.6887
0.932493
0.205383
2.22128
2.12651
0.382867
2.00517
2.03986
0.803546
2.19257
1.13373
2.3398
0.770476
1.11903
0.790985
1.70446
2.72929
1.49955
0.834309
2.55351
0.444819
0.7674
1.38026
0.688357
2.65853
2.4608
1.92724
2.27468
0.691604
1.76249
1.68678
0.798248
2.92626
2.80765
2.61051
1.93356
1.15057
2.39645
1.20124
0.860628
1.15749
2.15044
1.39513
2.76979
2.18206
0.548814
1.00197
2.28913
1.56646
1.6831
0.791925
1.37505
1.64072
0.566503
2.71587
1.00128
2.8044
1.43768
1.54664
1.38505
1.79915
0.8931
0.829182
2.08669
1.55817
0.689212
1.4264
0.321854
1.22081
1.64866
1.94894
1.22286
0.699039
1.5104
1.35565
1.98603
2.38406
1.3595
1.01333
2.84379
2.38056
1.47597
2.10173
1.1985
1.45503
2.4379
1.25294
2.2558
2.88746
0.718009
2.71117
2.49353
2.21154
0.211365
2.3016
1.70609
0.433711
0.930015
0.695279
2.75997
0.916086
0.303311
1.25747
1.59859
1.9116
1.92194
2.3668
2.2341
0.939756
2.76159
1.09366
0.462337
0.589233
1.32472
1.32463
1.84144
1.13536
0.53856
1.21953
0.867721
0.359795
0.245033
0.691006
0.889425
2.76073
0.721598
0.991455
1.6943
2.5395
0.870113
0.696731
0.708951
1.35266
1.31139
2.1736
1.94758
2.81628
1.62217
2.01739
0.246999
2.74988
1.95279
1.9492
2.12651
1.148
1.06315
2.45892
0.408759
1.66661
1.01367
1.68131
0.340483
2.21137
2.14958
0.994018
0.349626
1.21619
1.4153
0.623585
2.77671
0.79953
2.8373
0.747832
2.51771
0.584277
2.81158
2.58171
0.916941
2.57146
1.03555
2.53403
1.24559
1.25242
2.51882
1.92356
2.30536
1.74975
2.71271
2.94044
2.49301
0.971459
2.39543
2.14112
2.86516
2.56924
2.34988
2.56531
1.9386
0.684854
2.07182
2.56052
1.56603
0.475411
2.94642
2.00312
2.62239
2.00244
0.929759
0.803375
1.44136
1.47323
2.77415
2.38065
2.13788
0.823286
0.432344
2.59795
2.55531
1.22474
2.08208
2.04251
2.57411
2.30998
1.20355
2.53959
0.919846
2.29827
1.75155
0.587609
1.20799
1.21115
0.457637
0.201965
1.76257
2.36646
2.30023
1.85477
1.14672
0.335698
0.979662
1.19808
2.34296
0.955052
0.437214
1.85871
2.71938
2.7756
0.854134
0.390899
0.320316
2.34091
2.76791
0.876009
0.81944
0.279641
0.345439
0.454646
2.4708
0.600598
0.648024
0.481137
2.19735
2.5771
0.727238
1.38547
2.9542
2.80919
1.38898
2.33228
1.10194
1.25054
0.662294
2.96257
1.13142
0.787909
1.01213
0.307071
2.87327
2.55992
1.33189
0.558641
2.93224
0.603504
2.15394
2.38928
0.28417
0.415595
0.715873
2.30203
2.9712
0.616065
1.51997
1.10365
0.633412
1.50194
2.22222
0.385943
0.615979
2.07755
2.89019
1.70276
2.78688
1.75069
1.26627
2.93095
2.40406
1.88032
2.47327
1.7025
2.57009
0.964537
0.201196
0.394916
2.40987
1.05563
2.61162
2.96821
1.31079
2.39039
1.19731
0.934458
2.16206
1.02196
0.635719
0.350224
0.73057
2.84277
2.27161
0.315702
2.91104
1.58338
0.469002
2.87088
0.987524
1.37753
2.06764
1.17518
1.04529
0.678274
2.18265
0.65862
1.86802
1.31515
2.18505
0.43072
0.659731
1.4775
0.299722
0.835932
1.52912
2.81397
1.45947
0.842769
1.27182
1.63294
2.05097
0.753813
1.19073
2.79398
1.79231
1.92476
2.68938
1.0758
1.17808
2.17855
1.77787
2.20983
0.329887
1.00444
1.82752
0.365264
2.48968
2.02713
0.912583
1.07486
1.59372
1.63482
1.07597
0.787054
1.96492
1.65354
1.45665
0.833967
1.95979
1.3548
0.216321
0.601196
0.809015
1.08451
0.803119
2.88746
2.48849
0.800385
2.68896
1.44127
0.257595
0.605554
2.91899
0.463875
2.50429
0.565563
2.61025
2.46242
2.33142
1.29686
2.73706
0.244435
1.92527
2.61333
2.94027
1.83956
2.54078
1.71925
1.69848
0.935484
1.14288
2.23615
0.399103
2.81671
2.5407
1.94997
1.24473
1.59261
1.25174
1.36753
1.53501
1.90408
0.735185
0.968896
2.25965
0.493527
1.82922
1.24285
2.74074
1.22799
2.83243
1.39427
2.06191
1.36197
1.86511
2.40978
1.42136
0.228028
1.94877
1.96885
2.94711
1.74112
1.04119
0.889682
1.911
0.306388
1.064
2.99547
1.47981
2.71647
1.36138
2.88874
2.14035
2.82576
2.22598
2.32322
0.535997
0.790045
0.730827
2.05798
0.253578
0.458065
1.70472
1.48349
2.09524
1.10331
0.886178
0.505405
1.57595
1.08272
2.29793
2.37586
0.382269
1.61072
1.67456
0.756206
0.730399
0.235206
0.785003
2.9037
0.560265
1.40342
1.28404
2.26366
0.505148
2.90549
0.932493
2.76056
1.37197
2.38227
2.42286
2.47037
0.27101
2.28622
1.64772
2.56582
0.532664
1.48144
2.04901
2.4191
1.54809
2.27161
2.28443
1.95091
0.471737
1.44204
1.05033
2.91361
2.72331
2.5054
2.6969
2.19479
0.425422
0.935398
0.273916
2.42987
2.51754
1.97979
0.84499
2.21043
2.87874
0.436445
2.50609
2.37663
1.00265
1.58338
1.94852
1.88024
0.757317
1.44717
0.80141
2.90669
0.969237
2.79996
2.79227
1.54245
1.37035
1.87016
0.763213
0.477377
1.24302
2.55668
1.5803
0.426618
0.3022
1.53194
1.17287
1.16219
1.55236
1.02282
2.54112
2.44012
0.454817
1.05648
2.96932
2.11113
2.14582
2.75809
1.28165
1.30327
0.639821
2.48866
1.77898
2.76185
0.958556
2.81064
1.29284
1.03632
1.32062
0.467379
0.395685
1.0006
2.33057
2.56625
2.80363
1.79436
2.30502
0.349712
2.00987
2.27315
0.872762
2.14625
0.385858
1.45401
0.786712
1.68361
0.988379
2.44567
2.0849
2.95625
0.509079
1.7489
0.938218
0.231446
2.00457
0.415851
1.32258
0.784063
0.245033
2.15582
1.45255
2.94411
0.317411
1.2737
2.31433
0.248878
2.72262
1.13066
0.235463
2.68349
1.60167
1.61243
2.42893
2.99923
2.13207
1.89434
2.24802
2.29673
2.9272
1.78949
0.692288
0.461397
2.68032
0.368426
2.49823
1.23901
2.08874
0.337407
0.555223
1.93818
1.49519
2.86191
2.98359
0.747661
1.68592
1.32489
1.81025
2.85687
2.68041
0.705789
1.98321
2.36501
2.35253
1.06768
1.25849
2.36825
0.919675
2.64068
0.499936
2.61205
1.93647
1.7894
2.12762
0.29451
1.83239
1.75112
0.652724
0.611792
0.629225
1.83256
1.4382
1.4282
0.677248
2.95275
1.61867
1.86315
0.845845
1.61953
2.92173
1.97996
0.607776
1.82752
1.52485
1.36368
1.85418
2.96368
2.28699
2.97761
0.476437
1.61004
2.49131
2.08336
0.35501
1.72959
0.837898
0.21427
2.58983
1.12314
2.0226
1.58808
2.61179
1.84495
2.64042
1.14706
1.2126
1.26422
1.55031
2.8132
0.529502
0.260756
0.839607
1.54527
2.22316
2.04097
1.32489
1.3865
1.28567
1.66276
0.727067
0.288614
1.11758
1.35702
1.25824
2.70203
1.30891
1.33189
1.158
1.91647
0.564537
1.1486
2.11583
1.54356
2.60906
0.555736
1.51844
1.32523
0.310062
1.26977
1.45845
2.65777
1.45691
1.38906
0.642384
1.01769
1.43222
0.728776
1.1351
1.07785
2.61393
0.364922
1.67909
2.10088
2.54557
0.673745
1.12459
0.596838
0.3116
0.755608
0.509934
2.63469
1.95612
0.728947
2.12796
0.391327
1.58167
1.38359
2.51643
0.530442
2.96616
2.68024
2.91079
2.99453
2.33527
1.18244
0.496005
0.999402
2.72818
1.91134
0.794916
1.6197
2.99299
2.70758
0.530784
0.550523
1.0505
2.98992
0.901474
2.83431
2.0643
0.597522
0.603589
0.739799
1.15159
0.603076
0.542149
0.582141
1.27746
2.58479
0.365691
1.26823
2.36458
1.44375
1.96202
2.35843
2.65939
1.8564
2.85388
0.430122
1.59184
0.246229
0.23119
1.13151
0.364409
1.56561
2.55753
2.91207
0.710233
2.37244
2.28776
2.21786
0.855416
1.89186
1.83589
1.34053
0.325443
0.547618
1.52903
1.50425
1.43204
2.85277
2.48549
1.58133
2.27682
0.946422
0.354668
1.82205
2.7116
0.464046
0.456783
2.18727
1.29139
0.628797
2.25828
0.270241
1.85777
1.45136
0.521982
0.796796
2.18983
0.325956
1.46947
2.48908
2.9612
0.510446
0.491562
2.28272
1.03982
2.17642
0.946678
2.28323
2.5683
1.31874
0.982226
0.650075
0.261696
0.811408
2.71895
2.19556
0.761675
2.89592
1.53339
1.88537
1.68276
1.39163
1.37787
2.23025
1.38949
1.7148
2.6746
0.954027
2.74176
2.99274
0.320487
1.52664
1.44503
1.16253
2.74296
2.54984
1.44401
0.540867
0.340739
1.78223
0.396539
0.351421
0.650075
1.59244
1.66576
2.49968
2.57214
1.22628
1.46708
1.4799
1.7994
1.87674
2.00902
2.70511
0.579577
1.54347
2.06388
2.14335
1.95304
2.87037
1.80632
1.55202
0.802008
2.54693
1.35813
0.594873
2.24956
2.26289
1.87511
0.9301
1.34429
1.40205
2.61495
2.75706
2.17052
0.263747
2.82277
0.909421
1.91921
1.99953
1.87255
2.98171
1.25824
2.85114
0.901047
0.976672
2.9401
0.879342
2.17257
2.9618
1.1827
1.56988
1.01111
0.221107
2.16283
2.90378
2.93907
1.59184
2.55856
2.6805
2.05764
2.07046
2.87789
2.28075
0.908737
0.579064
2.11258
2.05695
2.25409
1.17654
2.85277
1.73779
2.61043
0.604187
1.40094
1.0358
1.97714
2.85183
0.423798
2.64495
0.794745
2.03269
1.87631
1.61431
1.37129
2.25469
0.938987
2.4884
1.6138
1.77513
0.304508
0.598462
1.10365
1.726
1.14963
2.49421
1.75104
0.298697
1.33275
2.30237
0.668703
1.87451
1.95262
0.201025
2.30058
1.98808
2.40594
2.19564
2.64298
2.81312
1.88263
0.584448
0.59718
0.455757
1.4341
0.302542
0.48934
1.54467
2.15454
0.929673
1.99611
2.00397
2.00987
2.35048
0.31254
2.2981
0.855245
2.65537
1.20218
0.434651
2.17522
0.267678
0.962914
0.613929
1.48639
2.48695
0.350139
1.21115
0.33903
2.0326
2.49182
2.78082
2.2558
2.18
2.2341
2.56864
1.54399
1.67148
0.955651
2.22076
2.52036
0.393805
1.08682
0.775176
1.68413
1.40743
0.371416
2.42576
1.17774
0.315018
1.71019
2.74313
2.87148
1.9586
2.62076
2.44337
1.00897
2.23042
2.55428
1.1891
1.15364
2.98667
0.504379
0.912497
2.17026
0.650844
1.54706
1.94604
2.58129
2.49507
1.94775
1.8499
1.63533
2.78483
2.27477
2.62324
0.424396
0.777825
1.35488
2.58547
1.38778
1.16142
0.910446
1.0176
0.340397
0.517795
1.71335
0.248451
2.963
1.20414
1.49494
2.47498
1.09084
0.234864
0.649049
2.80372
2.3404
2.9542
0.765349
1.00043
0.808673
0.684939
2.03072
2.63692
1.98577
1.34386
1.33574
1.3195
0.81551
1.80769
2.72485
2.29118
0.843367
2.22017
2.82611
0.689383
1.38872
1.42564
2.09985
2.7527
1.47819
0.918137
1.74223
0.459175
0.678872
1.29216
0.681521
1.88682
0.767913
1.78419
2.90583
2.58171
2.37654
0.890194
1.95732
0.223585
0.545225
0.249648
0.43354
2.27366
1.3295
1.38052
0.530613
2.8943
1.79026
0.254433
1.06725
2.02705
0.310489
2.90011
1.42649
0.916855
1.97236
2.62
0.253236
2.16992
1.93382
0.810724
0.545054
1.83222
1.14236
0.772869
0.572314
1.57731
0.922495
0.497543
1.86751
0.489682
2.77518
0.618714
2.51916
2.93232
1.92613
0.31724
1.40957
1.98389
0.961461
2.96505
1.23209
2.93677
1.28712
1.49639
2.32715
1.53929
1.55014
1.69472
0.37304
1.07246
2.75894
2.98035
2.37048
2.54753
1.64046
0.489767
1.15689
1.71207
2.7721
0.831147
1.289
2.75245
0.224097
0.504807
2.93121
1.17962
1.25242
0.576415
2.98607
1.78633
0.777569
0.989917
1.30609
1.76214
1.58782
0.507541
1.22329
2.05584
0.204187
1.66482
0.633839
2.27007
2.54514
1.92818
2.07601
2.97812
0.526597
1.24174
1.6385
1.54843
1.73796
1.55253
1.93698
2.56625
1.32839
0.499081
0.595642
0.937535
2.24324
2.45413
2.27204
0.765606
0.946678
1.50502
2.86208
2.88447
2.76902
1.5639
2.32382
1.73984
0.81457
2.9906
0.355351
2.90327
2.17103
1.31891
0.567272
1.10647
1.75266
0.273147
2.58402
2.88635
1.5204
0.660756
2.11412
2.92318
0.611621
0.930528
0.826191
0.965307
0.920615
1.78359
1.26704
2.02329
1.26456
0.223328
2.66059
2.72228
2.27468
1.83324
0.824995
1.70216
0.748601
0.269216
2.44516
0.549754
1.20226
0.354924
0.937791
2.35304
0.957958
2.96616
2.54745
2.36304
1.7072
2.89259
2.3104
0.252809
1.0852
1.86537
1.32386
