0.453108
1.09707
0.22649
1.94484
2.39996
2.01474
1.39889
0.854134
0.58573
2.13719
0.328263
2.96539
1.58398
1.45537
0.909677
0.390387
2.26905
1.51579
0.993335
1.90963
1.50656
1.50109
0.292801
1.19756
2.0267
1.35984
1.14561
2.89148
1.16843
1.92331
1.51365
1.93997
1.38291
1.74582
0.610511
0.670583
2.78218
0.207691
2.54463
1.01171
0.222559
1.01675
1.9633
0.30784
0.408075
0.446785
1.4881
0.966076
0.302884
2.05003
2.92702
0.769195
1.14023
2.98171
2.45046
2.09549
2.11404
2.07362
1.72164
1.28071
0.442427
2.79449
0.764837
1.96108
0.689724
2.43422
1.36223
2.43345
1.23405
2.2505
0.765093
0.872079
2.76894
1.91391
1.70737
2.03764
1.12596
1.79043
1.70916
2.11634
0.906088
1.59739
1.65747
2.52805
1.00667
2.17231
2.25204
1.33899
2.53266
1.68934
0.303226
1.91801
1.37804
1.46409
1.0699
1.4728
1.96731
1.48135
2.62452
1.90451
0.441231
0.785516
2.03311
2.81773
1.77778
2.46952
1.73805
2.32288
2.33288
2.00056
1.52972
1.87033
2.29101
0.620936
2.09643
1.55116
1.91066
2.95932
2.73894
1.70404
1.25439
1.3918
2.43653
2.86516
2.08943
1.49024
0.854476
0.298184
0.84687
1.49383
2.87755
1.54288
2.12737
2.54292
0.858492
1.61816
2.43978
1.81188
2.56984
0.319291
1.66157
0.479086
0.644179
1.84486
0.307327
1.07084
1.89306
2.79133
0.89404
0.916257
1.08972
1.15433
2.28853
1.05307
0.804913
1.57176
2.52796
0.918564
1.08186
1.84777
1.79701
0.965563
1.73933
0.39483
1.45307
0.339885
2.68896
1.23098
1.98287
0.556932
0.255031
2.97043
1.38206
2.31553
1.28455
1.64396
2.44285
0.784832
2.63392
2.18855
2.43662
2.90464
2.62102
1.24089
1.68191
2.03294
0.429438
0.474813
1.6825
0.682205
2.45268
1.91946
1.32395
2.67827
2.76535
2.4943
1.01666
1.08161
1.50946
0.800897
0.872506
0.808246
0.383465
2.60667
2.80235
1.48648
2.62034
1.65952
2.62213
1.88836
1.44315
0.670583
1.65524
1.87289
1.18637
1.5022
1.51869
1.57842
1.86862
1.39889
0.37962
1.80171
2.60504
2.69861
1.97125
2.50079
2.24819
2.86268
2.45413
0.560607
2.24264
0.260158
2.81192
0.556676
1.28233
2.14642
0.667421
0.456441
0.758257
0.270498
0.807648
2.39415
2.18231
1.35249
1.10476
2.05747
1.57731
2.26452
1.52083
1.22431
1.21841
2.75586
1.28336
2.58513
1.71472
1.55826
1.12006
0.589746
0.418415
1.50878
0.838667
0.256655
1.14843
0.328776
0.741423
2.08062
2.41645
1.09554
2.76014
1.77736
2.74296
2.24392
2.99949
1.80239
1.45059
1.13689
2.37714
2.18206
2.72254
1.84127
1.84743
1.19278
1.31224
2.34535
0.495065
1.4282
2.49489
2.25879
2.18906
1.38932
1.44392
0.629054
1.48126
1.73753
2.62461
2.51404
2.03927
0.745952
1.58791
1.14715
1.90058
2.48831
1.35625
1.93365
1.63474
1.101
2.5847
1.91408
0.501901
1.05777
0.488229
2.1336
0.295193
0.393377
0.521299
2.95437
1.55373
2.41389
1.79615
0.948216
0.634437
2.43089
2.23008
1.80743
0.330058
1.05785
2.40594
0.710575
0.520786
1.80624
0.536509
0.582055
1.14655
2.51643
0.317582
2.88165
0.788592
2.76526
1.65849
2.16146
0.746294
0.383465
1.67849
0.229994
0.698697
2.02346
1.1539
1.15732
1.43589
1.31292
1.80684
2.96206
0.749797
2.73348
0.819611
0.415168
0.771075
2.76048
1.56526
0.800897
1.63909
0.802179
2.13967
2.6687
2.59333
1.87588
0.283914
1.01692
2.17334
2.35791
1.48383
2.54437
1.81487
1.94535
1.63431
2.40671
1.7295
2.36749
1.05614
1.31634
1.75539
2.38329
1.65251
0.423029
1.66635
2.80372
1.99304
2.41132
2.42773
0.275027
0.912412
1.05477
2.88481
0.362273
2.01192
1.66259
1.77351
0.668618
1.64969
1.45631
2.33886
2.52925
0.409784
0.315275
1.44956
2.01713
1.03478
1.72711
2.49703
1.99774
2.01149
1.58099
0.363726
1.57073
2.99641
0.241786
2.95275
1.83563
0.468062
1.94211
1.16056
1.11929
0.995129
0.529502
2.18573
1.80256
2.50558
2.40705
1.6573
1.884
1.74685
1.70387
1.07255
1.81709
0.72288
0.514377
2.03021
2.56001
0.295962
0.442341
2.54787
2.97385
1.34087
2.2881
2.55001
0.508225
1.63918
1.71617
1.81504
0.510703
0.500278
0.941551
0.26802
1.69806
2.0984
1.86999
0.707498
2.32638
1.5104
0.732878
1.45247
2.99889
0.444734
2.85148
1.39932
0.246742
0.24734
1.96945
2.17368
2.82277
2.37193
1.59107
1.86631
0.44294
0.302884
0.362188
1.4405
0.916428
1.51895
2.13172
1.49699
0.99812
1.88246
0.730912
2.08618
1.30378
1.44469
2.90857
2.85328
0.624525
0.853621
0.258364
2.20427
1.57748
2.95052
1.17817
1.18167
2.13104
0.744755
2.89549
2.33467
2.14155
1.55373
0.599316
0.8743
2.23991
1.29353
0.515488
0.399188
1.80359
0.7116
2.36133
2.87968
1.35428
2.74493
2.01918
2.38808
2.11668
1.59423
2.26486
2.26332
2.47567
0.699979
1.18928
1.19534
0.871822
0.208289
2.15087
1.51938
2.07011
2.31433
0.895065
2.00526
2.74023
0.270241
2.08062
0.431062
0.886605
2.24631
1.2473
1.82769
2.26503
2.63016
1.2655
1.68173
1.12331
2.35561
2.10276
1.58475
0.803888
2.04448
2.14634
1.41589
1.14544
2.35176
0.318778
0.345952
1.42119
2.50028
0.823457
1.14988
1.75198
0.59248
1.35847
2.51506
1.32993
0.68793
0.235975
1.83333
1.59286
2.23204
0.444649
1.56484
1.484
2.02534
1.29207
2.45943
1.33677
1.1198
0.465328
1.92442
2.52079
2.03055
2.74792
0.426362
2.58752
2.64871
2.22777
0.613758
1.05247
0.245631
1.43786
2.04815
1.55168
0.753471
0.663234
1.43102
0.309378
1.91049
1.25422
1.21534
2.65589
1.45939
0.982226
2.8872
1.53117
1.7853
2.87661
1.80632
1.71361
0.580432
1.57859
1.89297
1.30951
0.524802
2.2517
2.64794
0.242555
2.368
2.48438
1.99415
0.480026
0.401581
0.623157
1.02649
0.532237
0.708866
2.97462
0.957872
2.16496
2.77919
0.91113
0.748943
1.06024
1.27439
2.32194
2.50865
1.76462
1.73574
1.64191
2.35364
0.660414
0.617945
0.901132
1.81367
2.50019
1.8376
2.42773
0.670925
0.239222
0.624439
1.64439
0.719547
0.505661
1.26242
1.39615
0.9348
2.04388
2.30793
0.645033
2.33775
1.07016
1.87289
1.37052
0.24341
0.878146
1.36035
0.513095
1.78069
1.62987
1.43991
2.39868
1.56988
0.871224
2.25016
1.6796
1.04751
0.310233
1.61636
0.23307
1.52348
1.79342
0.470284
2.45114
0.460372
2.01884
0.86003
1.96108
2.26067
2.52429
2.93711
2.21487
0.250075
2.48643
0.30784
2.78329
2.74552
2.06934
2.53847
2.19308
1.0922
0.659987
2.99846
2.34458
2.96138
0.927537
2.03234
0.947703
0.792694
0.244777
0.846016
1.8129
1.47118
2.80842
0.495236
1.43529
1.12433
0.396197
2.56402
1.30942
0.32869
2.69887
1.12057
1.61166
2.41218
0.762273
1.73796
0.488058
0.5395
0.48088
1.16706
2.18616
2.66981
1.27575
2.64948
2.26529
2.07165
0.898569
0.457466
0.726896
1.28515
2.29622
0.249306
2.89934
2.81696
2.6752
0.426533
2.91532
1.65653
2.30237
1.08109
2.02064
2.10156
1.98039
2.11993
0.550438
1.57834
1.53416
1.1545
1.81102
0.347148
1.84751
0.342277
0.304337
2.17736
0.385174
1.96877
0.933518
0.481906
2.34074
1.95595
2.42602
1.79821
0.944456
0.286221
2.81218
2.70135
2.27212
1.12903
2.19667
2.83986
0.488913
2.05584
1.86118
0.978979
1.26909
1.13433
2.93403
0.74091
2.12574
1.68626
0.865584
0.927793
2.19128
1.49759
1.34719
2.71639
0.58385
2.26947
0.709977
0.210852
2.69801
0.895492
1.24149
0.64264
1.95706
1.15441
1.65875
1.50237
1.16518
1.80487
2.37287
1.6943
1.79547
2.4702
2.18547
1.99842
2.95292
2.90053
0.852425
1.92937
2.74817
0.599487
0.952916
1.47819
1.82196
1.60389
1.10177
0.825678
1.75497
1.80222
1.94245
0.914548
0.901987
1.18159
2.95727
0.766802
2.78902
2.78885
0.333818
2.83568
0.407733
2.7938
0.324418
2.67776
1.94877
1.84349
2.3351
2.23486
2.50694
2.09233
2.58334
0.610767
0.900192
0.498056
0.561547
1.63251
2.53677
1.56971
0.342534
0.481991
1.06896
1.35531
2.9665
2.68682
2.97189
2.25717
1.54458
1.35668
0.982739
2.062
0.519932
2.35407
2.54087
2.77313
0.719889
0.885238
2.36313
2.23273
2.43918
2.00056
2.49413
2.92164
1.79188
2.48985
2.56813
0.92335
1.76761
1.46272
2.02021
0.641102
2.03166
1.89912
1.38411
1.45435
2.90498
0.458492
2.41397
1.90246
1.56244
0.635377
2.5683
1.18398
1.88682
1.7483
0.392779
1.55749
2.01483
1.64978
1.74044
2.63239
0.614527
2.0455
1.36462
2.33749
2.73066
1.10844
2.62564
1.15407
1.83461
1.47793
2.24461
2.00158
2.91839
1.52852
2.84593
2.36253
1.66832
0.798505
2.62239
1.83546
1.35727
1.46392
2.46302
2.1025
2.09182
0.346208
2.27956
2.89925
2.0526
0.94138
1.67003
1.77428
1.36539
0.75706
1.8564
1.22636
0.639821
0.2464
1.63388
0.20658
1.61363
2.62504
1.06947
1.5721
1.9398
0.459175
2.88755
1.28054
2.75458
2.31297
2.87883
2.11139
1.46281
2.94061
1.27199
0.902414
2.37962
0.71348
1.20449
0.488058
0.863875
2.16778
1.0288
0.927879
1.58338
2.56018
2.5947
1.6126
1.34711
2.72074
0.2417
2.43474
2.7433
0.688186
0.642128
2.01115
0.220423
1.61756
1.82957
0.746464
2.04909
1.24533
1.1521
1.12331
1.80051
0.401068
2.4878
1.80649
1.98261
0.25298
2.85858
0.35125
0.666909
2.17419
1.58107
1.10015
1.7477
1.11724
0.89216
1.05768
1.66755
1.98594
1.98535
0.72963
2.0496
0.289212
1.79727
1.51468
1.07246
1.3677
2.88011
0.236232
1.82487
2.67699
2.49891
1.20141
1.67934
2.21906
1.29019
0.374493
0.920615
2.40551
0.420124
1.25354
0.267592
2.44337
2.37877
0.235548
0.325016
1.72814
1.1492
1.06084
0.60376
1.7342
2.08849
1.72027
2.74629
0.887545
1.25687
2.21624
1.59517
0.710916
0.934715
1.76283
2.34236
0.926511
2.26323
0.213672
2.59556
1.80504
1.34685
0.304251
2.80115
2.64879
2.55522
0.297073
0.659133
0.695364
2.56112
1.61602
2.16966
1.73027
0.853706
1.45862
2.14599
1.89502
1.46238
0.572912
0.434138
2.37979
2.83072
1.78684
1.07562
2.48635
2.17659
1.47699
1.84948
1.95005
2.87661
2.76552
2.63307
2.80756
0.812604
2.23085
0.818671
2.49857
2.61718
1.32181
2.2223
2.08823
1.35505
2.66101
1.72326
1.69857
1.78077
0.42508
1.27174
1.43563
1.1057
0.591369
2.70211
2.30023
0.615979
1.83495
0.988464
2.97035
1.67627
0.866866
2.18171
0.941124
2.65811
0.599573
2.06336
2.31237
0.730058
0.926511
2.95591
1.10767
1.04683
0.904807
1.92527
2.41688
0.874984
0.527195
2.61495
2.64546
1.59338
2.87199
0.746208
1.16048
2.10481
2.01696
1.12587
1.42068
1.39727
2.30656
2.19564
0.276821
2.99188
1.15817
0.361931
1.93117
1.41427
0.596496
0.545225
2.04277
2.22922
2.10164
1.18227
0.866695
2.57283
2.36099
1.72395
2.11412
0.522666
0.509336
0.861397
0.420637
2.2417
0.848323
2.72211
0.911728
2.83328
2.0285
2.06934
0.950438
2.24691
1.4852
2.14651
2.7574
1.36898
0.514121
2.60085
0.988635
0.439094
2.37407
2.7251
2.75979
0.927366
2.80372
2.25546
1.80385
2.21094
1.74232
2.96146
0.65016
2.58761
2.03935
1.66695
2.5119
1.56347
1.54082
0.339372
2.36902
1.7524
0.342192
1.48332
2.53634
1.72438
1.59175
0.478231
1.00094
0.540696
2.43542
1.89605
0.219654
2.51429
1.0875
1.43683
1.46153
0.929673
2.6176
2.5201
1.58441
2.06456
1.83888
0.768511
2.13283
1.0464
1.48648
2.62333
2.84379
1.68413
2.07362
2.92591
0.649306
0.210852
2.01201
1.7066
2.66247
2.67691
0.384918
1.81538
1.43392
1.52775
1.76009
0.433198
2.16804
0.708609
1.42982
2.9019
2.58402
0.828498
0.866012
1.90844
1.1116
2.92472
0.977612
0.863533
1.3072
1.16364
0.557701
2.10951
1.37881
0.616407
0.708097
2.39671
1.10724
2.44508
0.629054
0.265114
1.05067
1.03914
2.36056
1.76984
1.12032
2.6382
1.464
1.18517
1.41478
0.778851
0.831404
1.52903
1.20047
2.10387
2.20906
1.14048
1.72583
1.46964
1.4235
2.75236
0.35595
2.69109
0.697501
2.09242
1.31694
0.660585
2.44379
1.2543
2.53497
1.57859
0.722367
1.07255
0.660329
2.63333
1.95219
0.941038
1.76163
2.26751
1.46024
2.31254
1.37855
1.56902
0.660073
2.31476
2.62188
0.723307
2.64426
1.72352
2.40517
1.46546
0.978637
2.52796
0.499423
2.66811
0.287759
2.52617
0.69545
2.80457
2.21692
1.38898
2.76202
2.02269
0.958214
0.429865
2.08823
0.769109
0.330741
2.11626
1.29669
1.69891
1.39949
2.76304
0.315616
0.610511
0.621278
1.24285
2.79637
1.14176
0.706558
0.352275
2.56505
2.56548
1.38282
1.27131
1.99534
1.02153
0.248024
1.35232
0.789447
1.12339
1.70182
1.2784
1.45546
2.67614
2.54027
1.02572
0.768426
1.44358
2.60496
1.86981
2.3022
2.30297
0.669985
2.27229
2.51959
2.5225
1.55783
2.08481
2.30998
2.30169
0.268618
2.90925
2.05866
0.310575
2.71339
2.25059
1.33882
0.565734
1.23525
2.90036
0.51113
2.38013
0.910019
1.58765
2.92002
2.52506
0.80987
0.736125
0.972997
0.941465
1.02051
1.76385
0.791839
2.73783
1.19739
1.36317
1.52151
2.21145
2.65007
2.39944
0.785858
0.433027
2.14061
2.06405
1.17637
2.92942
0.584875
2.52164
2.46259
1.40256
0.843623
1.08673
2.01055
0.824824
0.990686
2.36928
2.09763
0.643239
2.04593
1.0247
1.81102
2.63504
2.96112
2.74775
0.217261
1.74907
1.84486
1.34617
2.49019
1.67148
1.41581
1.93313
2.48507
0.253407
1.26977
2.47413
0.646315
0.537535
2.94975
1.32754
2.73698
0.92147
2.00534
1.81581
2.27503
0.595471
1.43042
0.263491
1.36787
1.79197
1.0646
1.34249
2.82935
2.98385
2.94762
2.35851
0.267421
0.96975
1.21312
1.51921
2.6317
1.58406
2.11062
2.61982
2.30579
0.967699
0.741423
1.18423
1.63405
1.5386
2.09754
2.89934
1.36949
2.19915
1.78966
0.57915
1.52937
1.71737
2.85345
2.49806
2.14796
2.41995
0.819868
1.92809
1.21218
2.73501
2.23862
0.320658
2.46875
2.12053
0.440205
1.96774
2.3897
1.31831
1.7272
2.98086
2.58385
1.86845
0.578124
1.62679
2.94258
1.8235
2.65571
2.45507
2.20555
2.80013
2.60367
2.0561
0.436189
2.90318
1.42128
1.68789
2.09242
1.86332
1.20295
1.00752
2.98146
1.32318
0.430036
1.34642
1.78522
1.40949
0.402094
0.764666
2.64529
1.7307
1.19603
0.925144
1.89272
2.33553
0.539842
2.42166
1.01231
1.57065
1.98893
0.200513
2.52779
0.376031
0.991626
0.513181
2.89532
1.55313
2.83303
1.03563
0.693313
2.34604
1.84273
0.394488
0.596155
2.47071
1.05546
1.13501
0.618201
0.732279
1.71173
2.37056
1.91715
2.36535
2.58488
2.14907
0.643068
1.83649
2.9242
2.97599
1.12134
2.44602
1.39932
1.32907
1.4564
1.0664
1.63559
2.20479
2.04405
2.15522
2.72536
0.331596
2.08037
0.578979
2.10532
2.68998
0.953343
2.98718
0.385858
0.373553
0.406793
2.07199
1.91989
0.833198
1.9615
1.45375
0.699124
0.536509
1.0834
2.7263
1.36608
0.684683
0.585217
2.00278
0.526768
2.02141
2.74911
2.6981
0.554881
2.97248
2.65742
2.28468
0.672292
1.55339
1.02042
1.7612
1.09468
2.88259
2.98735
1.16962
1.42974
1.93672
1.62747
1.89921
1.11468
2.18821
2.17197
1.51493
2.68186
0.558812
1.69951
1.84743
0.43824
2.1301
2.75706
2.08216
2.94856
0.645717
0.801154
0.385345
1.90664
2.24546
1.54775
1.00427
2.98573
0.466012
2.51839
2.77885
0.452168
2.34826
0.469515
2.40295
2.73305
2.48635
0.994104
2.37201
1.92185
2.05849
2.37971
0.955394
2.81312
0.474984
2.81465
1.72984
1.65072
0.682034
0.227174
0.412348
2.17924
0.557872
0.245204
0.5301
1.18509
0.240504
1.56492
1.6643
0.314335
0.622303
2.21606
0.605469
1.55646
0.450716
1.60961
2.35911
1.17928
0.871822
2.65819
2.93608
1.10459
2.45439
2.85328
2.46943
2.11096
0.731339
0.989746
2.1912
0.650929
1.6978
2.82388
1.80949
1.27122
1.70113
1.95159
1.22175
2.02226
0.76176
0.396454
0.702457
1.24516
2.16223
0.393036
0.702542
2.72399
2.94104
1.05418
0.997864
0.389447
0.930442
1.40872
0.324418
0.763555
0.573852
1.49887
1.8382
2.73074
1.16167
0.223072
0.336125
1.22414
2.92232
1.21235
1.37676
1.61423
0.606153
0.227772
0.637001
2.18761
2.80107
1.76719
1.64422
1.5022
1.81342
1.96672
0.218714
2.0085
2.35774
2.2875
2.56642
2.32211
0.286563
2.27212
2.55779
2.73698
2.80261
2.26024
1.93108
2.36535
0.987524
0.750566
1.75744
1.29267
2.8878
0.495834
1.30515
2.93557
1.59141
2.41935
2.64042
1.98799
0.537278
1.43948
1.10229
0.746977
1.29105
2.49148
1.99022
2.80124
0.426875
0.831318
1.59936
1.67319
1.55228
0.912326
0.944029
0.200427
2.31322
1.11844
1.50442
2.64512
1.61773
1.84555
0.934971
1.31686
0.91395
0.614954
2.47327
0.49968
2.76244
0.908652
2.78364
1.46785
2.93753
1.21329
2.77697
2.57872
1.69789
2.15932
0.540611
2.6311
2.46217
1.04503
2.51899
2.67614
1.12698
0.430891
0.879086
2.86729
1.4664
2.89225
0.802264
0.737834
1.04862
1.8188
0.836189
1.494
2.70844
1.94749
1.6467
1.90921
1.6126
1.11613
2.30613
0.409186
2.95565
0.525913
0.655885
0.53386
0.72382
3
1.68139
1.56432
0.564452
2.1254
2.83482
2.30211
0.39765
2.96676
2.2458
0.587951
0.609998
1.63756
1.55629
0.548985
2.26417
0.818586
1.71617
1.75932
0.765777
2.50916
2.67921
1.90374
0.622559
1.89947
2.5348
1.13142
2.73356
2.05251
1.4147
0.486776
1.04674
0.480453
2.91122
2.20487
1.62252
0.906601
1.54399
1.45939
2.93916
1.29626
2.21495
2.55095
0.879427
0.24828
1.38547
1.52151
2.03568
0.830976
1.11733
1.7853
2.36851
0.752873
2.51147
1.96039
1.6608
1.15381
2.08387
2.89148
2.40038
0.505148
2.01594
1.04896
1.9316
0.305448
1.81615
1.29387
2.11233
0.260414
1.93142
2.19419
0.51301
1.23363
0.844478
0.881649
1.39778
2.0555
2.19633
1.43563
2.12207
2.87917
2.26964
0.982055
1.58628
1.16919
2.37193
1.89408
0.382781
1.41196
2.45524
1.88374
2.87285
2.23401
0.909848
1.96954
2.03115
1.61696
1.67011
0.91019
2.09746
0.696219
0.369024
2.08985
1.06905
2.03012
1.08007
1.44341
2.07541
2.42781
1.78282
2.00936
0.869686
1.42393
2.89054
1.29703
1.67652
0.286135
2.17659
2.65708
0.232044
1.44401
2.43841
2.44021
0.254946
2.82636
0.834394
1.33506
2.18547
2.5947
0.234181
2.8702
2.42901
0.360735
0.316556
2.66742
0.744157
1.97475
0.354839
1.43683
0.810211
2.77142
2.22675
0.497885
1.61252
1.16373
0.785003
1.61551
1.08408
0.669301
0.528819
0.738859
1.23927
1.85785
0.909934
0.230164
2.6388
1.10699
0.414826
1.16979
2.62213
0.455501
0.957274
0.32758
1.94552
0.638282
1.12126
0.985388
0.662893
1.19389
1.78949
0.600171
1.88776
2.12984
1.49682
0.894211
1.47195
0.234266
2.24572
0.559752
1.84119
2.52173
0.319547
2.16702
2.82269
2.29853
2.43457
1.86076
2.10327
1.9386
2.56394
1.83538
2.95642
2.65426
1.77556
2.97385
0.273061
0.550609
0.817646
0.839778
1.33736
1.65174
2.99197
1.2091
1.9809
2.78441
1.8499
2.72869
2.55676
1.40914
2.45242
2.09011
1.16766
0.8837
0.327238
2.90609
0.987866
1.44871
0.46379
2.47635
2.71527
2.22085
0.48182
2.03072
2.19086
1.68285
0.712626
0.637513
0.625379
2.35698
1.72805
1.56415
2.66691
1.54954
1.65781
2.47686
1.3501
1.85375
1.42982
1.06913
0.763384
0.89891
2.27272
1.50391
2.67101
2.43363
0.817731
2.85841
2.32843
2.62888
2.53719
2.55881
0.928733
2.09122
2.85661
1.59261
1.51562
0.27084
1.47981
2.48524
1.40333
0.354155
2.06208
0.829267
1.1386
0.926341
1.17039
0.553941
1.04332
2.49395
2.66819
0.520957
2.57573
2.3521
2.66161
2.23632
2.34578
0.286648
0.744499
0.263576
1.62491
2.59658
2.28152
2.32767
2.3856
2.12463
0.26332
1.49511
1.50835
2.98564
2.27588
0.620508
1.79556
0.476437
1.51681
0.243837
1.02692
1.65866
2.20009
2.52873
2.89609
2.69861
1.084
1.22705
2.6652
2.85448
1.86144
1.8599
2.57445
1.99611
0.548473
2.89908
1.44563
2.74698
1.81119
1.73967
2.31493
0.533433
1.56501
1.0499
2.1342
2.23145
1.38701
0.884811
1.77821
0.695621
1.27703
2.55394
0.393976
1.86041
2.70519
1.2267
1.13125
0.898996
2.08396
1.66781
0.690493
1.32933
1.00222
0.48464
0.926853
1.55236
2.15804
2.87943
0.946422
0.712796
0.527964
0.489425
2.33348
1.56757
0.3116
0.70596
2.74578
0.650502
2.78697
0.456954
2.1148
2.22094
1.21483
0.442683
2.28921
1.48297
0.731083
0.411237
1.95928
1.56381
1.36189
1.46101
1.29831
1.33753
1.30156
0.758171
1.36035
1.78351
0.588977
1.857
1.47041
1.56441
0.721256
0.80893
2.0455
1.51451
2.74134
2.0502
2.08327
2.72254
2.13694
1.85324
1.55629
1.09921
2.68998
1.73147
0.749626
2.31553
2.81107
0.782952
1.17817
1.19902
1.69951
1.36206
2.92241
2.6775
1.26439
2.26563
0.219568
0.354924
0.744926
2.62153
0.948387
1.0094
1.96808
1.86742
1.84256
2.69904
2.57915
2.20641
1.07417
0.764409
0.785687
1.72737
2.44149
2.2147
2.9495
1.37855
0.399786
2.38432
1.56561
2.78005
0.973254
2.34843
1.76573
0.46379
0.583935
1.38496
2.28314
1.52937
0.237086
0.969836
0.616749
0.700235
2.2987
2.19299
1.13254
2.57197
2.90404
2.28357
0.637941
2.2364
2.8338
2.93087
2.96949
2.0708
2.2963
2.48925
0.728092
1.08007
2.45174
1.55339
0.902927
0.978124
1.51767
2.39312
1.7172
1.79675
2.6922
0.933348
0.23777
0.409528
2.13266
2.16872
2.48285
1.15783
2.22709
1.69797
0.766546
1.56697
1.59637
0.66802
2.01807
1.5392
1.46469
2.41397
1.81188
1.81222
2.23435
2.08199
1.84811
0.86943
1.90485
1.52416
2.01859
0.890451
0.97163
1.95168
0.397906
1.12869
0.243239
1.0335
2.29588
0.503696
1.8135
2.92959
1.70908
1.79667
2.4267
0.744414
0.709549
2.83431
0.674001
1.48981
2.1072
0.651442
1.65695
2.64324
1.72429
2.41799
1.35659
1.5897
2.41901
1.91767
1.54621
0.235719
0.595642
2.1677
1.08332
2.08045
0.939415
0.964879
0.421149
0.433711
1.71233
0.346977
1.57449
2.66793
0.748943
1.55646
1.17842
2.39022
0.888314
1.69344
0.878573
0.423884
0.580773
1.24738
1.88836
0.485751
1.60543
2.29186
2.35185
2.04687
2.83807
0.933177
0.75031
0.264431
0.804743
1.39803
1.58808
1.47289
2.36073
2.14839
1.39727
2.51985
0.229566
1.01188
1.69797
1.2367
0.743303
0.514292
1.75044
0.330399
1.31737
1.60141
0.939158
1.98261
1.40154
0.538475
2.82388
0.246144
0.441401
2.37526
0.295962
2.12506
2.18983
1.36214
1.07921
0.424396
1.30404
0.507114
0.208716
2.06029
2.36843
1.05939
0.730399
1.31515
2.4778
0.508481
0.453706
1.72668
1.52057
2.6852
1.19859
1.2978
2.09831
2.95249
0.372613
2.71587
1.6197
2.47396
1.71626
2.4667
2.90617
0.546849
2.25281
0.933689
1.04657
2.18795
0.682376
1.36693
0.839009
1.15817
1.05597
0.611194
2.95659
0.815851
0.967101
1.08058
1.97432
2.18436
2.49917
2.06567
1.59671
2.02115
1.56612
2.66272
0.620594
0.278616
2.28314
2.41107
2.57317
0.940355
0.805597
1.12664
2.56069
2.8232
2.0731
0.81944
1.46793
0.731596
2.6969
2.78099
1.0429
1.95185
0.627601
2.73194
2.00662
2.87327
1.24106
2.31451
0.724076
0.724418
2.079
0.619227
0.975134
2.01209
1.48366
0.8326
2.76125
1.84939
2.16232
1.29301
1.48708
2.1618
1.7195
0.443367
1.45383
0.957787
2.7956
1.76667
1.40111
1.05153
1.24713
0.593078
0.836274
1.22636
1.80914
0.465926
1.68772
1.42427
2.87379
1.75266
0.819697
1.75138
2.62564
1.79051
1.14672
1.68515
1.76966
2.45294
0.484298
1.67165
1.88938
2.8244
2.67451
2.30006
2.67323
0.87131
1.7219
0.442085
2.64631
1.39701
0.280667
2.74399
1.04529
0.967272
2.02722
2.65742
2.67349
0.294424
2.85636
2.99949
0.974023
0.76834
1.64106
2.22529
2.75894
2.01987
2.28998
1.20508
2.62982
2.00628
2.64196
1.88972
1.33104
2.50481
0.735356
1.45401
1.26926
1.90254
2.78851
0.904892
0.638881
0.569921
1.82905
0.942064
0.590686
0.704849
0.911301
1.25815
2.08105
0.736125
2.25657
1.26644
1.23841
2.57257
2.65571
1.64362
1.88605
0.985473
0.470626
1.87426
0.857295
1.4129
1.37334
1.58577
1.14151
1.87178
2.95779
0.860457
2.89789
2.06678
1.36479
1.71258
2.17436
0.582055
2.85559
0.317069
0.570519
1.2449
2.27169
2.97932
2.47985
0.747148
0.919932
2.23085
0.350566
1.0135
0.618458
2.04149
0.20188
1.60278
1.64234
0.532237
1.03298
1.63046
2.9054
2.37902
2.76261
2.90028
1.31686
2.89353
1.13655
1.73104
2.64973
1.96885
2.24127
0.367742
1.65755
1.07742
1.05913
0.263833
2.57898
2.30895
1.50536
2.52121
1.36548
1.83546
2.78218
2.97718
0.772015
2.3915
1.48896
1.62482
2.04584
0.756377
1.5251
2.65426
2.35236
2.82653
2.82329
2.40261
0.475497
2.66477
2.95061
0.299808
0.729374
0.514975
2.21581
2.09883
0.819697
1.76907
1.51869
2.87575
1.19116
1.8728
0.380389
0.289297
1.9997
2.76056
1.19175
0.386712
2.84636
1.40359
1.91681
2.04217
2.20966
1.6614
2.88943
0.716898
0.516257
1.2226
1.54031
0.428584
0.98385
2.0232
0.692459
1.81538
0.977526
1.52997
1.46135
2.78449
1.61414
2.0755
0.798505
2.03183
0.353984
1.23414
1.11553
2.72023
2.71681
0.424055
1.62602
1.00308
1.05871
0.325358
1.24294
1.48272
1.34967
0.699551
2.26913
2.28878
1.08631
1.19927
2.71801
0.265883
2.07994
1.15569
2.9025
0.957189
0.455416
0.52993
2.92925
2.67144
1.20056
2.81782
2.73587
0.921213
2.40056
2.49361
0.908737
2.12002
2.09806
2.58146
1.11869
0.424567
0.914206
2.94206
2.81218
1.81222
2.96932
2.06063
1.79513
1.67746
2.23956
0.525999
2.54805
2.83927
1.68883
1.38616
0.708182
2.64238
1.91186
1.16877
1.95783
2.44414
1.02615
0.354411
2.15505
1.77052
1.35146
1.8893
0.545311
2.43243
0.212732
1.32549
1.69122
1.6872
2.40551
1.57595
2.35663
2.53352
0.859432
2.67178
2.98556
0.628199
2.24008
2.30972
0.809442
1.111
2.02346
2.37637
1.4247
2.42559
2.58291
1.23781
0.273232
0.42414
1.22551
0.581286
1.66815
0.243324
2.51472
0.997009
1.59842
2.43858
1.41735
1.08656
1.95245
1.26396
2.81226
2.28725
1.99637
0.78714
1.49853
0.597778
1.14612
2.72373
2.23999
0.994702
0.869173
2.48122
1.18398
2.12532
0.554625
0.49874
2.59231
1.06571
0.389019
0.970946
0.620765
2.13207
0.474642
2.24153
2.88601
1.12989
0.828242
1.3571
0.355779
1.83256
2.6987
0.265969
2.3022
2.47353
1.83862
2.55129
1.65251
0.640931
2.17035
2.18419
0.678445
1.96313
1.28131
0.787054
1.55826
2.56966
1.38829
1.69165
2.15138
0.719034
2.80645
0.481222
2.32177
1.97757
2.76167
1.50382
2.34843
0.53856
1.383
1.64414
1.55979
1.86887
1.31395
1.64157
1.13014
2.06969
2.77825
0.241273
2.37475
0.34091
2.93873
0.667336
1.68242
1.93424
1.38744
1.50374
1.4217
1.18355
1.00308
1.47127
1.55885
2.80141
0.4138
1.38923
2.52557
1.0264
0.903525
2.00671
0.872506
2.81141
1.59799
0.59342
2.64837
0.638197
2.96975
1.77642
2.43867
0.748515
0.897458
0.710233
0.606153
1.17509
2.51968
1.66849
1.06623
2.96505
1.31694
2.14343
0.536937
2.17864
1.46435
2.74228
1.2009
1.25413
0.887374
0.966845
1.71677
1.32455
0.66238
1.16415
1.31651
2.87387
0.596155
1.53604
2.72792
1.52126
1.02461
1.69395
1.05768
0.719889
1.46623
2.84884
0.375262
2.95813
2.16881
2.12027
0.331767
1.24995
1.98646
0.656056
2.95437
2.50395
1.42461
1.84666
1.55134
0.956078
1.49066
2.52326
1.86768
0.455416
1.58774
1.02769
1.02598
0.989148
1.08793
2.64068
2.39252
0.635548
2.22521
1.45503
0.304764
1.13151
2.14181
0.384747
1.59791
1.04213
2.52959
0.792779
1.06836
1.12083
2.30015
1.02914
0.211621
0.246144
1.72395
2.56402
0.371245
0.923606
0.27477
1.40521
0.837812
2.74014
2.61658
2.68631
0.233924
2.75809
0.971374
2.51344
0.923862
0.836702
1.50528
2.95804
0.784832
0.868319
1.36898
1.48383
2.87746
0.317069
0.8326
1.09391
2.15292
1.04734
1.94971
2.08746
2.1342
0.229395
2.59017
2.11147
1.10955
2.7104
1.67823
1.79709
0.774493
2.43713
2.07336
0.666311
2.06106
2.31878
1.73189
2.99795
1.89084
0.517454
1.58628
1.53869
0.390301
1.35292
1.18022
0.748857
1.50493
1.21013
2.09626
2.66887
2.54967
2.03619
1.41436
0.293484
0.434822
2.81534
0.83824
2.34364
1.70241
2.00782
2.52711
2.72057
2.51241
0.54232
0.470199
2.53181
1.3154
1.94689
2.84243
0.775347
1.95014
2.00825
1.77718
2.77039
2.70143
0.945396
1.59517
1.62064
1.85862
2.48601
2.32621
1.40026
1.31053
2.03192
1.96082
0.947105
2.31374
1.10288
1.07093
1.35257
2.97351
2.64478
0.434907
0.834993
2.77355
1.98936
0.506516
0.884213
1.29267
0.855672
1.76334
1.36454
2.04567
0.376885
0.774151
2.86396
2.9853
0.54326
0.621192
2.37697
1.40461
1.24696
2.51566
0.608374
0.37492
1.51639
2.84328
1.38573
2.45875
0.528904
1.67832
1.86793
0.233924
2.58735
2.20299
1.63713
2.56761
1.64918
1.46947
1.36249
2.5759
0.79577
2.34279
2.32143
1.80897
0.228797
2.26135
2.66776
2.19718
0.781671
2.65332
1.73352
1.89622
1.33266
0.24546
2.65093
1.76966
0.709037
1.30335
2.18428
2.6452
2.06746
0.437983
2.8567
2.88285
2.33954
1.41957
2.66127
1.59192
1.13023
2.03337
0.243068
0.235633
0.45533
0.815937
1.63961
2.3592
1.70686
0.909848
2.06764
1.37941
2.03303
1.67353
1.6432
0.974279
2.12053
0.884042
0.523093
2.00902
2.36697
0.970348
1.5551
0.535826
2.23016
2.91523
2.32348
0.805939
2.14266
0.86097
1.87913
1.03093
0.378509
0.260329
1.23995
0.630079
1.06007
2.60598
0.550438
0.702799
0.491391
1.97885
2.78697
1.662
1.60748
0.851912
1.69652
0.567357
1.32523
0.786883
0.257595
0.494894
0.584362
0.661013
0.948045
0.88088
1.46605
2.86251
2.91045
0.777398
1.97535
1.29062
0.500021
0.75706
0.477633
1.99987
1.50468
1.80487
0.773211
2.72322
0.722538
0.93386
1.80034
1.71446
2.78646
1.46247
2.15257
1.34565
1.92168
1.29139
0.598975
1.29737
1.32472
2.31681
0.393377
2.77945
2.25076
1.51835
1.3618
1.82
0.697073
1.25815
1.55407
1.45973
2.97086
2.12976
0.848494
1.289
2.82611
1.89306
0.295364
2.56573
1.46195
0.233924
0.788934
1.35078
1.8646
2.08584
0.453365
2.29972
2.78415
2.44969
2.7316
0.346208
2.23204
1.45136
0.963256
2.11737
2.18787
1.77334
1.84153
0.71536
2.00064
0.797137
0.332621
0.906772
2.97565
2.39637
2.0496
2.75228
0.430634
1.91519
2.86482
1.51878
2.51241
2.87208
2.15027
1.50912
1.65712
2.12446
1.43247
0.846272
2.3868
2.0332
0.450117
0.851741
0.524888
0.363042
1.20107
2.65392
0.721854
2.45875
1.16689
2.66392
0.975561
0.830464
0.3022
2.75791
0.236232
0.291348
2.97701
2.00158
2.58248
2.97949
0.257082
2.55557
1.25499
0.6047
0.514463
2.19838
2.83747
0.258364
1.34984
0.505234
2.07028
2.32032
1.61961
2.3198
1.18594
1.6038
2.55129
0.755864
1.05272
0.274685
1.53698
1.76796
2.01397
2.88191
0.391754
2.52651
0.51207
1.63704
0.863961
2.43653
2.58291
0.68135
0.785516
1.03623
1.10835
0.675967
2.8496
2.81491
2.3163
0.855074
1.80316
2.78398
0.812604
1.47699
1.24209
0.843367
2.63555
2.21282
0.595557
1.9774
1.21773
1.80914
0.688357
2.71792
2.94548
2.96266
2.06755
2.11386
1.59987
2.54309
2.48191
1.24405
1.1709
1.90408
1.3007
1.50904
0.328776
0.617432
0.460799
2.14258
1.64217
2.76962
1.32737
1.57714
0.829267
1.95663
1.05734
0.303482
2.33117
2.11694
1.85366
1.46024
2.49199
1.13741
0.295279
1.19116
0.637086
2.7715
0.933348
1.40846
1.73377
0.60658
1.7389
0.598718
0.922922
2.41833
1.1909
0.90925
0.409784
2.24819
2.59128
1.15279
1.40077
2.14437
0.995044
2.76723
1.97347
2.10019
1.1427
1.16825
2.36808
1.33061
1.38231
0.733561
0.987609
2.22222
0.36928
0.653066
2.19359
1.29455
0.730485
1.08639
2.38577
0.512241
2.08122
2.06259
0.65298
0.881991
2.38176
2.55992
0.482589
0.474557
2.82115
0.204443
1.21551
0.809272
1.61628
1.82393
1.73548
1.736
2.71288
0.493527
1.07913
2.75578
2.37612
2.11412
1.65473
2.11378
2.05952
1.15612
2.55685
0.405683
2.13779
2.61128
2.66494
2.83234
2.49225
0.985046
1.01256
1.6408
0.936338
2.17137
2.91592
2.89088
1.46836
1.84401
2.54728
0.681863
0.938646
0.604614
0.843452
2.18018
2.52002
0.322538
1.43444
0.981542
2.16684
0.305875
1.48067
2.15001
2.0526
2.14061
1.3066
2.0661
2.7715
2.63418
2.11814
1.22636
0.292886
0.503183
1.69062
0.727836
1.05546
1.84153
2.11574
1.77838
2.78825
2.40526
0.294253
0.967186
2.04721
1.7542
0.462935
0.635804
1.25396
2.08601
2.64187
1.88502
0.623927
2.0009
0.690237
2.35612
0.97257
2.43405
2.6599
2.7245
2.78552
1.39351
0.72963
2.04149
2.34194
0.341508
1.41359
2.66383
1.07733
1.65601
1.32583
2.10634
0.973681
0.409613
2.39252
0.957701
2.16454
0.304849
2.19701
1.3941
0.741935
1.00222
2.94642
0.230335
2.95454
0.678103
2.74612
1.44503
0.581115
0.251527
1.47127
1.71711
2.07105
2.71553
1.7213
1.91254
2.63512
2.41218
0.745354
0.856612
1.87759
2.48772
1.42726
1.93117
2.55522
2.16599
1.81512
2.83337
1.0505
0.476522
2.48609
1.83341
1.14869
2.87703
2.43089
2.0696
2.90276
1.80444
0.347832
2.41688
0.977355
1.59586
2.83294
1.26764
0.256911
2.81372
0.35219
1.76155
1.90605
2.4144
2.08763
2.80201
1.26943
0.397052
0.938731
0.796966
1.20038
2.17069
1.77308
0.461568
1.00291
1.67661
1.00812
0.819526
0.976415
1.70352
0.215381
2.34202
2.35074
0.433796
0.63307
1.3595
0.597949
0.656996
2.4743
0.887374
2.30963
1.48921
0.719291
1.19825
2.02559
1.03538
1.27909
2.0831
2.40355
0.631959
1.61645
2.5354
2.91489
2.70775
1.71472
1.79744
1.25678
1.29968
0.678787
1.50605
2.66503
2.06259
2.85798
1.67439
2.91797
0.808075
2.77671
1.44828
1.817
2.21273
0.762615
2.97505
1.73275
2.13053
1.75693
1.31976
0.40235
1.14954
1.59637
0.770305
2.56804
0.8279
2.85405
1.26524
0.841401
2.64837
2.92591
0.883358
0.78449
0.328263
2.05114
2.93386
1.39154
2.32245
1.95347
0.781072
0.361162
2.35646
0.790985
1.74599
2.54617
2.02807
2.70246
1.61671
2.9677
0.513779
2.8367
1.91083
1.18235
2.21906
2.55334
1.02205
1.58859
2.20786
1.68259
0.993164
0.460286
0.251527
2.92993
0.249391
1.0963
0.532066
0.515574
2.83123
1.87093
0.238795
2.1348
0.464046
1.37496
2.49558
0.325871
2.80278
1.83444
0.855672
1.13578
2.18641
1.79325
1.60252
0.967785
1.44349
1.24909
0.293142
2.7016
2.28374
1.82854
1.18227
1.17073
1.61337
2.78962
1.56373
1.0875
2.51301
0.639735
1.66858
0.300235
0.414057
1.55527
1.35505
1.47212
1.61269
1.19116
2.22974
1.86896
1.05657
2.66853
1.63576
1.94236
1.74514
2.12574
2.74792
1.99731
2.67759
1.4235
2.00919
2.42995
1.2884
2.58846
0.548985
2.02474
1.70711
1.58458
0.818586
1.39727
1.97911
0.399701
1.48246
0.47054
1.98611
1.83435
2.20197
2.67323
2.40372
0.379278
0.550438
0.744841
2.83269
0.772442
1.09588
1.63918
0.241615
2.01893
2.0884
1.00923
1.46007
0.864046
2.19145
1.16492
0.456783
2.90652
1.09357
2.58821
1.34369
2.93805
2.83781
1.29481
1.44016
1.09895
1.306
0.529673
1.33788
2.43542
1.49759
1.88314
1.10152
2.04627
2.83721
1.11613
1.94382
1.40803
0.951292
1.38077
0.512241
2.06422
1.35001
1.92553
0.725785
2.66691
0.651955
2.9706
2.29707
1.55843
1.58902
1.64226
2.07951
2.88045
0.629994
2.85362
0.976244
0.397394
0.459175
0.417988
2.14813
1.42324
2.94787
2.68485
1.65798
0.636402
1.25636
1.9827
2.09028
2.57428
2.30451
1.35941
2.68067
2.59034
0.246486
0.705362
2.09695
2.66537
2.19034
2.5483
1.00461
2.65742
1.59568
1.2056
1.35856
1.37958
0.591711
1.58432
0.754753
1.29276
1.84931
0.513523
1.18244
0.800043
1.24602
2.09831
2.5125
1.53185
2.76244
2.78184
2.85986
0.607691
2.84567
0.804486
1.35813
0.863533
2.07891
2.14565
0.282974
0.630421
2.59351
2.03704
2.06276
1.65405
1.46144
0.934288
0.912497
2.341
2.90686
0.435505
1.03076
0.919932
0.771075
1.632
2.2946
0.905576
1.67276
1.78137
2.19188
1.45187
1.0969
0.588549
2.52796
1.38265
2.45251
0.783209
2.44328
2.28784
2.53574
0.280496
2.68126
0.270669
2.63598
2.61325
2.64196
2.13668
2.32194
0.922153
1.16039
2.40739
1.54664
1.39291
2.14668
1.75155
1.70694
2.22632
2.42525
0.417133
0.496432
2.42927
2.11045
2.45345
1.98902
1.31523
0.85721
0.710575
0.390045
1.40009
0.722367
0.80423
0.893014
0.781756
1.37642
0.832173
2.47977
1.69088
2.80038
1.83076
0.499936
1.70019
1.20867
2.15915
1.07007
2.67998
1.73249
0.397565
1.52664
1.18688
2.80286
1.94946
1.77274
0.974535
0.970092
0.730912
0.755522
2.91181
1.89801
1.14065
0.910959
1.79735
2.2693
1.29182
2.81448
1.35873
1.14048
2.69836
1.67439
1.32147
2.68357
0.999744
1.50605
1.43709
1.6514
0.514121
2.62358
1.55732
0.305704
1.60577
0.687503
0.641871
0.543345
0.854646
0.544969
1.78769
0.360137
0.616407
1.90066
0.965563
2.78816
0.759539
2.0555
2.95445
2.04516
2.76689
0.750993
2.95821
2.63341
1.79017
1.95689
2.59402
2.52472
2.44414
0.438069
1.53903
1.77026
0.327836
1.141
2.72339
1.27131
1.46101
0.434394
0.356804
2.65033
2.02269
2.44396
2.67622
1.95757
0.579235
2.31604
2.70152
2.15283
1.59133
1.25114
2.08857
0.698611
1.18304
1.94142
1.36437
2.40209
0.766033
1.65174
2.83491
2.64443
0.302115
1.58159
1.04956
2.33407
2.79312
2.14369
1.51408
2.52181
1.38599
2.79979
0.534715
0.814399
0.280496
1.2878
0.485324
1.92655
1.62645
2.48088
1.78206
2.90506
1.19756
0.91301
1.05418
1.76599
0.631703
0.411493
1.1991
1.28122
0.622132
1.27105
1.20799
0.650673
2.44952
1.60944
2.24999
2.79962
1.84016
2.14053
0.702628
2.03704
2.5407
2.20316
1.81606
2.21427
2.79329
1.48238
2.29793
2.11908
1.70233
0.861824
0.706986
1.04478
1.07742
2.84396
0.743388
0.470968
2.14172
2.17505
1.9216
1.59312
0.691946
0.714164
1.51493
2.63931
2.49942
0.782098
2.25896
1.3107
0.937022
2.62803
2.10011
0.684597
0.222559
2.25204
2.479
1.51562
1.06281
1.22089
0.23401
1.67439
1.28883
2.31322
2.41389
2.46012
1.06759
2.63392
1.08596
0.524888
0.879342
2.83311
0.628712
1.5474
1.4464
2.06832
0.994702
0.793121
2.20239
2.94762
1.43247
0.298953
1.88904
1.68985
0.95454
2.21948
0.666823
1.74129
1.23884
0.471993
1.72916
0.884127
2.25144
2.61948
0.605383
1.27669
1.8775
0.52617
2.14215
0.860543
1.04879
2.92643
2.94847
1.57407
0.454646
0.841145
1.69395
1.20773
1.52356
1.383
0.246828
1.54125
0.564196
0.883529
2.03901
2.39765
2.75193
2.08413
1.44606
0.253066
2.84884
2.32442
1.36941
0.240333
1.34531
1.46862
2.4091
1.38137
2.91036
1.30583
0.81269
0.289041
1.43666
0.361675
2.99026
1.17424
2.17129
0.659133
1.3806
1.7947
1.21568
2.36689
0.658278
1.98611
0.885495
2.87097
2.66742
1.61004
0.815595
1.40846
2.67024
0.957445
1.29934
0.601025
0.498398
1.24533
0.748515
0.423627
0.794147
1.44401
1.36214
1.14937
0.328349
0.272121
2.09148
2.40457
0.983593
2.39705
1.38778
0.873446
1.58987
1.27849
2.82252
1.79043
1.60004
2.09267
1.2649
1.9551
0.591968
1.17364
1.50647
1.41017
1.38684
2.21154
2.21854
1.51792
0.768255
2.44234
2.73117
1.77402
0.792694
1.06879
1.92057
0.694595
2.2758
2.3498
1.89289
1.91621
2.24486
1.19363
2.55095
2.84388
1.74283
2.09635
2.53283
0.586755
0.972655
0.458663
1.00846
0.917624
2.16821
2.32228
1.82273
0.593933
2.78107
0.360222
0.471737
1.57851
2.1689
1.76206
0.200769
2.29648
1.57398
0.647511
1.31028
2.06678
0.978979
1.84965
1.55791
0.245289
0.627686
2.70263
2.14505
1.01735
2.39799
0.472591
1.17321
2.5765
2.0144
2.06986
2.65999
1.22756
0.888913
2.87729
0.600256
0.352446
0.57539
0.935911
2.56223
1.57372
0.22743
2.12284
1.90297
1.65542
2.04508
1.35924
2.29383
0.478573
0.299722
1.8869
0.841316
1.62824
0.923606
1.64986
2.69203
2.52882
2.45114
0.419355
1.40769
0.46755
2.10096
1.49887
0.80047
0.241444
2.58453
2.84747
1.3125
2.16573
2.23008
1.85836
1.43034
0.981884
2.80876
0.230421
1.62012
2.40269
0.850374
2.37082
2.47105
1.03059
2.43713
2.16428
1.33506
1.98868
2.06123
1.9492
1.55091
2.0003
1.93595
2.53617
2.13771
1.0558
1.14544
2.50643
1.64866
2.40338
0.22273
1.62935
0.870199
2.00107
0.94232
1.83478
1.65422
0.769024
2.11489
0.578039
0.57257
1.57765
1.97176
0.836274
2.6793
1.91032
2.32767
1.77172
0.868746
2.93779
2.70707
2.7016
2.11856
1.14142
2.02337
1.20987
1.30216
2.82431
1.59859
1.24021
0.660756
2.44482
1.90912
0.806793
0.821662
1.51357
0.847468
0.360137
2.64939
0.588464
2.68571
1.44657
1.81812
1.90724
0.72869
0.29733
1.39359
2.79329
1.64559
1.98705
1.90955
0.574194
1.26464
0.995557
2.6294
0.349455
2.22196
1.41512
1.4775
1.54347
2.84866
0.23589
2.13036
2.18488
2.88652
1.35121
1.75292
2.44576
0.217945
0.51677
1.4687
1.58124
1.79846
0.504038
1.85187
0.60564
0.578124
2.2834
0.326212
2.042
0.402435
0.675198
0.361931
2.28451
1.47554
0.307242
1.75497
1.50904
0.377483
1.91391
1.47776
1.47161
1.22106
2.81645
2.38859
2.13001
2.33518
0.821406
0.487033
1.02743
2.664
0.57445
1.20295
0.775689
0.667763
0.406452
1.80658
0.574877
1.91459
0.710916
1.62722
2.30707
2.54745
0.689041
2.36817
1.54202
1.21841
2.10028
1.40479
2.39235
1.07383
0.855672
1.95441
1.35428
1.17936
1.89212
1.0041
1.47434
0.573083
1.76394
1.28507
1.9762
0.332792
2.39064
2.58
2.28776
1.64619
0.396966
1.85238
2.00423
2.06986
1.48426
2.28391
2.12608
1.96714
1.46862
1.90758
0.308267
0.909677
0.22555
1.12544
2.25896
1.63166
1.37753
2.59641
2.82457
1.32395
2.36099
0.783123
0.899338
1.85554
0.512412
1.8452
1.69703
1.90989
0.209827
1.16535
0.520786
2.62316
1.9063
1.19705
2.37056
0.913352
2.89507
2.52113
1.52433
2.08567
1.84144
0.397394
0.631874
0.702969
0.521897
0.901303
1.85614
0.509592
0.403888
2.13019
2.00295
2.79321
1.50844
2.16932
2.57419
0.375518
1.18842
1.70344
2.28246
1.81743
0.264602
1.36214
2.56582
2.62606
2.95283
0.885922
2.03815
0.852083
1.22243
0.201367
2.01474
1.8646
2.82286
1.09229
1.84905
0.489767
1.21517
1.15407
0.618458
2.9037
2.647
1.11963
0.697671
0.862593
0.207434
0.443623
1.75522
2.66332
1.70088
2.23298
0.312284
2.61572
1.17475
2.41081
0.201111
1.81957
0.942149
1.00145
1.45896
1.23055
1.93322
2.02457
0.997522
1.40308
2.01534
0.684256
0.583508
2.69895
1.31899
2.74322
2.26828
1.14723
1.00598
1.96637
0.804401
1.74557
2.91856
2.52497
0.786627
2.3868
2.14599
1.04478
0.854219
1.00214
2.34766
1.18945
0.692715
1.50605
1.06768
0.664089
1.17227
1.13057
2.88156
1.12801
2.96052
1.93783
2.0091
0.502927
1.94664
1.09656
0.634523
1.36522
0.815082
2.71151
1.76821
0.50925
1.50613
2.99257
0.889511
1.76932
0.699979
2.75134
2.00773
0.387054
0.663149
1.81188
1.17791
0.613501
1.59406
1.32514
2.31015
0.831489
1.80504
2.17172
2.70912
2.28673
2.67896
0.242811
1.98176
0.915317
2.73698
0.386541
2.55027
1.55458
2.95616
2.20479
2.20795
2.82491
2.07353
1.89195
2.95599
0.370391
1.21423
2.49977
2.95762
1.54578
2.18154
1.21747
1.44811
1.2361
1.94595
2.05413
0.237684
1.49878
1.27157
2.91079
0.845076
2.31305
2.01559
2.62991
0.498398
1.32608
2.64085
2.21025
2.84234
2.68306
2.87609
0.973083
1.78735
2.82713
1.8646
1.06922
1.94082
0.95941
0.735868
1.51254
0.454305
2.04414
2.33929
0.728947
2.12788
1.24772
2.27691
2.80773
1.00624
1.69874
0.373638
1.64217
0.306302
1.25678
1.52083
2.54796
1.11177
2.97736
1.43187
2.34646
0.874129
1.75984
1.847
1.50006
2.15582
1.86742
0.325016
2.8878
2.65443
1.00487
1.9592
0.807477
0.544285
1.24311
0.953941
1.59389
2.97471
2.07635
1.80282
1.0382
1.75898
2.3016
2.80081
1.99791
2.09686
2.4056
0.432429
2.98368
1.16202
0.548558
1.77146
1.91134
2.39705
1.8317
2.62871
1.80658
1.55048
0.334672
2.58804
1.04811
2.29477
1.21303
0.665371
2.54001
0.261525
0.34091
0.73057
1.99739
1.73318
2.78765
1.22705
0.935313
1.82675
0.414997
1.12963
1.74745
2.4085
1.08408
2.27571
2.46114
2.97667
1.75702
0.808161
1.75898
2.74946
0.783038
1.06828
1.0511
0.39577
0.455501
2.674
2.98855
1.64738
2.72758
2.52386
1.60286
1.62739
2.37355
1.66157
2.66195
2.53591
2.88447
2.74065
2.2264
2.72767
0.584191
2.02474
1.19765
1.02025
1.45486
0.863277
0.642042
2.67084
2.1571
1.37838
2.48045
0.857295
2.53557
2.90045
2.32972
1.30378
0.693826
0.291092
1.88468
2.28511
1.52954
0.69075
2.42662
0.45063
1.01419
1.02692
1.24755
1.90254
2.30741
1.62183
2.97599
2.56753
0.79201
1.03777
0.39295
1.29908
2.5178
2.69579
1.12553
1.34728
1.94108
0.805768
1.60466
2.03448
0.248451
1.34719
1.47588
0.673916
1.35112
0.834993
1.84973
0.968468
2.43773
1.01051
2.17898
0.32775
2.97385
1.7941
0.751848
2.74048
1.43452
0.236659
2.38646
1.63969
0.858492
2.20829
1.91545
1.79897
0.910105
1.76061
0.248109
2.29605
0.338347
2.10156
1.99791
1.18184
1.51869
2.31844
1.06067
2.69331
1.76625
1.38872
1.13433
0.845418
2.3081
2.41448
1.96543
1.44264
2.80064
1.41812
1.10998
0.344414
1.08135
2.43858
0.797565
2.42482
2.44149
1.26302
2.48438
1.86178
2.10703
1.93339
1.08408
2.59487
1.21619
2.76441
0.664003
2.38808
0.380303
2.01124
1.99244
2.53634
0.315787
1.92305
0.526682
0.251271
1.23448
2.52164
1.22875
0.566588
2.48062
0.241359
1.9944
1.99688
2.50088
2.36843
2.48652
1.19124
0.636061
2.41636
1.35668
1.61662
0.820637
2.97667
2.24495
1.50869
1.87913
0.380645
2.74433
2.12916
2.5054
0.91019
0.71724
0.365007
2.81372
2.49592
0.552574
1.10921
2.54796
0.438667
0.549327
2.25862
0.236915
1.494
2.81525
1.76753
