0.435591
2.03516
2.05832
1.20474
2.87353
0.475924
1.44367
2.61256
1.29891
1.63405
1.1245
2.72826
2.8038
1.98159
1.84264
2.25426
0.699637
0.327238
2.33809
1.26926
1.65345
2.16257
0.663405
2.63589
1.81453
0.627088
1.23533
0.997864
0.573339
1.38436
2.15873
2.95463
1.98799
0.492074
0.364153
2.20034
2.91549
2.1577
0.294339
2.81653
1.88716
2.26306
2.07601
0.502585
2.56326
2.14967
2.51754
0.935569
1.00649
0.948643
1.66764
1.84349
0.610767
2.94488
0.673061
1.18159
1.92254
2.26187
0.473788
2.79842
2.79304
0.955907
1.07118
0.778765
0.898227
0.405512
2.50942
0.652553
0.464901
2.48498
1.70438
2.65443
1.23824
2.40859
0.261269
2.42474
2.3316
1.33403
0.614612
1.53689
1.79291
1.01154
2.83115
2.04029
2.12762
2.96642
1.81094
2.60453
2.61359
2.50301
2.8267
1.25482
2.64708
2.81722
1.93578
2.68366
2.55676
0.30502
2.40491
1.52767
0.922837
2.75467
2.48336
1.19731
2.83935
0.709635
0.463448
0.445332
1.75676
1.29088
2.76561
1.6637
2.54292
2.76441
2.58342
1.09468
0.798846
2.34279
1.63021
0.944456
2.8684
2.30818
0.520786
0.786627
1.57723
0.543004
2.32775
2.64315
0.540953
0.557616
2.4496
1.12954
2.07797
1.90109
0.928306
1.45366
1.16492
0.442769
1.95322
0.252638
1.27421
1.41384
0.289212
2.85892
2.12771
1.89297
0.567016
0.779363
0.406708
1.62705
1.9721
2.57872
1.0552
1.67276
2.67067
2.75091
1.81273
2.14591
1.30985
1.36898
1.81615
0.568041
2.32972
1.09955
2.50617
2.09583
2.42414
1.96945
1.27703
1.12194
1.28849
1.67233
2.10703
1.53407
2.79227
2.20265
1.60637
1.52057
2.11198
2.60436
2.72126
1.80974
0.564794
1.02188
0.529844
2.42935
1.67789
2.64187
0.770305
2.07558
2.23239
0.710147
1.53493
1.57825
1.81888
2.81636
1.57116
0.348344
2.64281
2.42824
2.02508
1.29848
0.715018
1.46759
0.665371
1.92015
1.76872
0.712967
1.42521
1.0082
1.4358
2.21709
1.89947
1.51886
2.22444
2.12643
1.23559
2.64819
1.232
1.29148
2.25409
0.819611
1.53305
0.85345
2.63734
1.06776
0.778423
1.79633
2.22393
2.50549
1.54407
0.850887
1.64619
1.36155
2.56599
1.73907
2.54745
0.478231
1.4
0.545225
1.41803
1.55407
1.24328
0.602734
1.28643
2.61991
2.05422
1.68191
2.50318
2.23692
2.30981
2.06934
2.45584
2.10284
2.73732
0.322965
1.85101
1.1539
1.95715
1.69336
2.60316
0.851228
0.575048
1.99603
0.564794
0.737407
0.861739
1.52493
2.93865
1.1521
1.75539
2.19239
0.806366
0.594018
1.52707
1.28379
2.21444
1.81589
2.24512
2.21572
0.250844
2.94095
0.375604
2.48225
1.15458
1.68763
2.45789
1.5803
0.891134
2.9912
2.59111
0.298526
1.63482
2.10763
2.67058
0.559581
1.39299
0.690152
0.910532
2.40098
0.611707
2.72288
1.59124
1.68464
0.99906
0.201453
2.36714
1.92049
1.20312
1.84751
0.875668
1.79239
0.984362
2.74279
2.18137
2.57462
1.71728
1.37394
1.595
2.62452
0.860457
1.1715
2.80406
0.74091
1.83256
2.23384
1.05264
0.775005
0.530186
1.52126
2.50814
2.88028
0.727409
1.6091
1.15159
1.78992
2.79252
1.48725
1.13083
2.71015
1.16005
0.292459
0.3116
2.4144
2.19709
1.46272
0.566332
2.12848
2.69793
0.59906
2.53651
2.59222
2.24896
0.524631
2.80731
0.286648
0.897372
0.426618
1.63098
2.41354
2.16343
2.56958
2.73732
1.21346
0.83354
0.266909
2.16813
0.813544
0.770476
1.79957
0.873275
0.787909
2.98
0.766631
1.60662
1.62141
0.769536
0.758513
2.45755
0.663149
0.638282
2.03815
0.757744
1.75762
2.13437
2.11771
2.89959
1.53971
2.91797
1.9204
0.602649
0.783294
1.46734
2.21162
1.56894
0.988891
2.0655
1.59022
2.25982
0.998547
2.90455
0.324418
1.93698
1.4264
2.74518
1.72292
1.70139
0.890536
1.37026
1.3254
0.869088
0.235633
1.26764
0.40329
1.62149
1.53228
2.58171
0.455159
0.666994
1.24123
1.57022
1.18671
1.2526
0.73057
1.40376
0.66144
1.86101
2.73219
0.746294
0.509848
0.533091
2.92523
2.55343
0.885067
1.95176
1.23568
2.92549
2.05174
1.82435
2.83679
2.45482
2.89609
2.90301
2.6405
2.70263
2.04465
0.777911
1.66533
2.24375
0.279128
2.18351
1.47007
2.51788
1.53501
2.75279
2.6388
1.52228
2.77048
0.959069
1.10639
2.38646
0.794659
0.382098
2.71143
0.863533
0.742363
1.43512
2.16317
1.17817
1.08118
1.89152
2.81226
1.86657
1.44059
1.74864
1.0094
1.04725
2.5495
0.964965
0.243324
1.96056
2.56941
2.41013
1.24251
1.01188
1.11203
2.96283
2.42884
0.75988
1.22756
1.89639
1.71233
2.08379
1.05076
1.08853
0.412433
1.16885
1.7947
0.992138
0.294082
1.54826
1.37684
0.506259
2.9066
2.43627
0.366887
1.88272
2.21196
1.59355
0.742619
0.807904
2.09062
1.95971
1.74275
1.99568
2.1125
1.49092
1.30207
1.22995
2.75937
0.241102
1.75924
2.19351
1.48819
1.32378
0.321683
0.621107
2.82132
0.590771
2.17778
1.31532
2.65093
0.467806
0.341679
0.559496
0.747148
0.782098
2.1201
2.26981
1.65499
2.02055
1.48673
0.41944
1.96868
1.85648
2.45396
1.67644
2.5712
0.780987
1.1269
1.18885
1.82623
0.47806
0.729545
2.25845
2.70963
2.37945
0.888742
1.2367
1.06819
1.23807
1.86511
0.38449
1.99372
0.756804
1.41624
0.829695
0.698697
1.30985
2.58282
1.96159
2.8831
0.795001
1.68148
1.39991
1.3765
0.653407
2.79509
2.27605
0.847383
2.09583
2.84576
2.36176
1.76308
1.37009
1.93988
2.58684
1.78983
2.71117
2.67067
1.07913
1.42119
1.80726
2.66742
1.86734
2.02004
0.422602
2.87866
1.5827
2.66358
2.2129
2.27545
2.89746
0.777996
2.77107
1.46435
1.23713
2.95095
2.34074
2.69562
1.9057
0.507541
1.03623
0.755437
2.9583
0.240675
2.20436
2.62922
0.961888
0.479427
0.566845
0.423286
2.58
2.88558
0.382012
2.63307
1.11869
0.564879
1.0599
0.644179
1.77197
2.08131
1.07186
0.755608
1.50425
1.15937
2.39039
1.41025
1.70643
2.06593
1.89596
1.12279
1.56424
2.05542
2.39098
0.790216
2.67554
1.66781
1.65516
1.874
0.854048
0.266652
0.582055
0.54044
1.25832
2.80414
2.83405
1.6479
1.98107
0.800983
2.2511
2.26614
1.83845
1.1292
0.455074
2.21854
2.69648
1.18389
0.482162
2.53164
0.47054
0.833198
2.0843
1.68114
2.33792
2.93224
0.536082
0.921897
2.69827
0.390301
0.584704
0.588208
0.221619
2.37723
2.57983
1.45341
2.52079
2.45738
0.421833
1.43529
2.78441
2.83833
1.56603
1.73489
0.910446
0.322025
2.31844
1.4969
0.27571
0.546165
1.46323
0.678188
2.27973
2.50182
2.25836
1.41273
2.60034
0.316813
1.83521
2.35971
2.89857
0.291604
2.04243
1.52331
2.71015
2.17428
1.57031
2.03072
2.06123
1.46306
0.592138
2.75604
1.94621
0.92429
2.96206
1.87853
2.40397
1.31216
2.40491
0.86097
2.13155
1.47819
2.13779
0.53762
2.17189
0.258449
1.15834
1.99722
0.812775
2.32561
2.23922
1.15048
1.83615
0.792865
2.86541
0.868319
0.85251
0.358428
1.75172
1.57842
2.66135
0.576586
1.77872
2.60846
0.771502
0.244179
2.78381
0.362444
2.82243
1.28917
1.44537
1.6185
2.24085
0.349113
2.89737
1.63465
2.27221
2.42722
2.51181
1.35163
1.12408
2.81226
1.28686
2.17847
2.35817
2.45251
2.07806
2.24965
1.2696
2.96804
2.50934
2.64033
2.99009
1.69088
1.80282
2.62846
0.652724
2.92053
0.963768
0.889853
2.95676
1.38043
2.35817
1.31455
0.267763
1.66618
2.1213
1.13168
0.593506
1.66969
1.03384
2.03055
2.17035
0.968126
2.10421
2.36552
0.399274
1.3665
0.892416
2.73125
2.26947
1.77864
1.21619
2.59752
0.403974
2.23632
0.673489
0.689297
0.2699
2.4132
1.02179
2.00124
2.28528
1.0505
1.84905
2.13207
1.56432
1.2737
1.77616
2.22871
2.23615
2.98505
2.0273
2.82619
2.67528
1.32207
0.2047
1.87075
1.7818
0.36834
2.7081
1.21448
2.2476
2.30348
1.63269
2.06858
2.14728
0.780731
0.587097
2.10199
1.19047
0.319803
1.66516
2.6746
1.77402
0.901816
1.61115
2.49105
0.369793
0.353471
1.81632
2.963
2.58778
1.30976
1.78206
1.56791
1.45016
2.54035
0.289468
1.29096
2.61521
0.629054
1.91194
1.23858
2.4872
1.39316
2.7069
2.10985
2.95129
2.62948
0.327494
2.81474
2.26947
0.775604
2.38868
2.32544
1.07639
2.67417
2.72544
2.64931
2.21111
2.62521
2.98342
1.80957
1.32386
1.11818
1.57595
0.722965
2.99385
0.226661
2.24725
1.66063
0.496689
1.65712
0.67853
2.57983
1.55877
1.23602
1.37411
1.41478
1.83504
0.225379
0.866097
0.613245
2.44926
2.05302
0.674599
0.806708
1.33326
0.844478
2.85994
1.90203
1.50263
0.34561
1.20645
0.480709
2.40714
2.42183
2.07396
1.7959
0.692288
0.922581
1.1539
1.65131
2.91104
1.29857
0.569921
1.25225
0.92053
0.957616
0.957274
1.91468
2.10523
1.14894
2.5618
0.721085
0.75988
2.16214
0.392865
1.20919
2.37304
2.22786
1.87058
1.38188
1.14604
2.30921
1.60244
1.12647
2.8878
0.769707
0.528819
2.5289
2.01953
2.50677
1.27319
0.372442
2.03029
1.33685
2.53565
0.707242
2.11805
2.22119
2.76706
0.378082
2.95591
2.91797
2.36099
1.79906
1.91895
1.65046
0.600769
1.46067
2.71169
0.776287
1.8006
1.25926
1.33087
0.247853
1.67541
0.734159
1.3037
1.24866
1.98073
2.50139
0.536509
2.59556
2.05601
2.97078
2.71416
1.89306
1.31258
0.633753
1.18441
0.827302
0.501132
2.41132
2.26845
1.38778
2.19744
1.54544
2.33125
0.803034
1.14313
2.72681
2.35262
2.77979
1.28062
0.741679
2.33399
2.43115
2.51711
2.32869
0.480111
1.68259
2.45712
0.33057
1.0922
1.34266
0.940953
1.03042
2.90985
1.42546
2.22538
2.55847
2.64033
0.714335
2.6452
2.85789
2.21205
1.95134
0.592566
2.29613
1.28934
2.44251
2.6523
1.01051
2.78671
1.66533
1.12912
0.874471
1.71959
2.86593
0.406623
0.972485
1.93006
1.03333
2.97334
2.07105
0.22273
1.43948
1.7542
0.573254
2.05191
2.3304
1.58603
1.44512
2.69374
2.75791
1.67199
2.59889
0.84311
2.73903
1.05537
2.62435
0.973168
0.728861
0.948045
1.15236
1.39239
0.397736
1.55176
1.74035
2.73971
0.896432
0.81081
0.565392
0.253407
2.19983
1.13185
1.61474
2.95189
2.5148
0.709293
2.45875
1.06272
2.54104
0.693912
2.49524
0.440291
1.97116
2.04209
2.95309
0.505832
0.218458
0.882247
2.94104
0.850288
0.759709
1.03768
2.83055
2.63563
0.279385
2.14181
2.45952
0.333561
1.205
1.58381
2.64495
2.73835
0.818757
2.32297
0.291433
0.390643
1.13493
0.407221
2.38338
2.35176
1.12852
0.236232
1.54775
0.663149
1.50476
0.603333
2.87661
2.23179
0.395343
2.35698
2.69451
0.475582
1.77009
0.316044
0.560265
1.26977
0.949925
1.87998
1.18953
0.728092
2.61077
1.36736
0.785858
1.35992
2.0643
2.9242
1.26823
0.538047
2.00372
1.43666
2.08156
1.41624
1.10135
0.287332
1.87921
2.63298
1.44691
0.591369
1.76308
2.93984
2.01252
1.55099
0.370562
2.29169
2.73262
2.56565
0.494809
1.93578
0.386541
1.93459
0.725785
1.8376
0.870711
2.39056
0.200684
0.781072
1.04802
1.50066
1.14954
0.280239
1.16236
2.37372
0.925059
0.840889
1.00547
0.309378
0.203504
2.90771
1.62329
0.428925
2.24375
1.03649
2.1501
2.32314
1.89272
0.428413
2.35723
1.15595
0.824653
2.3621
0.504038
2.8614
2.90105
1.66405
2.67938
2.07011
0.939244
1.55193
2.41901
1.60508
1.17757
2.19094
2.78987
2.5818
1.52322
1.89784
0.524375
1.95176
0.672121
0.933006
1.59714
2.1266
1.7871
2.01611
1.82615
2.31989
1.02153
0.303311
1.89152
1.44461
2.97778
1.76462
1.55475
1.80359
2.98539
1.09656
0.46849
1.41025
0.689041
2.91053
0.763982
0.577526
1.63192
0.531297
2.40235
2.21213
1.32267
1.74676
0.479171
0.651527
0.874044
1.84204
0.669045
2.88233
1.09938
1.65986
0.395941
1.37505
1.75557
1.82136
2.32066
1.17629
0.419697
0.846699
2.12831
0.892074
0.88652
1.11228
0.407733
2.20282
0.374834
2.78193
0.206922
0.745781
1.82957
0.850203
0.853621
2.20325
1.00786
1.83486
2.82841
2.43328
0.235804
2.4555
0.677248
0.68135
1.32429
2.83713
1.15253
1.51006
1.53066
2.17513
1.56706
1.68327
1.05349
1.7994
1.95193
1.64499
1.1498
2.77535
2.80397
1.42675
1.35915
0.578979
0.409613
1.02478
2.92532
0.383721
1.53518
1.48118
1.70045
2.29673
2.26776
1.50887
2.82123
2.48122
0.397479
2.69699
1.24294
1.50417
2.92617
1.33377
2.41995
1.44435
2.89088
2.28554
2.0197
2.701
1.89049
2.16813
1.75779
1.63773
2.10147
2.44901
2.64187
2.80209
2.17112
2.51728
2.311
2.05567
1.9756
2.5595
2.15975
1.9545
0.230934
2.67793
0.531809
1.71498
1.14288
2.88934
2.87404
0.705106
2.88464
1.64251
2.7345
2.59684
0.889596
0.290237
0.896261
0.317411
1.14612
2.75484
2.53078
1.73873
0.882333
1.02358
0.860201
0.638795
1.82794
2.91344
2.01636
0.477206
2.24144
0.339286
1.58253
1.11792
2.089
1.72737
1.10664
2.83995
1.16407
1.60654
0.273489
2.17163
2.13343
2.62034
2.62256
0.287246
1.09827
2.19239
1.29883
1.30216
2.85866
0.285623
2.32647
1.60517
1.46597
2.09225
1.48938
0.764751
2.45439
2.09071
0.308438
1.54723
2.13625
1.70925
2.40303
1.58423
0.35031
2.23179
2.92207
0.22649
1.24935
2.78406
1.93536
0.722623
2.91532
1.03854
1.26986
0.458235
0.389618
1.27413
1.68028
2.59615
2.90532
2.22914
1.84008
2.65153
0.309207
2.98428
2.04157
2.94258
2.66195
2.11446
2.89199
2.85183
1.2015
0.345268
1.89314
1.03794
2.66101
1.55313
0.591968
2.33305
1.92433
2.74476
2.79047
1.06469
0.210767
1.45597
2.49994
0.739799
0.97351
2.80543
0.931297
2.62777
1.10075
1.44076
0.804315
0.779534
2.00671
1.81624
0.466695
2.82243
2.19974
1.63721
0.508823
2.06473
1.51596
1.91109
0.561974
1.45136
1.00436
2.04097
1.76804
0.904978
0.652126
1.39897
1.00752
0.991797
1.33762
2.21906
0.773467
1.64943
1.99765
1.64345
1.17979
1.31284
1.19731
1.36402
0.789361
0.378594
2.49011
0.292373
0.752275
0.342192
1.9545
1.49904
2.53873
2.54719
2.09601
1.65772
2.15651
0.683999
2.50156
2.6323
1.93912
1.77548
0.233497
2.24495
0.792779
2.58573
0.75125
1.06161
0.788934
0.991968
2.34698
1.83316
2.19137
2.8549
2.48481
2.02961
2.40303
0.325614
0.229054
0.904465
1.72309
2.52728
1.15022
1.92775
0.598633
2.14796
1.69524
1.22363
2.46088
0.883187
1.41102
1.65157
1.23166
2.46507
0.406708
1.16791
1.18979
1.01512
2.44456
0.705106
0.682119
2.25999
0.644008
2.60692
1.3689
1.74488
2.59034
2.85576
2.49045
2.38492
1.83042
1.33164
2.6417
1.09041
2.94864
2.53839
2.14335
1.60329
1.60517
0.23495
0.496774
2.88361
1.52878
2.41098
1.60961
0.581884
0.64734
0.440889
1.67977
1.33694
0.347746
0.458492
0.426276
0.633497
0.849007
1.18432
2.15317
2.36108
0.278616
2.64819
2.53437
2.80833
2.43867
2.84063
0.407733
0.431745
0.448665
2.33356
2.46482
1.73685
2.85465
1.90536
1.32378
0.607178
2.18829
2.00978
1.27456
2.2217
2.96872
0.324332
2.18146
1.69498
0.728947
1.81803
1.83239
2.57992
1.05939
1.17287
2.822
2.16958
1.05213
2.40013
0.254946
0.735185
2.53565
1.88554
0.758855
0.839265
1.88725
2.50344
1.49263
0.659816
0.609656
1.83589
2.03841
0.663747
1.06059
2.53523
0.265285
2.3674
0.721256
1.86631
0.250758
1.72079
2.59342
2.86772
2.94873
0.654262
1.91032
1.36744
2.09105
2.92369
0.35031
2.4925
0.809955
0.992395
2.34082
1.30814
1.4699
1.28823
2.63828
0.825593
0.993847
2.1712
0.974364
2.015
2.97505
2.75065
2.5542
2.66161
0.458406
1.68968
0.993335
1.30199
2.28152
2.53352
0.483871
1.0787
0.861055
1.49904
0.974108
1.35018
1.91322
2.26426
0.350652
2.69357
2.79474
2.8943
1.81119
1.93766
0.753215
2.24144
2.01346
2.86533
1.77317
1.75685
1.39
2.41893
2.1054
2.45217
1.01495
0.451057
2.76783
0.946593
2.2106
1.25448
1.10485
1.13963
1.28097
1.71019
2.89293
0.644093
1.16108
1.49109
1.87904
2.11985
1.56791
2.1589
1.0417
0.24264
0.641102
2.59086
2.85875
2.84901
0.461824
2.37509
0.872591
0.590771
1.83521
1.01102
0.638795
2.4408
0.326554
1.75309
1.54501
0.98385
2.53625
2.33424
1.18945
1.6332
1.80239
1.00829
1.40487
2.10711
2.31869
2.94736
2.01671
0.306302
2.85422
2.23187
0.621278
0.927024
1.06264
2.87174
1.27387
0.9489
2.37013
0.895065
2.77184
2.73407
2.02645
2.14266
0.222047
1.27592
2.70998
0.6047
1.37889
2.73459
2.67093
0.339201
1.84136
1.19577
2.80355
0.207093
1.79556
1.59295
1.232
2.06388
2.79167
1.72711
1.39923
0.843196
2.84115
1.72412
2.24503
0.3721
1.12348
1.4664
2.06234
2.153
2.58787
1.13553
1.41752
2.55223
2.93941
1.80504
0.323478
1.63046
0.295962
1.61918
0.252724
0.254775
2.80432
1.29635
0.57727
2.72801
2.90062
0.49404
2.82363
1.57295
2.30681
1.57313
1.13031
0.911216
2.44653
2.29836
0.295279
1.87118
2.37005
2.41431
0.600171
0.863961
2.87533
2.8314
1.99962
2.56582
2.91258
2.76261
0.463363
0.442256
0.960265
1.54595
1.05759
2.25409
1.45939
2.09156
0.954027
2.97975
2.59342
0.290493
0.553429
2.19445
1.9028
2.12275
1.51228
1.94176
1.62004
2.40158
2.25802
0.935655
2.61342
0.492758
2.98282
2.33057
2.42619
0.945225
2.70169
0.49686
0.300833
1.57073
0.362871
0.439692
2.27323
0.910361
2.19855
1.69729
1.22525
2.42534
2.50164
0.358684
0.584704
2.54975
1.61927
2.63563
0.557616
1.54194
0.347233
2.8279
1.5821
1.87306
0.914805
0.319633
2.69092
2.28972
1.34668
2.84302
1.87016
2.68853
2.18992
1.04674
1.30113
2.73929
1.19329
1.60978
2.17377
0.995557
0.52617
0.332536
0.358171
2.62931
2.1254
2.04892
1.22311
0.526682
1.75599
2.39133
0.486776
2.28408
2.17505
1.8505
2.59026
0.63965
2.78543
0.765007
1.07759
1.8805
2.96616
0.878744
0.8743
1.35984
1.66823
1.30387
1.34753
1.06529
2.46285
0.526939
0.43824
0.372271
1.02888
0.695279
0.351677
1.7225
0.668276
0.621619
2.29425
1.56398
2.03619
1.74386
1.54347
2.69015
1.47289
2.27776
1.13963
1.51587
2.9266
1.00085
2.28579
0.427729
2.25264
2.70323
0.94326
1.54544
2.07789
1.94433
1.91203
1.23345
2.01765
1.5533
1.48084
0.498483
2.83226
0.508396
0.336979
0.211365
2.9107
2.03585
0.621448
1.89143
0.469857
1.76308
1.21799
2.58846
2.25554
1.16552
1.16321
1.8035
1.73283
0.543858
2.86541
0.581799
0.355266
2.76877
2.61906
2.31912
1.29763
1.63166
2.1037
1.01598
1.64115
2.83833
0.352873
2.91985
1.99936
1.08238
2.6828
2.89019
0.770391
