0.433027
2.16924
2.31997
2.29904
0.541124
0.256056
1.84999
2.0637
2.60085
0.762188
1.23824
2.69442
2.57804
0.456697
1.57595
2.92053
2.47558
2.95753
0.9301
2.77783
1.27447
1.45708
0.316385
2.8414
1.78419
0.52241
1.64815
2.32741
1.28831
2.50737
2.65084
0.699466
2.47439
0.312967
0.729032
0.418842
1.33454
2.83627
2.37295
1.47434
2.52497
0.44106
2.49216
2.13044
2.07114
0.392865
0.264602
2.13121
1.90699
0.391241
1.88776
0.396881
1.73514
2.13959
1.21918
0.250929
1.89519
0.288699
0.695535
0.215125
1.92878
1.09323
1.91502
0.209827
0.52805
0.515744
0.273147
1.19816
1.15501
1.31848
2.63862
2.90908
1.01957
1.67926
1.65473
2.88003
1.30378
1.26883
1.25832
1.45409
2.31963
2.12788
1.79872
1.97056
1.88776
2.6799
2.94787
2.38535
2.62512
1.41923
2.78722
1.16005
1.62833
0.210425
0.859517
2.45661
1.84102
1.33702
0.373467
1.47383
1.79163
2.23598
0.547618
2.16582
2.99103
1.65824
2.28144
0.577099
2.87447
1.58953
1.34206
2.83422
1.37881
1.87058
0.652895
2.62948
0.239991
2.65477
1.87186
1.23593
0.698868
0.439094
2.24717
0.489682
1.10408
1.20773
1.73822
1.37812
2.89737
2.82397
1.58851
0.270498
1.27088
1.00931
2.1383
1.43016
2.58282
1.84725
0.665114
1.44315
2.81893
2.7474
2.63854
0.603674
2.78782
0.410382
2.37765
2.49199
2.73715
1.72865
2.49814
0.782183
1.679
0.961205
2.93719
1.31933
2.91062
2.72126
0.942405
2.90062
0.618885
0.911216
2.81406
1.60021
2.25665
1.54672
1.98628
0.874899
2.7762
2.40269
2.63623
2.68699
1.81051
0.622388
1.40769
1.08246
2.2869
2.82576
0.837385
1.06366
0.361846
2.45336
0.67101
2.99069
0.365264
2.48592
1.45623
0.551378
0.239991
0.674599
0.200769
2.53745
0.765007
1.42111
1.2837
0.462337
0.850288
2.24367
2.80474
1.46067
1.38975
2.16855
1.16244
0.904892
2.36014
2.3821
2.04704
2.97787
1.65422
1.6825
2.23469
2.83798
2.73442
1.86828
0.372613
2.21564
0.395172
0.400897
1.141
2.87618
2.1219
2.2793
0.979919
2.18992
1.13245
0.463106
0.968468
2.44405
0.591028
1.58329
1.44426
2.13531
2.27964
1.47648
1.54928
0.48088
0.416022
1.28139
0.29169
2.98462
0.305191
2.2341
2.70921
0.495578
1.71241
2.70032
2.52232
1.99876
0.243495
2.78159
0.86567
1.17125
2.62333
0.833882
1.68336
1.74651
2.75544
1.23448
1.37693
1.31968
1.25516
0.936167
2.89319
2.63418
1.33959
2.14557
1.83965
2.38637
2.16411
1.86281
2.81431
1.38505
0.8931
2.82149
2.338
2.90489
2.1912
2.16368
2.17693
1.06913
1.62277
2.39064
0.641786
1.70173
0.44875
0.924631
0.45251
1.88332
1.50579
2.82004
0.354839
1.45136
1.65678
1.76052
0.677078
0.680325
0.50062
1.8822
1.2138
1.38009
1.62764
0.356291
2.02482
2.04909
0.908225
0.473019
2.33604
1.52134
2.50335
0.360222
2.53104
1.74369
1.0828
1.87844
1.6185
1.72036
1.74061
1.62534
0.766204
1.26388
2.09276
2.99163
2.48609
0.988549
2.44721
2.80184
2.05935
0.384234
2.13155
2.6805
2.78979
2.80859
0.267507
1.47947
1.27071
1.23397
1.0787
2.10472
2.25554
1.18851
2.81927
0.27947
0.916428
1.52647
1.21107
2.58274
0.482418
0.667165
0.478146
2.09712
0.240761
2.13941
1.26311
1.00914
2.29126
0.268276
0.515317
2.89327
2.84038
1.04384
0.638282
2.42209
2.42269
0.205554
1.38214
1.63713
0.8373
1.58458
2.57009
2.11985
2.78611
0.537022
2.34646
2.19829
2.80269
1.50921
2.23247
1.72873
0.65768
2.96992
0.878744
1.58876
1.82991
1.94826
1.8012
0.419697
1.02905
1.81521
2.98795
0.955394
1.35847
2.74458
2.06482
0.475838
2.70562
0.492587
1.7072
2.9219
0.746892
0.933177
1.3853
2.00953
2.95514
0.385089
2.13027
0.88088
2.19658
0.771075
2.00927
0.829353
1.10587
1.24345
0.596753
2.23657
2.62504
1.7166
1.32873
0.657936
1.09545
1.94108
2.02875
1.59637
1.28934
0.759282
1.69199
0.498398
1.7689
1.57859
2.61624
1.91357
0.759709
0.699637
2.36501
1.95193
2.92728
0.938646
2.25341
2.37911
1.24268
1.97885
1.64157
2.88498
1.92613
1.49075
1.92433
0.664089
2.25495
0.457979
0.704935
2.64614
0.423884
1.94552
2.83927
1.11177
0.446187
2.3486
0.838667
2.03388
1.68037
0.759709
1.71985
0.879769
0.373211
0.291348
2.38705
0.813202
1.20483
1.79086
1.83598
1.63243
1.8229
2.98667
2.66665
1.18312
1.5551
0.701773
0.591113
1.9827
2.88584
0.773638
1.2267
0.393805
0.885495
2.51566
1.25841
1.48468
1.97962
1.56031
1.26088
0.513608
2.84542
0.32006
1.26652
2.17548
1.62252
2.70305
1.56706
1.74668
0.227515
1.92245
1.83589
2.06764
2.75672
2.43619
1.45939
1.69934
2.36689
0.854219
2.5642
2.9912
0.821577
0.451912
1.82837
0.598206
2.6887
0.925742
0.562743
1.98577
0.377825
1.62995
2.35228
1.25687
1.20679
1.93091
2.54215
2.64315
0.680154
0.517026
0.458065
0.993164
0.772613
2.50173
2.24819
1.5991
2.60085
2.55676
0.432173
0.696219
2.27315
0.513181
1.64815
0.575475
0.50361
0.869088
1.88144
0.244008
1.57936
2.23811
0.26614
1.97304
1.06665
0.980517
1.14407
2.67016
2.24512
1.05119
0.2699
2.01278
1.85623
1.10314
2.85072
1.88126
1.95484
1.28438
2.10566
1.02863
2.45003
0.764837
2.43516
1.52425
0.32288
0.431404
1.88502
2.90976
0.510532
1.38855
1.19543
0.603333
2.84123
2.50207
1.72027
0.89216
0.809101
1.62235
0.704849
1.84734
1.37795
0.92728
2.21077
2.90182
0.798163
1.4188
1.77283
0.826789
1.22645
1.01384
2.27853
1.24559
0.335868
0.864815
2.35544
0.621107
2.30288
0.748857
0.754411
1.45477
1.95885
2.16155
2.81713
1.63593
1.69507
2.75458
2.51386
1.07631
1.70592
0.753471
1.74095
2.97018
0.760991
1.39299
1.16296
2.41517
1.29122
2.00876
1.88998
1.33318
2.77723
1.02068
2.67451
0.42696
2.42816
1.84845
1.11801
1.51211
1.13706
0.993249
0.373382
1.75967
2.90233
1.32651
1.83059
1.98885
2.89951
0.620252
2.07353
2.14599
2.79526
1.95928
2.59581
0.507456
0.886862
1.66986
2.96257
0.545482
1.25781
1.40521
2.70528
2.79133
0.73433
2.82329
2.2388
2.43696
0.633497
0.694681
2.88541
0.809955
2.08729
2.87977
1.89673
1.06041
1.13202
0.609485
2.15779
1.79684
1.1504
1.51117
1.66302
1.00923
2.85285
1.21278
2.05063
1.61602
0.586071
0.366631
1.2825
2.97266
1.158
1.72822
1.35924
0.479684
1.56253
1.72737
1.75403
2.82756
0.596496
0.770476
1.05734
2.21512
0.352446
1.911
2.7163
2.28084
2.5771
2.52429
2.55796
2.68212
0.681436
1.82675
1.58406
0.261782
0.391754
0.8743
2.12403
0.939756
2.62649
1.07981
2.83405
1.46417
1.18936
0.284939
1.02974
2.36415
1.66413
0.826106
1.0405
2.83798
2.09917
0.629823
0.671352
2.51532
0.669301
1.37701
2.06174
2.83217
1.70361
1.97176
2.22786
2.1542
1.26353
2.95403
1.17552
2.58684
2.06285
1.29199
2.47233
0.210169
2.51344
1.19321
2.16531
1.87503
1.28703
0.770305
2.53258
1.09818
1.37889
2.60051
1.75599
0.995044
1.86067
2.41465
1.60226
2.78577
0.511985
1.15561
1.00017
0.213074
1.11553
0.240504
0.801752
2.01038
1.00521
2.86746
1.6138
2.35475
0.254091
0.801154
0.388934
2.6464
2.48977
0.278188
1.26208
1.74762
1.12348
2.06661
1.52057
2.02269
2.18394
0.518479
1.79564
1.51331
1.93826
0.65392
1.36249
2.78936
1.29207
0.511728
2.43627
0.40987
0.35407
2.20675
1.15142
2.73527
1.95245
1.72907
0.312882
2.4238
1.09143
1.32472
2.00526
1.75488
0.335783
2.89378
1.14783
1.51203
2.90891
1.04358
2.4843
0.765947
1.09408
1.43615
0.89216
0.29451
1.32608
1.86452
0.701944
0.97633
2.75868
0.898227
2.71203
1.0963
1.4981
2.3339
0.986157
0.701004
1.68866
1.88844
2.12438
2.93959
2.03798
2.7733
2.68981
0.929759
0.569494
1.78616
1.8834
1.68575
2.99069
0.958641
1.95176
2.84414
1.8617
0.396454
0.615723
1.72805
1.55629
2.15052
0.808075
2.88455
2.99846
0.355095
2.80696
2.83354
0.763811
1.47306
1.25277
2.16736
1.73489
2.28255
2.53711
1.33506
0.294168
0.244606
1.04871
2.25255
0.446272
0.289297
2.5671
2.8737
0.253835
0.256569
2.48857
1.26046
0.976244
0.230421
1.57415
1.89075
1.09818
1.20363
0.505747
1.53912
1.23542
1.90998
2.73826
0.670241
2.50523
1.26294
0.535484
0.881393
1.94971
1.23593
1.67755
0.730912
1.1985
0.824311
1.72574
0.892245
1.15894
1.12476
1.33471
2.9683
1.72113
0.969836
1.49767
1.70592
1.66524
0.356206
0.612561
2.54693
0.958812
2.30314
1.85734
2.65307
0.631275
2.37808
1.56048
0.942833
2.41346
1.32942
0.656142
0.477804
0.52899
2.06054
1.50963
1.53536
1.42649
1.18526
1.40188
1.90545
2.23786
0.801154
0.959581
2.74971
2.95257
0.318009
2.41961
2.95898
2.69331
2.37962
2.0138
2.74852
1.88255
1.11562
1.76283
2.22658
2.6852
0.761931
2.96582
1.6749
1.51733
2.08618
1.07392
0.478829
2.40637
1.85589
0.23495
1.44392
2.99145
1.58791
2.79594
0.636146
1.55091
0.814997
0.452596
0.285195
2.04559
1.90861
0.73245
2.48541
1.1627
1.69378
0.697928
1.63482
1.55125
2.49541
0.359453
0.547362
1.63371
1.05178
1.2837
0.977697
0.583251
1.93433
1.68575
1.89417
2.45277
2.70912
0.692373
1.03965
2.04379
0.280154
