0.443367
2.55163
2.79979
2.77817
2.35193
1.47093
0.490365
1.20876
1.60423
0.92429
0.770647
2.83371
2.57274
2.36996
1.73916
1.73702
0.46379
2.41115
1.11818
1.5539
0.96599
2.80192
2.98769
2.61888
0.353215
1.88614
1.81769
1.21722
2.08233
2.55727
0.938646
0.325785
1.71899
0.427046
0.784832
1.83162
2.23401
1.29105
2.85003
2.0144
2.70288
0.775774
1.09254
2.28272
2.84986
0.459432
1.12664
0.949071
2.87165
1.74924
2.53847
0.432685
1.77941
1.40564
1.46306
1.27661
1.69652
2.80047
1.96176
0.568297
1.7483
2.39534
0.935057
2.54873
2.98342
1.92946
2.31066
2.99966
2.36236
0.202905
2.84251
2.79568
2.85191
0.944285
2.4596
1.0082
0.862423
1.84802
1.10109
0.549925
0.465413
1.27191
1.37616
1.94595
1.62944
1.68011
1.3847
1.41982
0.710916
1.51912
2.63854
2.48293
0.838581
2.21581
0.617603
1.21209
0.428071
2.38347
2.5025
2.00628
2.26443
0.323905
0.416535
1.60637
2.98983
2.11404
0.718778
0.968639
2.63504
0.361846
1.28293
2.37783
2.43098
2.12284
0.500278
0.986413
2.53745
1.06118
2.74527
0.970946
1.52878
0.345268
0.438923
1.08819
0.87148
0.964025
1.05076
2.22316
2.23256
0.351506
0.773125
1.31327
0.855416
2.80859
1.20842
1.83794
2.0426
2.60684
1.605
2.46012
2.37971
2.86516
1.38035
2.40816
1.94091
0.283059
1.46751
1.98466
0.312198
1.62226
2.8244
0.390045
0.669985
2.01961
1.84144
2.84909
2.75287
2.22264
0.586242
2.82628
0.56317
0.433625
0.822858
1.71968
2.03807
2.24879
2.54181
1.01897
2.52403
1.18193
1.14031
1.31592
2.09592
1.25909
1.18885
1.95433
1.35591
0.571374
1.72173
2.1084
1.35027
1.67413
1.78983
2.67486
1.04187
1.31976
0.811921
1.36761
1.17569
0.211792
0.463533
2.8032
2.37449
2.06712
2.23956
2.3621
0.702457
0.674258
1.82794
2.01611
2.13506
2.63623
2.43439
2.9072
0.370647
0.482931
0.591626
2.06704
1.02376
2.64384
2.99462
2.46311
0.235377
1.36505
2.69639
2.16009
0.739201
1.86161
1.2038
2.58368
1.42102
2.1894
2.00953
1.67353
1.40795
2.32698
0.498312
0.714676
2.32621
1.95219
2.16565
1.83281
2.16428
1.00385
1.68438
2.54241
0.778509
1.71301
2.35928
0.734245
2.08011
0.994104
2.90515
2.49156
2.13907
2.68109
0.286648
1.31865
1.44435
2.09806
2.75809
2.37449
2.55693
0.450459
1.03837
1.49425
0.592737
1.52544
0.962145
0.989062
0.57445
0.587011
1.141
2.81064
1.88776
1.95663
2.17496
2.26742
0.681436
2.36338
0.94984
1.28191
0.847725
1.75334
0.559752
2.77415
0.420038
1.04529
0.5906
2.36039
2.82713
0.919504
1.10297
0.554711
0.239222
0.327836
1.85204
1.2596
0.845759
0.412519
2.08122
2.93437
2.49994
1.32087
2.0279
1.4282
1.36907
0.403803
0.278274
2.46593
2.42901
1.68532
2.10899
1.17304
2.83721
0.290152
2.15275
2.22871
1.82487
2.11874
1.32574
1.63294
2.5448
0.454134
1.75471
0.876693
0.711258
0.591626
0.439949
2.50173
1.0711
2.97573
0.993335
1.83717
0.542491
2.33348
2.58744
2.30203
1.4593
2.89233
2.25409
1.85888
2.15821
0.767913
0.469771
0.408417
0.346294
0.810724
1.36539
0.910703
1.28729
2.19966
0.296902
0.82132
1.84221
0.467464
0.516343
2.63025
1.20363
1.84965
1.27883
0.889853
0.960436
2.43969
1.92391
2.52164
0.5301
0.841658
0.668361
1.38564
0.997095
2.40628
1.84948
0.304678
0.99342
2.53762
1.95296
1.52621
0.460628
2.35885
1.76693
2.81303
1.52878
2.22384
0.996667
1.34813
2.75185
1.16253
0.279043
0.642384
1.13476
0.947105
0.533177
0.231104
0.992993
0.867037
2.18556
2.54933
2.0778
1.50023
2.60709
2.77065
2.40842
0.767486
2.69912
1.59944
2.24683
0.558385
1.36642
1.20201
2.65315
1.61542
2.8138
1.86597
1.85828
2.16479
1.40513
1.57347
2.49327
0.379705
2.62128
2.07806
2.11036
2.16659
2.85482
1.26977
2.43551
0.757573
0.578552
0.619398
1.38812
2.40124
0.827046
1.88571
0.506772
0.235206
1.52527
2.27656
0.217859
1.4317
2.00585
1.44905
1.58415
1.29934
2.65007
1.53732
0.971972
1.03316
2.38953
2.39483
1.87392
1.99731
2.20872
1.23935
2.32365
0.428413
1.78291
1.68797
1.74206
2.24879
2.99103
2.16847
2.45131
0.674087
1.83965
2.29707
2.09353
0.706388
2.13745
2.80714
2.59359
2.39654
1.65448
1.21807
1.10169
1.76659
0.907199
0.8326
2.55403
2.47746
2.10506
1.6473
2.48874
1.93057
0.794916
1.9662
2.15539
0.890365
2.14454
1.70489
1.75454
0.315445
2.79782
2.57078
0.244862
0.886178
1.04367
1.70874
0.75689
2.51515
1.4329
1.99953
2.44849
2.52933
0.982739
1.99722
0.241188
1.01077
1.50451
2.69477
1.2755
0.78338
1.59406
2.50335
1.1198
2.13266
1.62089
0.835676
1.37385
2.14753
0.453963
1.27763
0.501901
1.57013
0.461995
1.13766
0.334074
1.04187
2.32519
0.36176
2.07327
0.833198
0.596326
2.59983
0.644435
2.74407
0.748772
2.21222
1.62568
0.263234
1.44819
2.80389
2.3956
0.474386
1.98654
2.27315
0.937193
2.1941
1.01487
1.1627
1.93484
1.83264
1.7131
2.90062
2.40107
1.86255
0.733818
1.11852
2.07157
0.983337
1.25806
1.03512
1.20594
2.46994
2.29989
2.89156
0.23119
2.99214
1.79829
2.82611
0.265542
1.19252
2.03251
0.777996
2.16052
2.31126
1.70002
0.80423
0.298013
2.14283
2.39286
1.7994
2.38159
2.21598
2.61128
0.405597
1.45606
0.280239
1.45101
1.29985
1.39735
2.39022
1.9034
0.645119
2.50626
0.672121
2.30323
2.29562
0.845674
2.26255
2.26426
1.73967
0.358684
0.304849
0.438923
2.97257
1.8041
0.492245
2.03952
0.481564
1.14732
2.44456
2.25836
2.73553
0.644862
1.80521
2.72527
1.36232
0.858748
1.94809
1.93894
1.60577
2.03927
0.379449
2.81013
1.44563
2.71263
0.323991
0.653493
1.37052
1.51228
1.38188
0.367315
2.1912
1.29071
2.94386
0.936509
2.88037
1.94792
2.25341
1.59739
0.627857
0.617261
1.20209
1.40205
2.29827
2.44294
0.945482
1.7195
1.8775
1.78821
1.22841
0.21034
0.297928
1.5122
0.305704
2.61427
2.62777
2.15104
1.14749
1.68541
1.81231
0.643153
0.213929
2.81577
1.55612
0.434309
0.890536
0.88182
0.731681
2.60077
2.66793
1.85375
0.303055
2.22777
2.55616
2.10267
2.75253
1.68148
1.81974
2.14582
0.595557
0.611194
1.32121
1.36556
2.37552
2.31895
0.961205
2.83961
0.320402
1.93527
0.501559
2.82106
0.854476
1.63781
0.460201
2.40491
2.54787
1.55022
0.36364
1.91895
0.69451
0.35894
1.44666
1.57595
1.10485
1.88596
2.68468
2.52583
1.90041
2.85396
2.84798
1.04358
1.49861
2.88199
0.263747
0.792352
2.77501
0.749626
2.97539
2.29742
1.58996
1.16629
1.78334
2.97018
2.46806
1.68319
2.85986
0.417988
2.01705
0.7862
2.41953
1.57928
2.4743
2.40654
2.93805
2.4191
1.56817
1.8869
1.00316
2.32519
1.48169
1.44085
1.48793
1.13971
2.70596
0.941978
2.13121
0.96599
0.370562
0.88182
0.415253
2.68648
2.04021
2.53275
0.426875
2.52993
0.561461
2.95386
1.58902
1.02564
2.15172
0.677676
2.95155
1.68191
1.31361
1.31472
2.12771
0.525571
2.76561
2.51284
2.96471
2.64153
1.57372
0.71066
2.63495
2.44849
2.07447
1.92074
0.235633
0.249306
0.773894
0.580773
0.385516
2.99291
2.61239
1.11057
0.703995
0.584875
1.38077
1.41171
1.06195
2.88601
2.07772
1.74779
1.09092
2.73348
1.99312
0.24247
1.43914
0.525401
2.70716
2.03354
0.459774
0.503183
0.591113
0.519077
1.82153
2.27169
2.79876
2.5348
2.32724
1.29259
2.33407
2.69904
0.62837
2.29049
1.18526
1.16347
1.72412
0.50737
1.10938
0.806366
1.92997
1.94458
0.658107
2.50686
2.00645
1.12792
2.03063
1.73625
2.33322
1.53604
1.94048
2.30647
2.61649
2.82636
0.886178
2.90934
2.01816
0.798846
2.21051
0.288272
2.59325
2.63367
1.73771
1.07674
0.723222
2.54044
0.975219
2.14249
0.233753
1.55698
2.66836
1.47494
1.08195
2.63444
2.09378
2.25281
2.90421
0.346806
2.88148
2.12984
2.50822
2.76253
0.750566
0.376202
2.20026
1.21423
0.348686
0.912156
2.43234
1.10664
2.97949
1.87306
1.25849
1.49776
2.40893
2.94164
2.08737
2.99154
2.13617
1.48622
1.81735
1.68088
1.71617
0.341679
2.84465
1.07631
1.92271
1.0711
1.42777
2.55932
1.53843
2.74476
1.49989
0.697244
1.96014
2.47533
0.814142
2.75783
0.805768
0.945909
1.30934
0.759624
1.91228
0.768169
1.78564
2.19769
0.50925
0.908652
2.37518
2.98
1.75924
0.220594
1.29669
0.313736
0.648793
2.11882
2.18171
1.87827
1.02059
2.63478
1.25832
0.22179
1.73198
1.48964
0.681777
0.320231
2.52899
1.62346
0.498654
2.03551
2.42243
0.416279
1.53194
0.209485
1.15356
2.44046
2.47439
2.13369
1.73805
0.980602
1.0787
1.92946
2.27332
2.95941
2.33108
1.17774
2.99983
2.50583
1.49485
1.33591
2.80073
0.204102
0.914548
1.27832
2.73006
1.26114
0.464559
1.09904
1.95484
2.82816
0.93198
0.713138
0.900534
1.7166
2.22025
2.79568
2.58522
1.94399
2.06217
2.99376
1.73164
2.94762
2.32784
2.15129
0.244691
1.10357
0.61709
1.08246
2.24016
2.18957
2.2229
1.4323
2.01372
1.82726
2.15266
1.16056
2.13788
1.54296
0.296646
2.58855
2.2728
0.683914
2.22948
1.94433
1.48015
1.02752
1.53211
0.744926
2.22658
0.720487
2.52395
2.35287
2.86447
0.38714
0.88934
0.44405
0.377227
0.841658
0.689212
1.12527
1.3783
1.24473
2.04234
1.43811
1.54775
2.33954
1.5662
2.38748
1.49836
1.20662
1.46392
1.63123
2.45524
1.77342
2.1442
1.96988
2.13839
2.31741
2.26264
0.371758
1.43469
0.999231
0.672036
2.07413
0.247768
0.264516
1.76813
2.09413
1.51228
0.749883
1.91921
1.09058
1.76026
1.93322
0.467037
0.711344
1.22858
2.96402
1.78641
0.565563
0.691946
1.31087
1.48964
0.757146
1.21235
2.26623
1.6667
1.31814
1.99004
0.541893
0.64452
2.47797
1.30395
2.99701
2.15642
2.70767
1.33104
0.532322
0.605982
1.27524
2.22846
2.99171
1.31626
2.25084
0.269558
0.304593
1.64875
1.49776
0.619227
2.91096
0.281777
1.18893
0.736467
2.30229
2.53463
2.58376
2.5918
1.9198
2.22495
2.00508
1.2872
1.24439
0.348088
2.35279
2.6664
2.11771
1.86452
0.691177
0.700662
1.3307
0.482675
0.648537
0.84217
2.11822
1.92715
1.76539
0.527195
2.99598
0.376116
0.530357
1.82059
2.17838
0.558641
2.83918
0.987268
1.21457
2.99727
1.41598
1.97834
1.27883
2.88464
1.93416
1.41982
0.955565
1.28105
0.973254
0.491134
2.95334
0.721085
2.35022
2.48088
2.18727
0.715189
2.96283
1.00726
1.86802
1.63627
1.08169
1.69165
2.03166
1.67584
0.229737
1.07075
1.55185
0.960607
2.78517
1.93724
2.86917
0.313395
2.84636
2.89481
1.67584
0.348515
0.496261
2.11515
1.1938
2.38859
2.20367
0.685452
2.48285
2.88874
1.49742
0.733219
2.01722
2.45832
2.65426
0.515061
1.16706
1.56526
0.334245
1.25892
2.82371
1.21175
0.303995
2.74535
2.60419
0.268789
2.58359
2.41679
0.274941
2.15633
1.35471
0.201025
2.43055
2.95744
1.36984
1.43777
2.86473
1.65328
1.59577
0.493698
1.2731
1.76719
1.83307
1.85691
1.92305
0.303824
2.64657
2.49438
2.52916
0.473446
1.14527
0.66238
1.77172
2.08541
0.5489
2.55762
2.09592
0.501901
2.4784
2.3938
2.62846
1.23696
2.70887
2.49489
0.850203
2.68921
1.32079
1.39
0.661525
1.69549
0.389019
2.49771
0.678188
2.39389
2.94505
2.18855
2.39509
1.88161
0.351079
1.41137
0.855159
0.357659
1.02444
2.47336
0.262636
0.835676
0.847298
1.55826
0.37492
1.316
1.4012
2.97351
1.71335
0.50361
1.56347
1.31113
0.629737
0.359368
1.40248
2.3116
2.66529
1.37291
2.71032
0.616919
2.84003
1.84384
0.308438
2.00209
0.510703
2.65862
1.66644
2.67007
0.233753
0.852083
1.76898
1.99996
1.8711
1.43905
1.17005
0.535313
1.37667
2.80491
2.57112
0.798846
2.70117
1.94211
1.0611
1.92245
0.651442
2.82106
1.35591
2.87985
2.3439
1.38077
1.57398
2.5084
2.28759
0.429267
2.08635
2.70938
1.13536
2.73946
1.37889
0.211451
2.74108
2.02867
1.06341
1.2884
1.15894
1.30951
1.57501
2.81474
1.42418
2.69955
2.29451
2.05029
1.75069
0.975732
1.63183
0.938902
0.585131
0.564623
2.40953
2.90934
0.953343
1.45178
1.28173
1.56646
2.73766
1.70028
1.12878
1.25935
2.92147
1.26618
2.76227
1.7148
2.84055
1.59645
0.880026
0.722111
0.475838
2.49857
2.20803
0.259389
0.427815
1.96868
1.16552
2.84559
2.80842
0.465413
0.993078
0.307926
0.888144
1.31839
1.67909
0.552489
1.93689
0.356035
0.623072
2.12309
0.294253
1.24414
2.97377
1.33882
1.10921
2.01841
0.777654
0.595984
1.38325
0.502329
1.87853
1.82213
1.55868
0.495065
0.501987
1.27028
1.88562
2.01841
1.26567
0.44012
0.808161
2.30955
2.54984
1.7148
2.80534
2.04764
0.568126
0.698953
2.52523
1.50143
1.2749
2.64768
0.249391
0.685708
0.6464
2.1718
1.5263
2.21325
1.67379
1.2091
2.80799
2.9307
0.605811
1.64696
2.73202
1.02564
2.37765
2.78543
1.68293
1.89254
0.564025
1.62687
1.27131
1.84384
1.39453
0.98197
2.76894
2.95539
1.96757
0.976073
2.13651
1.73309
2.20154
1.34719
0.282119
2.08763
2.65965
1.31985
0.98778
0.905234
0.587011
2.04533
1.14048
2.30305
0.696902
1.19252
1.7078
0.454048
2.64315
1.48041
2.09276
1.07204
1.31711
0.336125
0.706729
1.84162
1.10716
2.06952
0.798846
1.88229
1.8558
2.94856
2.37671
2.53377
2.45465
1.76599
1.65926
2.34954
2.21359
0.282205
1.29626
1.78658
1.141
1.33343
2.39457
0.878915
1.67379
2.59248
1.18569
2.58206
1.79385
2.16855
0.575475
2.2758
1.669
2.83576
0.610938
1.31378
2.55531
0.274856
0.502329
2.7063
0.498654
0.918564
1.43897
1.62363
1.17381
1.58611
0.834736
1.60893
2.39628
1.69549
0.842
1.9868
1.447
2.63991
2.17129
1.35497
1.74617
0.717496
0.45251
1.84828
0.413031
1.00051
0.97915
0.259645
1.25114
2.53113
1.86768
1.10869
1.09374
1.83324
0.674258
1.343
2.44978
1.52596
2.50412
1.36035
0.385772
1.027
0.650417
0.440718
2.18274
0.933689
0.202564
0.472848
2.5037
0.868319
2.45909
1.2655
0.611109
2.77646
0.982995
2.92942
1.97142
2.26452
2.3392
1.41743
1.1827
2.36518
1.94843
1.1122
0.565136
1.51715
0.897031
2.5454
2.54984
1.34787
2.54035
0.339286
2.20496
2.84559
1.93553
2.65742
2.03602
2.90857
2.14326
0.849519
2.59727
1.86016
0.434138
1.38231
2.25341
0.315104
0.838923
1.1392
1.62696
1.5862
1.67857
1.38035
1.2702
0.818073
0.511899
0.247597
2.09942
2.23666
1.5404
0.303824
2.72741
0.899081
0.703397
1.79308
0.433198
1.13612
0.706644
1.30865
1.10622
2.46917
0.416364
2.9589
2.90164
2.79423
2.46003
2.91472
0.945225
2.81705
0.269985
2.02944
0.225208
2.72869
2.40765
1.81692
2.80765
0.307926
2.20479
2.07575
1.31412
1.03922
0.961547
0.246657
0.798334
1.83196
1.13672
2.39192
2.95984
0.930699
2.16821
1.08212
2.83123
1.20209
2.16232
2.88045
1.87785
0.58667
1.6878
1.90929
0.846187
1.30318
1.71318
1.78881
1.49938
0.792694
0.324418
2.03345
2.97659
1.59004
2.66076
0.795001
2.31408
0.310062
1.10553
2.83927
1.6661
1.33608
1.77086
0.64341
0.961718
1.3988
1.1116
1.50254
0.936253
1.83153
2.70861
1.3313
0.874642
0.291433
0.455928
0.450545
2.00346
1.93211
1.39291
1.24388
0.870028
1.81658
0.414313
1.77342
0.44593
0.957274
2.50122
0.841145
0.891818
2.17163
1.90459
0.584619
0.521555
0.538816
2.72416
2.4931
2.50318
1.44725
1.5163
2.53241
1.83427
2.61914
2.37039
0.866097
1.32839
1.09989
1.89075
1.06016
0.351677
0.799786
0.521128
0.25862
2.24537
0.375689
2.85046
1.21807
0.972485
1.43999
1.73506
2.88763
1.32745
2.88413
1.2784
0.423286
2.4432
1.70481
0.702286
1.72335
1.73617
2.52053
2.54881
1.77154
2.22538
2.96394
0.850374
0.276821
1.96279
1.94074
1.50562
1.09742
1.71318
0.739714
2.49763
0.534544
1.22081
1.98355
2.99299
0.985986
0.600171
1.60602
2.55864
1.04503
2.38834
1.24482
0.734501
1.33335
2.79688
2.6364
2.9988
2.35467
1.29994
0.200513
1.36343
2.85738
0.297415
0.602564
2.83867
2.99325
1.58893
1.48024
1.20167
1.15911
2.19744
2.92292
1.70916
2.81064
1.87964
0.690579
2.59009
2.13352
2.46054
1.16082
0.955907
2.46208
2.9295
1.38906
2.5677
2.73023
1.23593
2.27332
2.29408
1.84452
1.12134
1.00675
1.50186
1.46486
1.32574
2.80919
1.21286
0.282205
1.90562
0.922239
0.867464
2.27947
2.20162
1.25772
0.330314
1.26311
2.79235
1.4852
1.3771
0.554027
2.77253
0.947105
0.69827
2.12429
1.8934
1.58928
1.46016
1.66704
1.70147
0.69263
1.85665
2.28819
1.21483
2.79611
1.69319
2.10634
0.873104
1.19534
2.23811
2.04858
1.89921
1.20816
1.17911
0.330314
0.810553
1.99039
2.72322
0.306131
2.61709
0.692886
2.67699
0.978893
2.04277
2.94557
2.14471
2.45516
1.10998
2.65563
1.28182
1.23422
1.22183
1.90938
1.54219
2.0185
1.68225
0.362871
1.45426
1.33172
1.58979
2.51036
0.367058
0.434138
0.643153
0.216663
0.800128
2.82098
1.39624
1.30421
1.43726
0.591198
2.89942
2.77697
2.20026
2.97676
2.26537
1.87366
2.24136
2.11549
2.49677
2.33553
1.08998
2.15992
1.11288
2.67571
0.593847
1.20551
2.71288
2.23931
1.08921
1.72848
2.01363
0.640504
0.639906
0.618799
2.89908
1.16424
1.98167
0.898056
0.4185
2.12036
2.40944
1.80726
2.47251
0.738005
2.04482
0.9536
1.32173
1.98705
2.92224
1.60363
2.45875
0.914035
0.729545
2.80961
1.37804
0.881137
0.442598
1.85717
1.78359
2.6946
1.68977
0.721342
2.16992
1.81025
1.88426
1.21944
2.31536
1.40444
2.16223
2.94608
1.42444
2.8972
2.56428
2.68075
0.256911
1.31429
2.29613
0.953258
1.38103
0.278445
2.70869
0.455416
0.288357
1.2138
0.832685
1.98628
0.708353
1.15322
1.90664
2.21846
2.05875
1.33574
2.3351
1.773
0.771331
2.18103
2.3151
2.69075
1.02828
0.828755
2.368
0.986584
1.04862
0.430634
1.01376
0.975475
0.860799
2.58146
1.02709
1.05674
0.49968
0.478317
2.30972
2.84422
0.965648
2.99496
2.81935
1.73053
2.08208
0.856526
2.39167
2.37219
1.19022
0.307157
2.8919
0.383038
0.818244
1.85204
2.33527
1.72472
1.26174
1.86605
1.61235
1.47896
0.21333
1.05435
1.85759
1.89323
0.579748
2.35262
2.69827
2.58282
1.02188
1.8546
1.82153
0.780731
1.15809
2.95488
0.496689
1.72027
1.56526
1.29344
1.49092
1.43845
2.51745
1.49084
1.21431
0.889084
1.19859
2.05986
1.7348
2.45097
2.52694
1.08246
2.49652
2.92002
1.32831
1.03931
2.98257
1.27268
1.39684
0.978552
1.35744
1.68755
1.17911
2.01252
0.728178
2.11352
0.420637
0.328605
2.45986
2.07114
2.31126
2.10361
0.985217
0.375176
1.06708
0.906088
1.54424
2.46601
2.28742
2.37859
2.49139
2.4367
1.62243
0.381841
2.8091
1.44401
2.69058
0.593933
1.66328
2.39047
2.58274
1.34745
0.240248
0.564623
0.690323
2.49498
0.700919
2.52831
1.19577
2.489
1.29079
0.536082
0.560863
1.26422
2.04285
1.97748
0.353557
2.71006
0.510617
1.92613
0.347661
0.719803
0.370049
1.08631
1.03461
1.40555
1.12596
2.0226
1.28481
1.06426
2.96172
1.96039
0.695364
0.484896
0.569494
1.84529
0.762188
0.382354
2.79885
2.34843
0.413373
2.54582
1.55962
0.905747
2.44277
0.690066
2.41953
2.47806
1.17885
2.39697
1.13031
2.11933
1.52963
1.73283
1.72361
2.44209
0.537107
2.73245
2.41098
1.66524
1.18321
2.13386
2.92745
1.33412
0.78056
0.754241
1.55569
2.99803
1.28866
2.29263
1.86802
0.934629
0.691092
1.74668
0.223499
1.80812
1.5727
0.633497
2.05849
2.74715
1.63226
0.798846
1.60748
0.733134
2.27101
2.80414
1.09212
1.18347
2.79133
2.6787
1.215
0.618628
2.34552
1.8235
2.59744
0.900449
2.37133
1.45606
0.396796
1.92903
0.851314
1.98099
0.542576
2.28554
1.9339
1.07674
0.627259
2.30861
1.45409
2.48421
0.290493
2.69246
2.69058
1.28507
0.93386
1.49237
0.497116
2.45789
0.803119
2.22769
2.14574
2.09814
1.27661
2.36706
0.618714
2.09199
2.3962
2.88601
2.28827
1.62858
0.678188
2.58206
2.31921
2.74048
0.84388
1.03666
1.33412
1.25849
1.30335
1.91032
1.47785
0.36928
1.43401
1.25909
2.6182
1.36266
1.68857
2.9595
1.22089
0.355522
2.57189
1.12912
1.43674
1.5821
1.52203
2.43226
1.73771
0.434993
2.13565
2.95463
0.239479
2.84738
1.17295
0.938133
1.64884
0.601282
1.38077
2.06157
1.77189
2.75202
1.5715
0.553856
2.52258
0.753728
0.794488
2.03004
2.56702
1.07605
1.63841
1.33429
2.54249
2.89652
1.901
0.880026
0.788079
1.45947
1.66473
2.37355
1.72455
1.08631
1.01547
1.40778
1.62064
0.825678
1.44136
1.81606
1.88426
1.13142
2.94967
0.870882
0.614527
2.9548
1.53903
1.41709
1.35394
2.83969
1.46537
2.02525
0.976244
0.207007
2.13753
1.65422
1.24969
0.817219
2.08054
0.710062
0.410895
1.7965
2.20581
1.38769
0.888827
1.01675
0.422602
0.38449
0.714762
2.21427
1.83153
2.07182
1.95706
2.63623
2.93437
0.413202
0.917197
1.80197
2.10079
2.51574
1.82546
1.36684
0.327409
2.90258
1.97287
1.0752
2.52754
0.994275
1.21782
2.79184
2.98829
1.68618
0.603931
2.39705
1.6338
1.90904
1.02786
1.13493
1.1316
1.06118
0.292459
2.20128
0.678787
1.79923
2.28631
1.75856
0.906259
2.67426
0.222217
1.76608
2.13907
2.30271
0.87806
0.612391
2.04892
2.55719
1.3712
2.93745
2.93779
2.46678
2.20974
1.83196
1.08913
1.11288
1.7536
2.80235
2.02482
1.20919
2.62623
0.686734
0.504379
0.851827
0.411921
1.31233
2.70622
1.52929
1.97842
1.87879
1.42435
0.277248
1.75975
2.25725
1.32369
2.46849
2.54018
0.391241
2.28545
0.721683
0.673147
1.98816
1.48485
1.22158
2.67562
0.486776
0.635975
0.932493
1.5333
2.29118
0.642384
2.59761
2.0561
2.85576
0.890622
1.80795
1.21876
2.61068
2.22401
2.23076
1.62756
1.91485
2.83499
1.68327
0.447127
2.42294
2.91207
2.34117
1.12767
1.65559
1.68045
1.76659
1.46802
2.55932
2.67306
1.24619
2.55334
2.44285
2.46892
2.12446
0.50455
2.6799
1.13766
1.42094
2.77714
0.762786
1.22713
2.21846
2.94599
0.496945
2.7304
2.50968
0.515146
1.92194
2.87199
0.390472
2.48943
1.14817
2.5489
1.68626
0.84405
0.895151
0.264602
0.699295
2.63273
0.320231
0.593933
1.36539
0.468148
1.32429
1.21534
1.90587
2.116
2.72237
2.3492
1.86358
1.33651
2.66665
2.63854
2.20983
0.314078
0.309378
2.9107
1.40983
2.21043
0.293057
1.45683
2.93489
2.97906
2.65563
2.26657
0.706815
1.78018
1.33719
0.256142
2.76526
0.331425
1.87802
1.32685
0.841743
2.13292
0.292715
2.09071
2.13138
1.50374
0.909763
1.10305
2.94728
1.3689
1.16304
2.83679
0.945909
2.13147
1.52365
2.23786
1.21226
0.569665
2.15873
0.69827
0.889511
2.69596
2.50532
2.08498
2.84337
2.71451
1.74642
0.46097
1.047
2.01628
2.37706
0.538389
2.17505
0.747746
0.847383
1.29746
0.893014
2.29169
1.0711
0.612732
1.33113
2.39654
1.1856
1.72147
2.22837
0.493527
0.552831
0.972314
1.8358
2.13719
2.5865
2.09284
1.6655
2.50771
1.59474
2.81132
0.773894
1.1128
2.02517
1.87229
1.6649
1.22645
2.29921
0.282803
2.70271
2.20077
2.82482
2.82585
0.920444
2.59103
1.17244
2.07943
2.51224
2.62905
0.405341
1.37949
0.496091
1.58347
1.94783
2.96223
0.83636
0.944285
0.581884
0.924375
0.51113
0.569152
0.558983
0.440376
1.61397
1.52869
0.412946
2.0708
1.3765
2.78885
1.864
0.601794
2.99966
2.66691
1.59902
1.65336
1.18065
0.600342
1.7178
1.89169
1.22457
1.76351
0.43072
0.485495
0.425422
0.471822
1.59662
1.64268
1.80769
0.91019
1.88793
0.264174
2.91216
0.722965
2.57078
2.9548
1.7166
1.60303
1.88742
0.824738
1.57714
0.417646
1.02828
2.32459
1.27823
2.60923
2.08173
0.545225
2.4784
0.206067
2.94847
2.82551
1.04008
0.984704
1.20773
2.70143
2.93061
0.716727
0.724931
2.43687
0.380987
1.84144
2.1847
2.57137
2.19197
1.29908
2.13993
2.32399
0.672292
0.464132
1.36291
2.89002
2.69964
1.91502
2.28656
1.46785
1.78838
1.17783
1.92211
1.65413
1.85554
2.58188
2.04302
2.84456
0.367913
2.96479
1.01991
2.67682
2.36287
0.363811
0.296048
0.355095
1.02487
2.23196
1.09024
1.29207
1.91143
0.714847
1.91408
2.50558
1.30916
1.52801
0.491903
1.20978
1.41384
1.17013
2.27067
0.435676
0.81756
1.8106
2.70673
0.920103
0.991797
0.588891
1.51801
0.699808
0.855074
0.66332
2.08823
2.84866
0.51113
0.346208
1.0106
2.3956
0.245546
2.06336
2.16001
0.460201
1.86879
0.275283
1.47836
2.64426
1.29259
1.29806
2.06413
2.1148
1.82786
0.559838
2.95018
2.42004
0.690579
1.03281
1.55971
2.07097
0.604187
1.17595
0.827131
1.52989
1.78564
2.52762
2.17112
2.24144
1.00205
1.68447
0.506687
2.34347
0.586584
2.80466
1.68661
0.69733
0.899936
1.37308
2.95531
2.67229
1.5257
0.565221
1.60671
2.92335
1.48673
2.54864
0.431831
2.99983
1.36992
2.45738
2.34262
2.62162
0.447468
2.97932
1.96185
2.86097
2.88156
1.69225
2.96471
2.06712
0.899509
2.68665
1.76018
0.371844
2.22922
1.81239
2.70066
2.01226
2.47832
2.68793
2.60487
0.509592
0.548985
1.6079
1.38453
0.341166
2.57317
1.28823
1.76026
1.34189
0.455416
2.78441
1.65465
2.27477
2.11361
1.92262
1.05076
0.206409
1.50186
1.17945
1.70224
2.9254
1.90502
1.74847
1.88408
0.241102
2.99197
0.730656
0.969836
1.00128
0.714591
2.98752
2.02474
0.463533
2.94061
2.59205
1.99979
1.66157
0.707327
2.21794
2.51737
0.200342
1.58449
0.201709
2.83251
2.9207
0.63213
2.41713
2.36031
1.06751
1.04341
2.69887
2.3551
2.00312
1.9574
2.95292
0.529075
0.899338
1.13108
2.69101
1.79974
2.04841
2.75723
1.12655
2.54984
2.02893
2.51592
0.370989
2.39218
2.36526
1.74711
2.46482
0.822431
0.317069
0.432087
2.78475
1.95005
0.236744
1.27028
0.561547
1.49425
2.53275
2.5407
1.0476
1.6314
1.47486
0.833283
2.07071
2.68357
2.08191
0.940184
1.11228
0.433027
0.524888
0.791925
1.6479
2.45294
2.68802
1.92792
1.68575
2.63905
2.92062
2.18761
2.04302
2.93258
0.421149
1.51057
0.496091
1.81914
0.4884
2.73262
0.942149
2.19385
2.47815
1.8652
0.910361
2.97744
2.90267
2.94659
0.559752
1.87298
1.51169
1.55048
2.1013
1.6502
2.38979
2.84234
0.781243
2.54386
0.710575
1.46734
0.76458
1.15501
0.383209
0.361504
1.05452
0.842
2.82935
1.36984
1.5862
0.788849
0.928135
2.76108
2.63273
2.33809
2.36731
0.926426
2.85943
2.5765
1.63602
0.548643
2.76603
2.56061
0.499167
2.53061
2.052
2.96907
1.78932
1.96894
0.444221
0.570263
0.75407
1.86204
1.72361
0.292373
2.39645
2.03909
2.48866
0.282888
2.24563
2.59735
1.79282
1.1457
0.995984
0.935398
1.99432
2.34305
1.65131
2.07105
0.554198
0.549583
0.811835
1.72865
1.92228
0.547105
1.14228
1.08665
1.64584
0.244948
0.657509
1.47016
2.64179
2.4173
2.66332
1.47759
1.76616
0.740996
1.99107
0.827985
1.02222
1.12459
2.56197
2.61786
1.14125
0.713907
2.3198
1.47263
1.0758
2.3627
0.568725
2.48327
0.342106
0.955394
2.9548
2.41295
2.54924
2.57069
0.726554
0.462337
0.251955
1.67088
0.315616
0.881991
1.06623
2.50737
1.47058
1.91707
2.38312
1.52801
2.78535
0.57351
2.61965
2.97411
2.85747
2.09395
1.14424
1.25507
0.314505
2.02739
2.01337
2.28827
2.94582
2.58505
1.65781
0.589746
1.5768
0.365349
0.855074
1.10707
2.92497
1.53877
1.5269
2.5771
1.47263
1.57765
0.697842
0.600598
1.39564
2.42089
0.952916
2.81816
2.18496
1.35838
2.13275
2.37569
2.99889
2.1254
2.00209
2.8684
0.98291
2.09173
1.43076
1.74856
2.19581
0.435505
2.62333
2.98633
0.777313
0.787567
1.53527
2.36937
0.997864
2.83465
2.2147
2.23153
1.42495
1.16808
1.00385
1.79462
