0.448152
1.36514
0.749883
1.33335
0.535228
1.57509
2.21171
2.55651
0.389532
0.393377
0.555736
2.89763
1.13245
1.20568
0.376202
1.72292
0.220594
1.1762
0.977526
2.12668
0.748515
2.89011
2.39876
1.6085
1.96612
1.15048
1.97125
2.75048
2.59846
1.36932
2.49797
0.229823
2.35578
1.38761
1.34018
2.70775
2.42029
1.56484
1.10169
1.12732
1.49818
2.97291
2.79551
0.763469
2.22384
2.53335
2.58231
0.55736
2.10395
0.935313
0.567101
0.676138
0.588891
1.37112
0.742619
0.234352
2.05926
0.927366
2.16514
1.71438
1.51399
0.269131
2.45242
0.8232
2.74937
2.6546
2.49002
0.724589
2.61427
2.7175
2.6335
1.38137
2.3316
0.455245
1.69421
2.9483
1.87041
1.66003
2.9965
1.95082
1.95954
1.02999
2.39278
2.38868
0.526939
1.59919
1.726
0.900534
2.55574
2.32185
0.224183
1.72848
2.1407
1.85067
1.71728
1.01871
0.53574
0.745268
1.36172
1.79684
2.17889
2.54822
0.961718
1.95475
2.08114
1.56663
2.57385
2.5865
1.7683
2.59786
1.4828
1.41128
2.76296
1.63337
1.03555
1.82076
0.79295
0.783123
0.422089
2.28708
2.51557
0.453621
0.289126
2.27135
1.14305
2.8197
2.4755
0.568212
2.75954
0.426362
1.15527
2.62487
0.513181
0.759453
0.478402
1.57116
2.4755
1.82068
2.79363
2.70032
1.95091
0.346208
2.54283
2.93463
1.62747
0.905661
2.71425
0.616407
2.75484
1.11938
2.14189
0.361248
0.736125
2.43012
1.33796
1.50861
1.92356
2.06926
0.346977
2.11096
2.20256
1.652
2.7081
1.39615
0.953941
2.04166
1.81325
1.84196
2.1812
0.318351
2.95035
2.19949
0.78919
0.49216
1.31532
2.20359
1.00376
0.595044
2.88481
1.90733
0.517881
1.3918
2.83354
2.37834
1.35275
2.14617
2.7862
1.894
0.621876
0.680325
1.1897
2.77398
2.58428
2.36398
1.69489
0.586328
2.37509
2.07216
1.83324
1.66584
2.40184
2.54839
1.27823
1.48118
0.591711
2.41047
0.376971
0.589062
0.280068
0.436872
0.241017
1.91245
0.524973
2.5718
0.282974
1.68054
2.63786
2.68408
1.68669
1.76821
2.91523
1.92109
1.49878
2.57146
1.76155
1.29139
2.62828
1.35796
1.98834
1.5163
2.04302
2.82901
1.27883
0.786627
2.04909
2.43004
2.00457
2.06276
1.34164
2.34903
1.38206
0.954112
2.31408
1.13826
1.95672
2.2182
2.51361
2.89806
2.60154
2.31365
1.13023
0.959667
1.61833
2.84738
2.40688
1.60534
2.9289
0.750908
2.05806
0.761504
0.942747
0.426533
2.9847
1.60517
2.29101
2.09686
1.57227
2.81824
1.21107
0.398675
2.0608
0.629139
0.372784
0.657082
0.272463
1.57894
2.33066
2.87746
2.58616
2.34826
1.7912
2.89233
1.84469
0.784405
1.88357
2.70229
1.2843
2.86499
0.618201
1.04691
2.57172
2.93471
1.5251
1.04324
1.43768
2.75561
0.254604
0.329972
2.19445
1.90536
1.13236
0.555309
2.22341
2.66255
1.45315
1.64396
2.5225
1.11587
0.302286
0.883358
0.998975
2.0361
0.49216
1.46469
2.19564
1.24584
1.60047
2.91677
2.93873
1.02717
0.298953
0.470968
1.59406
2.30271
1.55937
2.19393
1.61927
2.72903
0.923435
1.3248
1.09981
0.438667
0.226746
2.25717
0.555821
1.76966
2.9612
1.20004
1.10775
1.91827
1.26456
0.357488
2.88797
1.25413
1.52681
1.46323
0.986071
1.03478
2.5965
1.50895
2.81534
2.05636
1.57817
0.902329
2.58752
0.378423
2.80722
2.0937
1.18398
0.861653
1.38889
0.507114
1.5104
0.652895
0.890536
1.81624
0.42226
2.5589
2.97257
2.99838
2.50942
2.04251
0.547703
2.00859
1.22645
2.18231
1.85529
1.50775
0.256484
0.329716
2.23623
1.48468
0.996838
0.804315
1.00009
2.20769
1.05195
2.96232
2.56778
1.1451
2.42397
2.17727
1.27977
2.49071
1.48537
0.67007
1.05691
0.531895
1.42401
1.32549
2.10045
0.29921
2.44619
1.03273
0.219739
0.332963
2.02525
1.4881
0.975048
1.00564
2.48507
0.796539
1.82205
2.43721
2.20359
0.610425
0.446699
2.24127
1.32497
0.541807
2.07763
1.93852
1.0687
0.586926
2.76236
1.47656
2.32143
2.89994
2.59709
1.89135
2.20009
2.85285
0.695621
1.15082
2.67409
2.72057
0.685965
0.41474
1.93271
1.52647
0.921213
2.95163
2.18727
2.78876
0.993591
0.547191
1.79308
2.10164
1.53749
2.44465
2.5812
1.89254
0.910874
0.851399
0.285281
1.28968
2.14035
0.853194
2.95292
2.83969
2.91942
0.369024
0.426875
0.811408
1.64627
0.388336
2.58675
1.22482
0.689212
1.1251
2.23469
1.93997
0.666396
2.72809
2.71604
2.54719
0.528135
2.58308
2.56069
0.392181
2.82944
2.24708
1.6332
0.477035
2.57924
2.04909
2.27844
1.17142
1.05512
1.99688
2.75159
0.273745
0.569836
1.027
1.2185
2.9595
1.978
2.03491
2.01551
0.552147
2.91002
0.723051
0.45439
2.45858
1.72062
2.10472
2.26195
0.600171
2.34048
0.700406
0.739116
1.884
2.61683
1.86529
1.33087
2.44584
0.531724
0.683914
2.69015
2.8062
0.885495
1.47093
1.52673
2.07473
0.832002
2.71468
0.326212
0.342363
1.25405
2.50088
1.22884
0.596667
2.76603
2.45499
1.55296
2.89968
2.53138
0.839009
2.25298
1.76377
1.0828
0.442598
2.79859
1.8664
1.73164
2.30357
2.16155
1.43657
0.555052
2.49626
1.8
0.454817
2.74792
2.22666
2.3251
2.60197
1.72694
0.869088
0.939244
0.893356
1.57509
1.78428
0.933091
2.73997
2.41269
0.55454
1.12843
0.368169
1.28379
2.27571
1.7548
1.14134
0.944884
1.14048
0.246571
1.31617
0.743388
2.55343
2.25016
0.974535
1.17338
1.41359
1.72514
2.46652
1.89605
2.40252
0.231019
0.502585
2.41312
1.51485
2.48387
1.43307
1.97928
0.670412
2.27178
1.45093
2.34296
2.64349
2.21683
0.456868
1.50041
2.14719
0.270241
0.923862
1.65396
1.51211
0.428669
1.2978
2.75903
2.39423
2.95915
0.472506
2.04815
1.95116
0.820124
0.47712
1.72113
0.924461
1.96629
1.51151
0.386285
1.66388
0.624012
1.6696
1.24234
0.73245
1.22602
1.08605
1.38701
1.73044
1.29139
0.445418
0.841231
2.57325
0.540013
1.9897
1.27481
2.46336
1.32737
2.96308
2.22282
2.39252
0.488314
0.830976
1.17859
2.41166
2.07703
0.210511
2.55215
0.306302
0.690066
1.65072
2.68032
0.515659
1.26123
1.39846
0.677419
1.53074
2.61453
1.88964
2.31305
1.41188
2.26306
0.501559
2.30391
0.861141
2.94215
1.10476
1.80966
1.4875
2.76296
1.95134
1.71686
1.10263
2.67528
1.63747
0.501389
0.484982
1.92544
1.87802
1.65524
1.04905
1.19919
1.23004
0.665883
2.25734
0.934544
0.502841
1.33523
0.613074
0.493442
2.79304
0.626063
1.87169
2.48003
0.880111
0.223414
0.705789
2.69203
2.12258
0.798163
1.0652
0.793036
2.38953
0.760479
0.666225
0.994617
1.16749
0.290493
1.64909
1.43247
2.9783
1.63439
1.64123
0.328007
2.04644
0.851741
2.06328
0.820295
1.75334
1.20397
1.91519
0.55642
1.41521
1.36924
2.68126
1.12826
1.92356
2.67246
0.989489
1.04264
1.98389
2.5178
0.264858
1.71301
2.8919
1.41068
1.21243
1.35898
1.98364
1.95774
2.36885
0.702713
1.09742
2.03081
1.3589
0.948302
1.7847
2.48379
2.89558
1.13262
2.40808
0.809272
1.75984
0.534629
2.46302
2.32279
2.79944
2.03106
1.26191
0.660927
1.38206
2.48473
1.91715
1.18304
0.342106
2.4555
2.16035
2.66195
0.858065
1.71822
2.53642
2.45217
1.29703
1.67823
2.30938
2.12326
0.265627
0.769195
2.41705
0.345354
1.50365
1.12279
2.61256
0.414313
2.85755
1.39675
0.9301
2.40466
0.57257
2.44926
2.21273
1.73651
2.34082
0.746208
1.83837
0.546251
1.9404
1.7906
1.78419
0.446016
1.30728
0.459688
2.76347
2.66024
2.07379
2.53873
1.57518
0.92805
2.0126
0.737577
1.80308
1.55766
2.42465
1.87981
2.6
2.81995
0.306046
1.7489
1.69831
1.67003
2.13471
1.48118
2.58086
1.98415
2.31057
1.19261
0.350908
2.69733
2.29032
0.326127
0.640333
1.63251
2.25178
2.00842
1.29002
1.80624
2.12668
0.501047
2.34373
2.79919
2.63837
2.23777
2.08994
0.379107
1.18295
0.730229
2.69101
2.16402
1.19116
0.634608
2.73664
1.31198
1.80718
2.86268
0.258705
2.82645
0.523606
1.22687
0.345695
2.46328
0.810126
0.50737
0.4931
1.62824
1.37069
2.82662
1.02905
0.251698
1.07075
0.219996
2.55121
0.627686
1.76881
1.49135
1.31224
0.605725
1.09075
2.43807
0.493527
0.722538
2.18564
0.33527
0.701517
0.860884
1.69874
0.967101
1.62662
2.6235
2.6
1.48972
0.601196
1.40889
1.90562
1.017
0.394403
1.17774
2.73083
2.61427
0.780816
2.29596
0.708866
2.58769
0.221192
1.04264
2.61769
0.75783
1.79231
1.57099
2.04738
2.40457
2.10344
0.508481
0.749968
0.769366
2.13711
0.984448
0.505918
0.405255
1.95168
2.2728
0.946678
0.258962
1.38325
2.23657
0.970092
2.37526
2.28357
0.762871
2.78628
1.50887
0.833027
2.17539
2.2311
1.93348
1.86511
2.01013
0.786029
2.7339
1.73976
0.945909
0.539927
0.668789
2.50361
0.472677
0.732023
2.29314
1.07477
0.688186
1.91254
2.02559
2.18915
2.40944
2.75885
1.85033
1.64533
0.385772
1.18432
1.33976
2.58744
0.603162
1.57877
2.88515
2.96112
0.864132
0.614954
2.82474
2.88173
1.23405
1.06238
2.15377
0.851656
0.338945
0.842854
1.90733
2.36475
2.10327
1.16731
2.90019
1.43375
2.91506
0.590002
2.91386
0.581286
0.605982
2.0185
2.61675
1.82828
0.834138
2.31656
2.10575
0.620338
0.655373
2.73766
2.15565
2.02764
0.473873
1.42572
0.465755
1.55698
1.75582
0.622901
2.58932
0.312796
2.49618
1.01829
1.43401
2.4449
1.02581
1.87879
1.02153
0.220508
0.545054
1.79718
1.99329
1.05819
2.57257
1.89571
2.14873
1.06059
1.29609
0.722538
2.30596
1.38419
0.614185
2.27938
0.77022
2.78312
1.45383
1.21594
0.298868
1.86494
0.753984
0.231019
2.44978
2.79534
2.90105
1.31557
2.0003
0.789703
1.00367
0.676907
1.12613
1.52912
1.59645
1.78052
2.82499
2.03739
2.55659
0.747575
0.4743
2.75826
0.624012
0.545482
1.4106
1.56834
2.71134
2.60829
0.616236
0.2652
2.59051
1.52587
1.20363
2.26665
0.745097
1.43803
0.581799
1.25883
0.97445
1.37189
2.59521
1.13228
2.73749
1.75958
2.51993
2.54112
1.22448
1.77385
2.40705
2.0238
2.94326
0.519163
0.859004
0.624439
1.60765
2.51626
0.727409
0.749541
0.516257
1.31609
1.21867
2.19932
1.00803
0.482931
1.09707
1.31079
1.18287
0.982226
1.86999
1.35052
2.87507
0.211621
1.24525
1.69327
1.06529
1.71233
2.14659
1.92544
1.3219
2.3985
2.37543
2.40987
0.254946
1.1427
1.40598
1.05033
2.57419
1.15296
0.601538
1.39231
1.336
2.38193
2.53993
0.998035
0.567956
1.20244
2.53377
0.433711
1.25866
1.98996
0.435762
1.80513
1.89878
1.84691
0.61427
0.780731
1.763
0.707926
2.98735
2.6388
2.11925
0.863448
0.603418
1.87562
1.95193
0.537877
0.655544
0.714164
2.98846
1.56159
0.415851
0.448323
1.01487
2.17257
2.17983
1.76197
0.669558
0.587011
1.50587
1.15911
2.70126
2.77466
2.03867
2.84482
0.879
1.27712
2.4038
2.3903
1.94364
2.50711
2.8608
0.725016
2.18428
2.16514
2.40201
1.98851
1.23166
0.21222
0.385858
0.58197
0.652553
2.63521
1.39043
0.557103
0.734928
0.642128
0.975817
2.67862
1.84948
0.526682
1.4429
2.29836
1.37684
2.43739
1.67533
0.579064
0.987011
1.28934
1.75283
2.20504
1.25789
0.457466
2.82303
2.11592
1.22243
2.28733
0.919333
1.60355
2.22914
2.46054
2.81243
0.307071
2.90643
2.65469
0.982995
1.6455
1.41547
1.33232
0.202734
0.623414
2.98163
2.2993
2.01201
2.74988
1.28943
0.866695
0.379962
1.00521
1.73104
1.25806
1.23773
1.59551
1.89408
2.69485
1.56783
0.230335
2.87661
2.20145
2.34134
2.46328
0.417048
1.96501
2.18829
1.03051
1.42717
2.08814
1.28883
0.927708
0.913608
2.97248
1.57313
2.35911
1.27772
0.969665
1.91767
1.50006
0.58009
1.53877
2.42465
0.40799
0.957189
2.74535
2.47259
2.01995
2.97778
1.34189
1.02623
1.17492
0.726981
2.2664
0.691263
0.797479
2.20538
2.59556
1.60389
2.58069
0.229566
0.791498
0.640504
1.30566
2.42363
2.27913
1.63679
2.13608
0.68699
2.19077
1.70216
0.422687
2.72801
0.317069
1.31831
2.1595
0.448921
1.10058
0.508823
2.22393
0.572057
0.509165
0.766973
1.34369
0.691604
2.22863
0.230079
1.32378
2.54172
0.6094
1.78735
0.673318
1.66593
0.80799
2.0085
2.9689
0.477462
2.35655
2.9812
1.29199
0.695877
2.60256
0.944884
1.47904
2.54907
2.25281
2.20795
2.71929
0.327238
2.26093
0.635292
1.04042
1.67789
2.29468
0.796112
1.41812
1.42589
1.22183
1.45614
0.447127
1.71104
1.45161
1.10417
0.91207
0.825935
0.768255
1.80026
0.593847
0.544627
1.49639
0.231104
2.65221
1.92869
1.03256
1.06315
1.11758
2.99735
1.98441
2.27776
2.83465
1.85076
0.350737
1.57868
2.99017
1.83316
1.18372
1.55749
0.767315
2.72262
0.567528
1.10511
0.260073
2.536
2.95428
1.1574
1.98774
2.33689
1.49075
1.0611
2.9454
2.23213
1.57791
2.44909
2.1295
0.546849
1.29618
2.51139
1.47486
1.16398
0.538047
1.94954
1.94014
1.8153
2.88233
1.10271
1.48118
1.91382
0.849348
1.13202
0.247768
2.71211
0.974621
0.550523
2.94258
1.97663
0.937193
1.18757
1.27866
0.763384
0.381072
2.67383
2.07498
2.08421
2.46781
2.33493
2.72425
2.24973
0.995898
1.98159
1.97441
2.27793
2.52728
2.0825
0.958043
0.954454
2.75484
1.6091
1.20919
2.53283
2.95206
0.838581
2.20367
0.662294
2.53959
0.203076
2.36202
2.33048
0.407819
0.872591
0.450972
0.207776
2.63264
2.95847
1.32207
1.98287
2.02021
1.42615
0.524033
2.67374
2.72194
0.803546
2.12754
2.90549
2.15309
1.17347
2.2981
1.13912
0.655458
1.73659
1.35719
1.24097
1.53963
2.4332
2.06644
2.57864
1.94604
2.31126
0.87336
2.83269
1.56108
0.328092
2.65802
0.309891
1.62602
2.87293
1.31361
0.74749
1.67686
1.69746
1.50442
1.39299
2.85183
2.14429
1.53288
2.15035
2.80423
0.956761
1.45725
2.57795
2.25871
1.96176
1.19586
0.926426
2.64768
2.50942
2.3551
1.6038
0.865584
2.56078
0.919248
2.45559
2.57906
2.9072
1.34053
1.84691
1.32959
2.41226
2.76398
2.53523
0.866952
2.7615
1.92801
1.91921
2.75074
2.60846
2.67674
1.65388
0.256484
0.804144
1.02034
1.01683
1.42658
1.79846
2.88327
1.41487
1.89904
0.898569
1.47614
0.418329
0.35706
1.27498
2.22965
2.70946
2.43175
1.20021
2.62717
1.13356
2.29912
0.609229
0.874813
2.84029
2.60735
1.86802
2.34518
0.501474
0.371245
0.637941
2.53292
2.795
2.27383
0.524888
2.25947
1.73924
2.60855
2.59838
0.264943
2.26956
1.30429
0.669216
2.12378
2.84012
0.866781
0.614698
1.82188
2.04174
0.876351
2.23538
2.93377
1.22209
1.6778
1.13416
2.13574
2.49464
2.30194
2.30442
1.99372
2.92651
1.45366
2.11258
0.962487
1.08981
0.607007
0.365777
2.33433
2.76629
1.24166
1.95022
1.27421
2.79107
0.861226
2.52771
2.87951
2.62435
2.2288
1.77838
2.40107
1.4376
1.25772
2.27802
2.96368
0.7022
1.59654
1.09468
1.92339
2.06781
1.74258
2.19564
1.59885
2.11831
2.72561
0.749199
0.714249
2.99231
1.7947
1.01102
2.69203
0.45627
0.550438
2.08062
2.73151
2.01756
1.35548
2.01739
1.01222
0.264003
0.864302
2.20179
1.15954
1.61953
2.10831
0.831233
2.10788
2.10122
0.773382
2.23606
1.30224
1.86665
0.708524
2.90412
0.573339
0.538389
0.301944
0.50267
1.82452
0.693655
1.96304
0.78244
0.667251
0.705448
0.346892
1.45349
1.54484
1.52485
1.55979
0.719547
0.878658
2.98957
0.982311
1.15826
0.977441
0.247511
2.74783
0.635633
1.24473
0.683828
2.91429
2.54087
1.4241
1.93561
2.5665
0.629652
2.61769
1.78616
0.88558
1.56492
1.61696
2.92284
0.825507
1.23935
0.68229
2.14719
2.63059
0.370305
0.310062
2.62606
1.03478
0.652809
2.72288
2.36868
0.57915
2.55873
2.02217
0.319291
0.483529
2.06926
2.74031
1.25234
2.71245
1.8294
0.728349
2.0567
0.270412
0.409784
1.7195
2.19812
2.16667
0.36552
0.302713
1.34591
1.68327
1.57851
0.246657
1.7524
0.388336
0.970092
1.7101
0.771758
2.92839
1.47349
2.67622
2.30681
2.6388
0.951378
1.74873
1.76984
1.81043
0.34749
2.04781
1.34642
2.64854
1.75941
0.541893
1.74924
1.56236
2.11933
1.75411
2.04824
1.2226
0.771673
0.980602
1.36684
0.224781
1.43418
1.15766
0.429609
2.79492
1.62918
2.91574
2.3504
2.77586
0.474984
1.15774
2.24691
1.13245
1.12211
0.499509
1.47161
2.81072
2.32356
1.70831
2.44345
1.79094
0.226063
2.27904
0.270156
0.971288
0.470626
2.48438
2.74834
2.91882
2.88797
1.23696
2.52702
1.32626
0.87806
1.09981
0.224952
1.61209
2.56163
1.18483
2.28742
2.50036
0.988635
2.87421
2.76928
0.619141
1.2943
1.50468
1.63474
0.354155
1.28772
2.95027
1.558
1.3953
2.56223
1.84153
2.2141
2.21393
1.81376
2.36056
1.24747
0.307669
0.256313
1.54527
1.30506
2.25119
0.419526
2.04542
1.52185
1.98953
0.218799
2.26315
0.846016
2.01226
1.18304
2.81953
2.79184
2.24529
1.52878
2.48165
1.40684
0.498227
2.16821
2.88943
2.44243
2.10506
1.93783
0.818928
0.712711
1.39453
1.736
1.32036
1.23217
2.62948
2.25648
2.46704
2.3175
1.05059
1.00538
1.85401
0.241273
2.86422
1.28985
0.783721
0.827046
2.00953
2.46439
0.275112
2.36979
0.944627
0.923862
1.23525
2.47293
1.68772
1.93048
2.92925
1.58646
1.15082
1.76078
0.887887
2.63563
1.00479
1.86229
0.789105
1.92673
1.71181
0.505405
1.85076
1.51784
2.16317
1.21987
2.67289
1.8417
2.56061
0.30109
2.66725
1.96851
1.17757
1.07622
1.6103
2.69622
2.23871
0.415424
1.25815
0.655544
0.354839
0.777569
0.360649
2.21726
0.750908
1.67627
1.01299
0.589575
1.52391
1.45495
0.879684
0.892587
2.76988
2.45789
0.432685
2.99778
2.415
2.88481
2.53668
1.71925
1.59081
2.01653
2.72185
0.946165
1.7894
2.09977
0.681436
0.501389
2.6364
2.7768
0.530186
2.71476
2.11968
2.15001
2.36227
0.299722
2.51113
0.366973
0.245888
0.919248
1.41854
0.213929
0.392352
2.4291
2.0062
0.605811
1.83674
2.18573
2.21948
2.6593
0.967443
2.00722
2.65426
1.83768
1.4429
2.57334
1.3054
2.65366
1.2326
2.05328
0.833882
1.41871
2.71903
1.14809
2.18923
1.52587
0.799786
1.336
1.82452
1.15322
0.525999
1.30643
2.74305
1.07682
2.41491
0.772613
0.610938
0.478915
1.37402
2.64828
2.77783
0.440291
1.77496
0.376714
2.23803
2.60342
2.21384
0.200427
0.773553
0.293997
2.89532
0.75706
0.515317
2.7897
0.379363
2.19077
2.15847
0.420551
0.226576
0.765862
1.87212
0.792523
1.08024
1.97065
2.73886
1.8182
0.322538
2.49746
1.96185
1.04418
2.84328
2.08908
0.478573
2.16206
1.8564
1.23627
1.81649
0.590173
2.90498
0.91583
2.02935
1.41461
1.18859
2.35578
1.95193
1.17543
2.95403
0.61504
1.60978
0.787225
1.08383
0.766546
2.42217
0.680325
1.22294
2.86866
2.23529
0.650673
2.97821
1.31506
0.423884
0.306217
1.7307
0.749455
0.8978
2.99633
2.39645
1.73181
2.25187
2.31203
1.4746
0.345097
2.09575
1.64653
1.51912
2.52976
2.00269
1.09938
0.372698
2.1313
0.912839
2.21641
2.49977
1.85289
2.63025
1.24918
0.355864
0.89498
2.84909
1.82418
1.13202
0.474728
0.94984
0.907199
2.01004
1.40837
1.99919
1.35223
0.467122
2.94685
0.99342
2.12044
1.56825
2.25161
1.58304
2.65836
2.38082
0.896689
2.51386
0.522239
2.25307
0.986926
1.22517
1.93595
2.29024
2.87695
1.03965
1.96937
0.768426
1.08169
1.38445
1.62593
1.02196
1.56304
2.27981
1.72668
2.14258
0.98197
2.53369
1.67686
0.228285
1.50237
0.478402
1.80427
1.31899
1.73583
1.8893
0.956249
0.955223
1.01231
1.91946
2.0426
1.49989
2.36697
1.69148
0.411579
2.5589
1.02854
1.18124
1.34847
2.03764
2.59803
1.03298
2.38099
1.97321
1.70412
2.54138
0.681692
0.676907
1.72412
2.03978
0.454219
1.72711
0.756975
2.5313
2.19009
1.74753
2.03602
2.40004
1.884
1.51143
1.96919
0.840803
1.69601
2.30587
2.79406
2.24401
1.34625
1.29635
0.235035
0.373211
2.53198
1.0276
1.55099
2.97411
1.25166
1.9985
1.95945
2.04978
0.326811
1.84948
2.82611
0.843709
0.206238
0.898056
2.40654
2.76398
0.341765
1.16193
0.527879
0.487973
2.82269
1.40598
1.19782
2.08686
2.95599
0.550865
1.32814
0.802692
0.480453
0.781329
2.76116
0.92147
2.10233
0.290237
2.18513
0.774151
1.43794
0.598206
1.72831
0.507456
2.25435
1.58389
0.416706
2.85909
1.0922
0.763384
0.884555
1.77599
0.760906
0.757744
2.72467
2.71391
1.5909
2.28289
2.8661
2.25392
2.73322
0.602478
2.36697
1.6749
2.39235
1.97953
0.80893
1.71908
1.27994
2.46507
2.88216
2.78774
0.977184
1.56022
1.54732
2.60487
1.49357
1.49135
1.56236
1.5868
0.908823
0.232814
2.96214
2.35441
1.38641
1.8182
2.67691
2.42551
2.04482
1.6737
1.0793
2.92591
2.57624
1.31549
1.64542
1.55535
0.897287
1.74454
1.71831
1.04691
0.322282
1.8787
1.76163
1.35625
1.14424
1.75967
0.290408
1.21927
0.511728
0.47054
1.86682
2.51557
0.690408
2.50361
2.5477
1.07366
1.99466
2.91378
2.57291
2.15821
2.87823
1.39752
2.28041
2.27417
0.270669
1.6326
0.236061
0.726383
1.44837
1.21713
2.76655
2.17317
1.32489
1.34565
2.28058
0.80893
0.85157
2.35945
0.769451
2.61615
0.813459
0.307926
2.27135
0.721342
1.90869
1.06016
0.287075
2.29588
1.39966
2.70263
1.53826
2.43516
0.422004
1.96082
2.84969
0.657595
1.04008
0.583593
1.74907
0.257851
1.53621
0.225721
2.36825
2.15369
2.62034
0.967785
2.0332
0.662636
2.24913
0.409784
1.33352
1.24781
2.94078
2.87703
0.654689
0.467806
0.873019
2.0749
0.764153
1.37043
0.252895
2.73031
1.23619
1.76667
2.64512
2.5577
0.304935
0.622645
0.745183
2.88609
1.13194
2.00714
1.8887
2.88643
2.87575
0.231617
1.57868
0.934373
1.15159
1.22149
2.32425
2.84858
1.46905
2.15471
0.873275
1.73916
0.233241
1.20602
2.73014
2.00731
1.29959
1.43444
1.04341
1.82999
0.267336
2.25076
1.15339
1.06956
1.70182
1.30318
2.68443
2.14505
1.46973
0.218885
0.871395
0.802435
2.17872
0.63777
0.207862
1.52237
2.30519
0.777142
1.30182
1.30088
1.80034
1.36428
1.62807
1.743
1.16091
0.374493
1.86417
1.60466
0.352019
2.21239
2.49763
1.72232
2.57009
1.17278
1.99081
2.46567
1.23294
1.22064
0.793463
0.452767
2.78509
1.1257
2.88746
1.06477
2.10455
1.39051
2.35304
0.295962
2.30092
1.20884
2.64426
2.87977
1.28891
2.69178
2.85977
2.22478
0.528819
1.79949
1.49716
0.301602
0.317411
2.81636
2.37936
1.4153
0.619825
2.20581
0.43824
2.00235
2.6288
1.08374
2.04576
2.78953
2.03781
0.547105
1.57714
1.05187
2.8179
2.69554
2.49686
0.507199
0.483102
2.38329
1.85153
2.18539
2.83405
0.939671
1.26037
2.60829
0.765947
1.6943
2.48831
1.82034
1.92929
1.74565
0.290237
2.80466
0.629994
1.41017
0.614612
2.0238
2.35723
0.988977
1.25208
0.222559
1.52579
0.690579
2.2188
2.42961
2.82106
1.34599
2.5595
2.69545
1.53382
2.15463
0.460884
0.90549
2.07216
1.49827
0.959496
2.40474
1.23841
2.66016
0.534202
2.97043
1.45862
2.48755
0.469173
2.27332
2.95121
1.23388
1.47588
0.761419
0.823542
0.420295
0.660842
0.707071
0.483786
1.75104
2.12771
2.75142
1.75369
1.92279
0.698782
1.88733
1.47238
1.96458
0.447383
2.21555
1.37744
0.745097
2.32442
1.21278
1.05016
2.48567
2.96941
2.04918
1.91391
2.3163
0.592566
1.89203
2.07148
2.11241
2.41568
0.734501
2.37073
1.04896
1.55791
1.08537
0.684597
1.91057
1.857
1.05819
0.393036
2.79415
2.50993
1.59731
1.65584
1.24243
1.42333
2.37817
1.46153
2.84542
1.95945
1.51878
1.84256
2.54676
0.765435
1.64106
1.8411
0.694082
2.97462
1.0188
0.616578
2.46875
0.465242
0.349284
1.27909
1.13399
1.46657
1.08742
0.838154
2.93924
2.39722
0.678359
0.65392
1.71574
1.42555
2.62743
0.378509
0.2047
0.63871
1.94373
1.3736
2.95172
1.10681
0.296304
2.19419
2.20718
2.13181
0.218458
0.923777
2.07037
0.566503
1.89938
0.94984
1.51314
1.49323
2.30006
1.3665
1.12168
2.54762
0.530784
2.19205
1.7941
2.37629
0.827815
2.78868
1.43093
1.11596
0.266652
1.27242
2.6558
1.38086
2.9501
1.30019
1.20414
2.84619
0.206751
0.421491
1.6179
1.71506
0.540867
2.78295
1.8822
2.15736
1.2667
2.37184
2.04379
0.605811
2.36825
1.98834
0.84593
0.399445
2.12053
2.9313
1.82025
0.859859
2.21008
2.58684
1.27054
1.48887
1.09229
2.10703
1.98731
1.77471
0.522324
2.56556
2.73048
0.894467
1.19876
2.97838
1.71745
2.99974
1.25567
0.976928
0.554027
1.57355
1.54159
1.12066
2.04593
1.74659
0.622816
0.837471
2.32809
0.857894
0.248878
0.978466
1.54988
2.95095
1.41598
2.57582
2.7527
1.48938
0.568297
0.389105
0.778338
0.382611
2.47345
2.03115
0.845759
2.00637
0.508567
2.05601
1.43204
1.50733
2.49737
1.40188
0.697928
2.87917
2.43192
1.57219
0.29263
0.896689
1.42051
2.34433
1.3771
0.396283
0.596069
2.3938
0.302799
2.99
2.12395
0.820124
1.18312
1.90041
2.64691
1.76326
2.39586
1.80461
1.30361
0.496091
2.25264
0.773894
1.05999
0.783209
0.475155
1.59731
0.288015
2.69135
1.51339
0.775518
0.933348
2.23948
1.94433
2.87481
2.2053
0.876608
1.58936
2.92549
0.529417
1.77454
0.986413
1.35505
1.09989
2.12232
2.45533
2.54198
2.96719
0.411322
2.59385
2.67802
2.20077
2.69716
1.84119
2.02687
0.264089
2.02636
2.14796
2.46644
0.537535
1.81624
1.5874
0.201709
2.52916
1.37317
1.74899
1.73711
1.90861
0.339799
0.348686
2.99385
0.303995
1.85597
1.69541
1.66174
2.19735
1.222
0.649733
2.27186
2.85601
1.45281
0.713907
2.87763
0.639991
0.50831
2.28921
1.23209
1.21978
2.78928
2.1389
0.948814
2.24307
2.48498
1.69447
2.33416
1.5897
2.56163
0.842
0.377142
0.949498
2.97693
2.82662
2.5871
0.262209
2.31057
1.31224
2.36296
2.35698
2.39637
0.434907
1.7853
0.927793
1.34454
2.48558
2.71596
1.98432
0.941295
2.86174
1.29421
1.51314
2.61307
2.52412
2.71656
0.289041
1.14364
1.99662
1.78675
0.973254
0.730314
1.14629
2.12626
1.23465
0.968041
2.38184
2.72869
0.834138
2.54847
2.30681
2.34928
2.80748
2.66024
0.266396
0.814911
1.48451
1.88109
0.425251
2.94292
1.88391
0.94514
2.21128
1.35548
1.61799
0.7768
0.567101
2.67862
2.24794
0.975732
2.04337
0.611023
0.825422
1.74258
2.57248
2.35296
0.558043
1.63132
2.96086
0.679385
2.53728
1.71703
2.33621
0.948814
0.664516
2.9659
0.787652
0.931126
0.515317
1.79419
1.83734
1.94587
0.276479
1.40649
1.17817
2.39534
2.09549
1.89665
2.71912
1.78188
0.379192
0.7022
0.771673
2.69605
1.37924
2.79902
0.218287
2.46345
1.0012
2.22196
2.29759
1.13766
0.376373
1.5016
2.64537
0.726981
2.93181
2.60291
2.02935
2.74151
2.49729
2.35356
0.813373
1.34975
1.38744
1.54954
2.79004
1.63089
0.794403
1.92647
2.21854
1.41068
2.43004
2.98171
2.10617
2.56813
2.95531
0.837812
1.16937
1.50135
0.533177
1.13279
0.313224
2.23931
0.644179
0.524461
2.46661
1.88682
1.29994
1.99868
0.609656
0.291177
0.794488
1.76582
0.632643
0.416877
2.52959
1.73591
1.06178
0.91677
1.25097
2.15753
1.49152
0.58667
0.835163
0.409955
0.958812
2.1912
0.361675
0.934715
2.09857
1.74779
1.4106
0.694253
1.9169
1.15749
1.32053
2.74595
1.81974
2.26896
2.94762
2.71792
0.934458
0.663063
2.85909
0.775604
2.56189
1.64738
2.50318
0.664516
0.596326
1.1451
1.48896
0.818586
0.95172
1.56937
0.716727
0.720743
2.8291
2.56684
2.49421
2.30297
0.466268
0.321427
1.77727
1.57432
0.204871
2.50327
0.472933
0.66332
1.5122
2.95129
2.54053
1.86289
1.19697
1.57731
2.23025
2.66486
0.255116
2.37842
1.59594
0.972228
2.58376
2.24546
2.41961
1.47614
1.80009
1.45529
0.284426
1.58483
1.40402
0.933946
1.5357
1.09306
2.92062
0.378509
1.26499
2.77825
1.66106
1.52485
1.8564
