0.468233
0.292972
1.4564
0.97915
2.39406
0.533604
1.76052
1.34693
1.17449
1.76838
2.44584
0.368596
2.93847
2.20444
2.5101
1.99286
2.81423
2.53454
1.04076
1.25849
0.980688
2.9342
2.37509
2.76475
2.20863
1.98799
1.46879
0.514463
2.47857
0.785174
1.36078
1.47041
1.26422
2.82038
1.22175
2.9595
1.06793
1.73634
1.27336
0.664772
1.99586
0.748601
2.26665
1.74104
0.560778
2.58718
1.00573
2.19231
0.49985
2.59402
1.60637
1.04845
2.79406
2.21325
1.97389
2.07891
2.2781
2.71228
0.391156
2.77996
2.82764
1.97039
1.30224
2.57436
2.91096
1.77308
0.779022
1.95988
2.69331
0.849519
0.760051
2.14446
1.28088
0.689895
1.74693
2.10592
1.69259
2.18154
0.647255
2.61299
0.545994
0.499594
2.25153
2.94617
2.44593
1.0916
1.03016
2.65426
2.46328
2.59197
0.540269
2.48643
1.89041
0.304251
1.92775
2.83499
0.662123
0.889682
0.81269
2.22752
0.828498
1.09776
2.44721
2.60658
0.867806
2.37791
2.03046
1.53219
1.2267
0.208802
1.67037
0.447468
0.874984
0.383636
2.47909
0.742448
2.46362
1.08767
1.28908
2.75518
0.270925
1.40632
0.478488
1.84674
2.12848
0.302115
1.59175
2.28836
0.709037
1.8963
2.44439
1.09707
1.36975
2.29297
1.99868
1.75924
2.33245
1.7853
1.89836
1.57654
0.793463
0.877975
0.548387
1.37565
1.94715
1.56612
2.22965
0.91583
0.911728
0.306986
0.733476
0.73339
1.34565
2.52198
2.00577
1.76112
1.54091
0.266652
0.48652
1.05819
0.580602
1.70634
1.63337
2.99086
2.95035
0.834736
2.516
2.19803
1.38778
1.27276
0.569152
2.48293
0.360735
2.18539
1.19227
2.76518
1.15971
1.3542
1.88126
0.232215
2.59265
1.84298
1.98347
0.628455
2.66939
1.69319
1.75941
1.81743
2.06439
0.687844
0.64153
2.15591
0.343046
0.821064
0.376458
2.61829
2.54147
0.910105
0.538047
1.00607
1.8846
1.18808
0.499252
0.382867
1.03401
1.51485
0.950182
2.0708
1.24798
0.642726
2.24948
2.54505
2.24597
2.57642
1.09673
0.967186
0.961376
1.06161
2.41431
0.290835
1.17304
1.44349
0.323905
0.280068
2.60034
0.52899
1.10793
1.77667
1.05136
0.493527
2.8414
0.953941
1.81111
2.66691
1.78214
1.29558
2.25597
1.23781
1.80812
2.43508
1.88443
1.11408
1.78718
1.99517
1.34907
1.57535
1.5686
0.363811
1.0787
0.756462
1.48289
2.54437
0.278445
1.79855
2.43824
1.417
1.29353
2.90626
1.09964
0.950609
0.526255
2.54711
1.23986
2.09985
1.69293
2.032
2.14899
1.52741
1.80718
0.313138
1.98945
1.48802
2.47917
2.43807
2.18513
2.61111
2.5166
2.89583
0.331596
0.320316
2.01585
1.69438
2.51515
1.42803
1.9298
0.405768
0.526597
0.440376
1.30156
2.41628
0.860714
2.11241
1.34958
1.02025
0.585046
1.78923
1.79325
1.99389
2.56847
1.67251
1.4053
2.68733
1.55484
2.54719
2.17966
2.27195
2.77116
1.50861
1.10092
1.5809
1.75625
2.42602
2.50464
2.77971
1.09836
2.47985
1.41367
0.905319
1.1686
0.711429
1.64072
2.71032
1.33805
0.321512
2.2423
0.449947
1.96595
0.255287
2.11284
0.450459
1.6467
1.01231
1.10587
0.49404
2.40269
0.617347
2.67101
1.86059
0.510788
2.89122
1.99167
0.461397
0.849947
2.75774
1.01444
0.903952
1.65755
1.52502
0.75407
0.724674
1.58141
2.879
1.06486
2.62675
1.11587
0.525315
0.262893
1.96082
2.70895
0.618714
2.3897
1.68729
1.22739
0.315958
2.10173
2.05499
2.66896
1.99116
2.57573
0.43636
1.20714
1.24986
2.81619
1.75557
2.85815
0.279727
1.35232
2.14651
0.654946
1.47631
0.312882
2.27921
0.81944
2.07917
0.865242
1.79171
2.01602
0.758428
2.00748
0.46473
1.97791
0.48746
2.09977
2.37723
0.791583
1.83999
1.12314
1.0787
2.32681
1.84862
0.25392
0.819013
2.70083
0.962828
2.33912
1.46922
0.863363
2.44414
1.46272
2.17394
0.590686
1.13407
1.58902
1.77137
2.57488
1.9357
2.07071
0.618799
0.697586
0.542918
1.20944
1.46144
0.774493
0.357231
0.455928
2.78073
0.258022
0.928391
1.63815
1.86178
0.387225
1.05708
2.20325
1.01589
0.469601
2.2963
0.462764
0.595557
0.985986
2.79004
1.82752
0.240419
1.60201
0.786029
1.61918
0.391327
1.17731
0.559838
2.6476
0.309207
2.65759
0.888485
1.13971
1.43768
1.93758
0.811066
2.00919
1.1457
2.78295
2.81286
2.65204
2.48814
0.498483
0.571545
0.658535
2.62196
1.62935
1.40333
1.02692
2.31545
2.78364
0.544371
2.66623
1.98791
1.46383
2.20761
1.37744
1.51681
1.1938
1.75035
0.299551
2.8514
2.63016
1.49237
0.606922
1.86819
1.74352
2.51968
2.64751
2.10771
0.759795
0.212134
1.50758
0.428925
2.54642
1.43461
1.59261
2.41927
2.53283
1.52519
0.608716
0.796966
2.05157
0.621619
1.13553
2.64529
1.18851
0.261354
2.97556
2.31288
0.629054
0.993335
0.868062
2.62145
1.3871
0.739201
2.35715
0.81474
1.10647
0.640931
0.796539
2.68972
1.01991
1.33301
2.28537
0.943345
2.65443
1.97612
2.31536
0.777825
2.77056
1.79009
2.52301
0.796026
2.02243
2.42354
2.53019
1.02931
2.22615
2.49789
1.26234
2.13215
2.12506
2.26281
1.53194
0.382781
2.93779
1.30113
1.87357
1.32711
2.77791
1.62072
0.219654
0.701944
2.43183
1.86947
1.80308
0.27759
1.58329
0.613587
2.67434
1.6549
2.37073
2.81406
2.822
0.855928
2.1665
2.63948
0.681948
2.34441
0.863875
1.15467
0.624781
2.5148
1.76138
1.2197
2.00739
0.486776
0.528819
1.73788
1.37744
0.242128
2.94659
0.791925
1.61747
0.342534
1.50169
1.80308
0.816108
2.46558
1.93134
1.45213
2.25469
1.39539
1.7988
1.10032
1.49536
1.70728
0.991369
0.846187
0.360222
1.38197
2.22683
1.15723
0.986755
1.58851
0.255031
2.01286
1.74822
2.47191
1.84461
2.0966
1.42717
2.18445
2.43909
1.97535
2.62811
0.997009
0.773211
2.60291
1.21747
2.52873
2.53446
0.283999
0.378851
2.7316
1.95774
0.239906
2.47054
0.668361
1.64251
2.30827
0.472079
2.12147
0.677248
0.518308
0.609998
2.46832
2.96095
0.478488
2.74587
1.06409
1.00684
1.11186
0.918821
2.76586
1.11938
0.678957
0.627259
2.83815
0.427558
1.62525
0.4373
0.475838
1.26593
1.3894
1.70703
0.783209
1.38812
2.51147
2.41201
2.84516
0.702371
1.17731
2.462
0.929331
2.21521
1.53818
1.69361
2.05687
0.270754
0.940355
1.12895
2.97701
0.974877
1.8059
2.68588
2.58607
0.688955
0.898398
1.12818
1.22645
1.0834
0.514463
2.64384
1.30344
0.636659
0.735612
2.23666
2.65777
1.86802
0.480453
1.9222
1.53057
2.19137
2.89293
1.9116
0.560009
2.07797
2.40466
1.97415
2.24443
1.2144
2.20983
1.1639
1.71173
2.34552
0.288357
2.29921
1.632
1.88682
1.11681
0.981457
0.709891
0.996753
2.40201
1.94202
0.9953
2.19496
2.77783
0.502841
2.24982
2.81286
2.20077
2.74091
0.605554
0.767058
1.7818
2.54061
1.75505
1.5404
2.79295
0.325785
1.50844
2.65888
0.38526
1.25448
2.75689
0.552916
2.55659
2.06738
2.07823
1.68925
2.70476
2.37543
1.02384
1.66148
0.706729
1.97501
0.522837
0.926682
0.858321
0.378167
2.64196
1.27575
0.412946
2.14514
0.538475
1.3248
0.658278
2.2059
0.443709
2.31502
1.06588
2.36022
0.514206
0.508652
2.85328
2.34211
1.18842
2.66896
2.09498
2.63649
2.68673
1.71036
1.52032
1.63559
2.69143
2.20855
1.53553
1.92305
0.244948
2.05516
2.40722
2.6728
2.10395
0.347148
0.545567
1.34984
1.185
2.19727
2.42431
1.30173
1.74275
0.951634
2.67383
0.826362
2.11438
0.906003
0.287332
2.30545
1.27003
2.20282
2.27588
2.98992
1.60705
2.60162
1.90921
0.425166
1.4229
2.20667
1.28208
2.10412
2.7081
1.44119
0.941807
2.33407
2.49301
0.755181
1.11459
2.70733
1.78829
0.754497
1.66926
2.76031
0.356206
2.83781
0.554454
0.811066
2.9489
0.630335
0.248878
1.56091
2.45285
1.50135
2.35885
0.448665
1.97612
1.25191
2.70442
2.94497
2.11634
1.662
0.628114
1.17338
1.44606
2.38312
1.26729
2.44713
0.853963
0.865328
2.12344
1.30703
0.979235
1.80444
1.46981
0.850801
2.97599
2.59829
0.333219
2.93839
1.84555
1.09887
1.98654
0.262209
2.17522
0.548814
0.291092
1.87135
0.718436
1.98782
2.82653
1.93305
2.05712
1.01812
1.74275
1.72395
0.580175
1.61688
2.67614
0.234437
0.619227
2.28067
2.26289
1.7765
2.37612
0.792267
2.1906
0.780389
0.281008
0.895407
0.722794
0.56975
2.61948
2.7662
2.03645
1.10075
1.46332
2.5671
1.10741
1.25379
2.54617
2.57317
1.2837
1.06511
2.11822
1.15638
2.68246
1.88614
0.81944
0.515659
1.74813
1.05631
0.408588
1.44162
1.71147
1.48032
0.584533
0.600513
1.48323
1.8934
0.538218
1.62935
1.92356
2.20453
2.87327
2.32433
2.62247
0.905234
2.13078
2.81525
2.92984
2.12959
0.358684
2.60949
2.77167
0.954454
1.16005
0.595215
2.9912
0.927622
2.26033
2.29058
0.750908
1.61013
2.42952
0.826191
2.13506
1.72087
0.797906
0.349626
2.68716
0.471651
1.60175
0.737236
2.8232
0.679214
2.39705
1.10288
0.455757
1.84213
1.17868
2.59026
2.56796
0.769707
0.443025
0.735698
0.873275
1.95168
1.63063
1.09092
0.900449
2.05405
1.58646
0.789618
2.03952
1.13091
1.27652
0.550011
1.08708
2.13779
1.99697
0.997266
0.829182
0.934715
2.11327
2.99419
0.997009
1.168
0.368426
2.26896
0.735099
0.21504
1.99551
0.826191
1.11912
2.98274
2.87387
0.22837
0.459346
1.34488
1.16535
2.03713
1.7295
1.20816
0.46943
2.89891
2.45618
1.39137
0.732194
1.16612
0.408502
0.708267
2.54993
2.53856
2.22384
1.83956
1.50203
2.41235
1.10784
1.58253
0.95266
2.42713
0.346721
0.465413
0.357402
2.49507
1.16783
1.71446
1.51288
0.601453
0.887887
1.75984
0.987268
0.464815
1.08477
1.07024
2.76808
0.541465
1.73113
1.10143
2.56625
0.864986
0.627686
2.14719
0.212476
1.2062
2.07276
1.4805
2.78466
1.84187
0.906003
0.971801
2.10233
2.81953
1.86435
1.1721
1.2279
1.8059
1.18646
2.24862
0.80987
0.406366
1.60457
2.75979
0.306644
2.24298
1.66029
2.65836
0.528733
1.47853
2.48173
1.50869
0.935997
1.07468
0.960521
1.10673
0.52805
0.670498
1.26541
0.689468
1.36531
1.77001
2.42927
2.32254
1.15749
0.925657
2.3492
0.651271
1.95817
1.80573
1.1345
2.60598
1.80179
2.83209
2.14249
0.845247
1.92168
2.47746
2.03764
2.52779
1.98543
1.30814
1.81299
0.798248
1.98637
0.860628
2.11053
1.77667
2.82739
0.83918
0.778594
2.8361
1.83589
0.321683
0.802863
1.35873
0.445845
1.66276
1.74993
2.55685
0.686648
0.378594
2.45918
1.94527
2.1131
1.70498
2.12215
0.654518
1.01752
2.31203
2.28579
1.17125
0.759368
0.266225
2.51737
2.49267
1.44948
2.52608
0.668532
1.08417
0.228626
0.657338
1.67678
2.62709
1.17535
1.65943
1.03974
0.542149
1.68267
0.585217
2.90293
1.88007
1.93946
1.44649
2.49515
0.56223
1.55569
1.08913
1.25166
0.963341
1.9674
0.527793
1.16133
0.219312
1.05947
0.426191
1.87486
1.45187
1.44537
0.411237
0.312967
2.69417
2.03764
0.907883
2.31169
2.90694
2.75065
1.98304
1.24003
0.671865
0.370305
0.685366
0.331767
1.74967
2.63025
0.968554
2.86456
2.69066
2.12933
1.28601
2.12685
0.284768
1.53151
1.94347
1.70831
2.43986
0.882247
2.89891
2.85294
0.673574
2.08131
0.494382
0.609827
0.208631
2.9477
1.41085
1.12271
0.657595
2.3157
0.729887
0.991626
0.884469
2.59923
1.19261
2.64785
2.23222
0.459944
0.941636
1.07716
2.5013
2.42089
1.63448
1.83051
2.4696
2.85806
0.61521
2.85832
0.538133
0.411493
2.23247
2.9066
2.89284
1.45204
0.790899
2.61256
2.36757
2.63939
1.02401
2.23683
0.998547
2.01243
0.574877
1.36975
1.45418
2.64674
0.374065
1.74967
0.331169
2.31733
1
1.73001
0.902756
0.404828
0.51113
0.333476
2.70596
1.48229
2.23666
2.23034
2.35715
2.01867
0.412946
2.37825
2.18206
1.23995
2.55403
0.461824
2.24811
2.9812
0.442598
1.46819
0.386627
1.96996
1.83051
2.13728
0.99248
2.57821
1.13442
0.823713
1.18816
1.87827
1.21534
2.50788
2.74108
1.84341
0.929844
0.493783
1.51946
2.1272
1.7389
1.73087
2.87712
1.86255
1.26362
1.69797
0.751335
1.11485
1.874
0.986242
2.46499
2.42867
2.19932
0.318693
0.616407
0.304935
2.44661
1.74437
2.04858
1.04606
2.61564
0.343474
1.28182
2.00645
2.09703
2.58291
2.79962
0.685794
2.14215
2.45704
1.97338
1.90331
2.89071
1.95407
1.01589
1.08964
2.04533
1.38325
0.548387
1.53407
0.879
1.30173
1.17039
1.62525
2.26443
0.377911
0.419611
1.52168
0.810553
2.92899
2.70912
1.69071
2.99744
0.870455
2.42858
0.752873
1.7918
2.61478
2.5994
1.46922
2.43696
0.85627
1.26832
1.50852
1.4981
2.18137
2.4291
0.233668
1.8564
2.03901
0.45815
0.942405
2.13463
2.81175
0.454219
0.601624
1.2455
0.52241
1.06597
2.51181
1.34736
1.5163
2.19812
1.93963
2.29673
0.253151
0.58197
2.55633
1.68396
1.95057
1.99902
2.51814
1.94074
1.61226
1.94262
2.42833
2.20487
0.381841
2.70938
2.01619
1.6326
1.55774
1.90323
1.37231
0.243751
2.80705
0.743645
1.57603
1.58791
2.51686
0.762102
0.954454
0.519248
0.419098
0.877206
1.40795
2.36825
2.0279
2.63367
1.44256
0.795257
1.42495
1.9944
1.54458
2.61743
2.33296
0.67178
1.33557
1.69199
1.61209
1.3871
2.94608
1.34745
0.719376
0.443623
2.84345
1.44708
2.86618
0.803375
0.554283
1.97432
2.61282
0.252638
0.916428
0.826362
1.23781
0.245546
1.89836
1.30404
1.41837
1.21226
0.625294
1.38505
0.560179
1.91903
1.24798
2.66853
0.713907
2.26922
1.29079
2.67827
1.21611
1.93031
1.7195
2.81166
0.391498
2.57701
0.563085
1.22243
0.454903
0.53574
1.32967
2.92489
2.74971
2.81953
1.65191
2.40594
1.46007
2.93993
1.80094
1.83367
2.13591
2.68417
1.30575
0.549925
0.365947
2.24401
0.915403
2.13301
2.93856
2.88541
0.541893
2.7198
1.62551
0.5442
2.02055
1.27353
1.52903
0.538304
1.72634
1.08545
2.92694
0.980346
1.48289
1.19739
2.15445
0.282034
0.402521
0.232814
2.86131
1.53416
1.69336
2.92438
2.37911
1.95304
2.67229
1.42435
0.539329
1.7777
2.02149
2.88737
1.27703
1.2085
0.924461
2.61025
1.1592
2.9718
1.32062
2.21906
2.37449
0.300064
0.315189
2.98923
2.32288
1.51468
0.782183
0.987011
2.94147
0.99718
0.797565
0.919504
0.30408
0.940098
1.54074
2.58052
0.434223
2.06029
1.90109
1.98005
2.26511
0.466097
2.62811
0.24546
2.08789
1.2643
2.26127
0.780731
2.4238
2.09336
2.07857
1.77137
1.25781
1.97253
2.29981
0.924119
0.571288
2.65324
1.18338
2.72655
1.71241
1.85947
1.65379
0.315958
1.33899
1.60679
0.695706
0.644264
0.275027
2.9847
2.55565
0.626234
2.6153
2.19291
2.9847
2.5589
0.616407
1.21602
2.36279
1.69994
1.11331
0.326725
0.540611
0.691519
2.1965
2.60316
0.437129
0.518308
1.08819
0.448323
1.22978
0.28605
0.756719
2.30083
2.57522
0.309464
1.00359
2.32083
0.698441
1.59534
0.362786
1.6426
0.587097
1.80974
2.94967
0.778851
2.72843
0.416535
0.595813
1.76428
2.62709
1.874
2.80944
1.22739
0.74091
1.57774
0.895407
1.77684
2.27238
2.23726
0.3768
0.489767
1.652
0.573424
2.45148
1.49049
1.15356
0.424995
1.42333
0.206238
2.47661
0.550694
2.04619
0.287844
1.13407
2.01483
0.515232
2.38261
0.8837
0.244862
0.246742
0.547191
2.43944
1.04657
0.580944
1.08819
0.500705
0.465841
1.54723
1.61636
2.13762
1.38394
2.02824
1.10476
2.56838
1.13382
0.860714
1.13561
1.36821
0.624952
0.610938
1.92493
0.745268
2.86499
1.16142
0.911643
1.7225
0.963341
2.44696
0.300064
1.46264
1.90793
0.677334
0.540611
1.97295
2.19889
2.9847
2.9395
2.62897
0.829267
2.83192
1.18167
0.752702
2.099
2.72074
1.75813
0.684683
1.34984
1.33642
2.68067
2.38569
1.30925
0.866695
1.27575
0.80705
1.73019
2.03234
2.44294
0.666054
1.61448
0.566759
2.96479
2.2646
1.50707
0.283059
1.65764
2.18795
0.349455
0.464473
2.54907
0.921897
2.37885
0.716813
2.07046
2.42499
0.56035
0.620252
0.251955
0.494125
2.44183
0.917966
1.70728
1.36026
0.515232
0.378423
1.59543
1.75215
0.576073
0.669985
0.747832
2.66588
1.76496
2.18445
0.347746
0.476693
2.58129
0.347148
0.748857
2.03251
2.15454
1.75198
2.42235
2.5636
1.06272
2.45695
2.81765
1.04931
1.78368
0.980261
1.12613
0.27759
1.86742
2.33219
1.93518
1.83367
2.31784
1.62141
1.75813
2.05824
1.86964
1.57321
2.63042
2.01038
2.44926
2.09703
0.357402
1.07349
2.10711
2.24016
2.80269
1.242
0.707755
0.266054
0.602222
2.92532
0.266994
1.39487
1.69575
2.50805
2.82192
2.14172
1.65789
0.503183
1.7219
2.79355
1.22115
2.53506
2.82944
2.95847
1.77539
2.39039
1.51536
0.928306
0.631703
2.17573
2.33894
2.1894
0.839863
2.81705
1.6984
1.82017
1.34454
0.339286
0.740226
2.11352
1.86913
2.36595
2.41491
2.16052
2.31493
2.27093
1.16543
1.13296
0.261867
1.02683
0.337919
2.40363
2.75979
2.98103
1.39991
1.43974
2.79637
2.80115
2.85559
0.608802
1.03068
1.82546
0.543431
0.233412
0.778509
1.05657
2.00671
0.632728
0.837727
0.635035
1.82068
0.888229
0.940867
0.631874
0.567186
1.07127
2.42277
2.1953
0.342448
2.06994
2.09045
1.0916
0.685708
1.35198
1.0828
0.675881
0.616749
1.2032
1.50767
2.73083
2.66964
2.57624
1.44358
0.410639
2.20949
1.08913
0.294339
1.72933
2.721
0.311087
2.68297
1.42709
1.15518
2.87182
2.07276
2.45712
0.822346
2.93241
2.30425
2.12608
1.51852
2.15599
2.23333
2.12848
1.97304
2.71553
1.65977
2.31143
0.704849
2.27417
1.33343
1.00692
2.37475
0.479
2.02431
0.970006
1.7213
2.70348
0.645973
1.75975
2.56761
2.5759
2.41841
2.8009
1.9874
1.83324
2.25777
0.762871
2.71613
1.43598
1.98201
2.69545
0.696561
2.88225
2.51771
2.15557
2.44508
1.25841
1.29763
1.36667
2.32655
0.565221
1.23525
1.44461
2.42551
2.05354
2.66409
1.72942
2.30066
1.71104
1.42931
0.259902
2.1107
0.834993
0.919675
2.82935
2.39859
1.42914
2.42628
1.85828
2.02192
1.56236
1.21594
2.52326
2.71715
1.62679
0.308267
1.37864
2.18453
0.232643
2.1407
0.508396
0.981799
1.87682
1.31224
1.64661
2.31399
1.12348
2.9918
1.7025
2.00696
1.83418
0.577868
1.32925
0.951549
2.58428
1.60013
0.372869
0.907199
1.20346
1.84606
0.239393
1.95048
2.77877
2.30382
1.01692
1.65832
2.85593
2.50746
2.19103
0.3116
2.9777
0.471053
0.390814
1.00795
2.29682
2.80115
1.40299
0.56975
2.80021
2.37355
0.690408
2.13685
2.68255
2.76261
2.85482
0.529246
1.40658
2.0103
0.679641
2.0696
2.18778
0.922495
0.990429
1.95022
1.84033
1.68062
1.17116
0.435505
1.32275
0.354839
0.773382
0.584021
1.7201
0.708011
2.45576
1.57996
2.20026
2.47592
2.69143
0.35988
1.0822
2.71339
2.08165
1.62465
2.55317
2.59205
2.11113
1.32027
2.17274
2.23837
1.38488
2.47934
1.30113
1.1985
2.98257
0.506943
1.18945
1.11878
1.16843
2.40192
1.66832
0.227772
1.09408
2.99718
2.77441
1.40863
0.532066
2.31015
0.65016
1.04828
1.27695
1.08913
1.25593
2.8526
1.65234
2.64221
1.23081
1.41222
1.36018
2.83858
1.44068
2.11002
0.911557
1.96749
2.55018
2.55445
1.67473
0.744072
0.556078
2.12856
2.77842
2.94796
1.62106
1.24106
0.908823
0.983422
1.34249
0.867208
0.436702
0.448494
0.996753
0.367315
0.712369
1.19936
0.294937
1.36975
1.56595
2.19872
2.78765
1.70652
2.25144
0.83542
1.45614
1.18851
1.2702
0.802863
0.228712
0.408161
0.313309
2.02235
2.55787
0.357402
2.95856
0.701517
0.396881
0.846785
2.96095
1.01325
1.11357
2.71579
0.373894
2.08242
2.4778
0.619654
1.13766
0.970263
0.860628
2.18146
1.97372
0.540867
1.58329
1.49605
0.221961
1.30011
1.75215
1.57449
2.45883
2.49156
1.31856
2.51523
1.53219
2.74014
1.49964
2.39039
2.25349
0.328434
1.49921
0.434736
0.98103
2.99427
0.264687
1.92373
2.13523
2.53677
0.218543
0.329374
2.08054
2.51891
2.90164
0.541295
1.01401
1.15322
1.86494
2.73929
1.29635
0.858834
1.94946
2.30613
2.46268
2.57718
0.288528
0.968126
1.75283
0.333219
2.97394
0.550011
1.99577
1.33155
1.51895
2.53224
2.08763
0.271694
2.66007
1.59799
2.69998
0.373894
2.032
1.95826
2.4561
1.39991
0.854134
2.64085
0.413117
2.35732
0.967272
2.93224
2.48652
0.775689
1.75591
2.15915
2.8549
2.64093
1.49536
2.99761
2.38406
2.47515
1.46067
0.896432
1.50511
0.851399
1.33446
2.40397
1.5862
2.02833
1.05161
1.783
2.63469
2.99393
0.418159
0.705191
0.567016
0.605298
0.442
0.408588
2.6846
2.9125
0.512497
0.708267
2.99188
1.35215
0.967272
2.4467
0.395685
1.90135
2.38295
2.97129
1.42222
1.87656
2.72741
0.827216
0.888827
2.0661
0.511728
2.05217
2.57026
2.48438
2.2787
2.26076
0.493698
1.43401
0.56505
1.30694
2.50344
2.16479
1.87639
2.31109
2.72937
2.01551
0.810211
1.43854
1.39957
1.92707
2.26674
1.4194
1.03333
2.81483
1.88289
1.99466
1.85127
1.48588
1.42905
0.277334
1.04179
2.99111
2.90421
1.81658
1.92032
0.497372
2.06806
2.55061
1.21867
1.16911
0.747832
1.23764
2.543
1.54535
2.65606
2.55206
1.83606
2.10062
0.857637
0.431404
1.28413
0.877035
2.82474
2.66563
0.303055
2.67477
0.414228
2.31057
0.442512
0.488827
0.708097
1.71942
0.846272
2.07934
2.65272
0.374493
1.50485
2.3627
1.83418
1.90946
2.1389
2.51173
0.729374
1.90887
2.75074
1.65166
0.367058
0.672634
2.08079
0.439692
1.13937
2.53309
2.80765
1.21594
2.69947
1.11083
2.92796
2.01243
2.68357
1.69934
1.75497
2.70895
0.994617
1.76351
2.77219
1.02153
0.98573
0.340654
2.57949
2.21307
0.278872
2.13181
1.37095
0.611621
1.75992
0.269643
1.77941
1.62568
1.0834
1.55202
0.727067
0.341935
0.827644
2.52685
2.71938
2.1953
2.03653
2.61837
0.418159
1.7965
0.884811
1.87887
1.33489
2.60692
2.80611
2.35706
1.67669
1.94561
0.619141
2.66734
2.98761
1.61859
1.79154
1.94963
0.619056
2.2564
0.97727
2.80688
0.469088
2.44721
2.56616
1.40615
1.42606
2.75424
0.582055
1.93382
2.75646
2.10404
1.06896
1.58876
1.87204
0.63307
2.69964
2.90464
2.51626
2.08114
1.14732
2.38526
1.60474
1.81709
2.95642
1.04418
2.75988
1.18714
2.44901
2.63239
2.37501
0.670754
2.60684
0.344328
1.84743
1.33309
2.66409
1.78906
0.216236
0.660671
2.54993
0.612391
1.24337
1.06853
2.91745
0.56035
0.374749
0.365862
0.496945
0.36928
2.42047
2.06738
2.311
0.470626
1.78863
0.838923
2.4884
1.49844
1.31455
0.563768
1.21551
2.3868
1.51784
0.717154
1.16116
1.64388
2.72963
2.93813
2.11335
1.19192
2.32391
1.48323
1.96569
2.35868
1.49229
1.05298
2.39004
1.8088
0.999402
0.475924
2.13343
2.20342
0.356206
2.53916
1.47691
0.573254
2.24828
2.45191
0.793548
2.79509
0.257338
1.23132
2.74313
1.95749
2.11438
2.09566
1.04068
2.60453
2.11822
2.55428
1.73779
0.64358
2.56232
1.88101
1.15176
0.906003
0.602478
0.25862
2.78244
1.74728
1.20645
0.881991
2.95309
0.67477
0.620167
2.50711
2.31271
0.790643
0.990771
2.13377
0.937877
2.03602
0.581713
0.909848
0.571032
1.82632
0.618714
2.14343
2.53335
0.262893
1.20338
2.91122
2.44866
0.910446
2.13266
1.75087
1.11758
2.32561
0.661098
1.52459
1.87759
2.12643
2.04371
1.94023
2.58744
0.388763
1.29601
2.8197
2.97325
1.75787
2.41115
1.40026
1.8746
0.261184
2.66836
1.95732
2.32621
2.21273
2.67272
1.43546
1.8141
1.19321
0.562743
2.9759
2.44456
2.49626
0.223585
1.42709
1.56048
2.62581
0.342705
1.12724
0.346208
1.63439
2.54668
1.64422
2.15548
1.48827
2.65529
0.562658
1.70105
1.04751
0.491647
2.20427
1.24482
2.4479
0.685366
2.96872
1.72284
0.273659
0.705448
0.984106
2.14608
1.90707
2.96155
0.752959
2.81184
2.84226
2.41115
1.68148
0.865072
1.75257
0.50925
2.78065
1.74642
1.4969
2.5383
1.22517
1.46375
2.45371
1.55663
0.259474
2.42619
1.56962
1.20209
1.33625
0.976843
0.710746
2.18881
1.5768
0.962914
1.30361
1.93365
2.23948
2.67938
2.85354
2.15223
1.68464
1.92408
1.92732
1.05888
0.923264
1.70352
0.789447
1.41017
0.836018
1.32378
2.67725
2.62914
2.35168
1.80641
2.90284
2.64674
2.67093
0.765947
0.371673
2.89994
1.62448
1.68661
2.30203
2.92164
2.85191
2.33587
1.9345
0.361419
1.4887
1.25174
2.81918
2.47515
1.85042
1.04264
2.26776
0.517881
0.799274
2.63555
1.95757
2.68263
2.68272
2.81149
0.275881
1.41692
1.52989
0.364922
0.790985
1.55928
1.99526
0.825422
2.63897
1.9298
0.73433
2.67768
1.61158
0.814655
2.50164
2.61837
1.33557
1.98073
1.05683
2.78868
1.72814
2.05772
1.9674
1.51621
0.517283
0.32664
0.593677
0.908225
0.215296
0.550951
0.746806
1.62995
0.331169
1.08725
1.30352
1.40837
0.811237
1.71566
2.66853
1.19722
2.0937
1.0241
2.36885
1.94065
2.5665
1.58628
0.871139
1.47486
1.21397
2.37048
0.906259
2.50284
0.642128
1.21517
1.79009
1.98107
1.46742
0.811408
2.82841
0.85627
2.85866
1.82734
0.492502
1.68746
0.218799
1.81316
1.85375
2.29331
0.393805
0.324845
2.56377
0.561034
0.59624
0.902585
2.26853
1.75428
1.83162
1.94228
2.94343
1.45725
0.2141
0.697501
1.43692
2.69451
1.76026
2.45029
2.91079
1.16091
1.24678
0.285623
2.06259
2.70186
1.52109
1.51117
0.821149
1.37949
2.65195
1.75497
0.999145
1.86375
0.906601
2.38329
1.39205
0.48464
2.54403
0.27272
2.21145
0.28417
2.80919
0.775689
1.53835
2.40483
2.31784
2.516
0.686135
1.55151
2.8191
2.05294
0.358769
0.666909
1.32173
0.650417
1.6931
2.55463
2.97368
2.38945
2.47191
1.98919
1.68114
2.66059
2.5959
0.451143
2.05499
1.07468
0.701688
2.6229
0.872079
1.42931
1.61312
2.78415
1.63884
1.96757
2.51386
1.44435
2.84465
2.9677
2.72886
1.54911
2.6928
1.30096
2.20145
2.19795
2.89609
1.79436
2.75424
0.81175
1.12485
1.03683
2.42098
2.08729
2.29477
1.46554
2.53771
2.67468
1.88186
2.9706
1.07844
0.318094
2.25307
1.8546
0.326469
1.99474
1.19799
0.385858
2.36509
1.39034
2.4514
0.781671
0.877377
1.05016
1.39291
0.859346
1.54322
1.94006
1.31113
1.59346
1.11758
2.15796
2.22068
1.81521
2.28255
0.331681
0.818244
1.4928
2.75561
0.640761
2.36757
2.82978
2.14574
1.00051
1.89699
2.61846
1.44221
0.544456
2.70135
1.48665
2.2247
2.34467
1.53262
1.07477
2.88182
2.70493
2.86866
0.780902
1.72617
1.7671
2.84576
1.51134
1.49263
1.56535
2.44456
2.87413
2.70793
1.06811
1.71515
1.25277
2.81833
1.94364
1.02999
0.39859
2.56437
0.987524
0.351335
2.77817
2.8884
2.54941
2.90105
1.71301
2.26306
1.69652
0.220167
1.35112
2.92942
2.25119
1.00658
0.505576
2.33006
0.840205
2.31621
0.99906
0.626063
1.09357
1.9175
1.75052
0.586071
0.32963
0.785772
2.84345
2.73202
1.66464
2.12455
0.411151
2.83269
2.28408
0.70126
2.17864
0.230164
2.41286
2.48686
2.49566
1.68772
2.52292
1.18355
2.70246
1.24508
2.51429
2.03089
1.66123
1.97176
1.20825
2.67622
0.295193
1.30224
1.4899
1.8981
0.968981
0.243495
2.637
1.9686
0.750139
2.94027
1.97295
2.64401
1.38863
2.48652
1.38257
2.96932
1.45204
0.67101
1.62568
0.486093
1.85298
1.54399
2.38808
1.22961
1.40786
1.29122
2.20692
2.1031
2.46285
1.10596
2.20735
1.01726
0.425935
1.14288
2.18898
1.98227
2.44166
2.24435
1.39803
0.539073
1.44597
1.52433
0.925059
0.718693
1.23995
2.89917
0.463192
1.31549
2.01833
0.651271
0.366375
2.66366
2.79073
1.91459
1.74394
2.50293
2.9342
1.36787
1.52937
1.32241
0.51301
2.02482
0.461226
2.56804
0.404657
1.00718
1.31284
2.90352
1.86776
0.589746
1.30848
2.71066
0.991284
2.60282
0.864901
1.21671
2.86165
1.68148
1.79333
0.837385
0.484725
2.64896
0.300833
1.92143
2.10207
1.91972
1.12989
1.28524
2.33553
0.21222
2.16966
0.925315
1.20201
0.457723
1.08126
1.09485
2.8326
2.19214
1.27122
0.932835
2.73459
2.31895
1.55159
0.433625
1.8341
2.33185
2.82431
1.74326
2.93736
1.08186
2.12788
0.770049
2.64631
1.17953
1.78257
0.69938
1.56783
2.51703
1.1727
1.9962
1.05358
2.5994
1.70276
0.486178
0.90737
2.3721
0.866012
1.30156
2.69827
0.831745
0.361419
1.87879
2.31639
2.30827
1.39769
2.19667
1.60978
2.90515
0.921982
1.04119
0.338603
2.3862
1.10938
2.88618
1.08502
2.3962
1.05238
2.57479
2.35629
0.90173
2.58675
0.392523
1.31762
2.54155
1.99175
0.716385
0.994275
1.57219
2.30186
2.02944
1.37761
1.89801
1.16791
1.48725
2.87541
2.87174
0.205127
2.22504
1.54134
1.35369
1.96475
1.79103
1.72429
0.317667
1.26781
0.295535
0.370989
1.68934
1.43871
1.06221
2.22316
1.70677
0.573852
0.368767
0.544371
2.88883
0.786712
0.6652
2.21538
2.10028
2.36236
1.85734
1.03444
2.40004
2.16308
2.24187
0.460884
2.56069
0.219398
2.88216
0.839265
0.746379
0.2464
2.21051
1.94082
2.63726
2.42072
2.64597
0.26144
0.487033
2.15744
2.01414
1.11169
0.201965
1.62354
2.75689
2.53796
1.32839
2.92557
0.519163
1.91075
1.43589
0.908823
1.90152
1.81974
2.58479
0.506259
2.16351
1.71019
1.7642
0.973595
0.668532
2.30143
1.78923
2.74877
1.65499
0.822004
2.14326
1.67302
2.52241
1.30113
0.654775
1.11203
1.22012
1.15279
1.89545
1.11245
2.52626
0.689981
1.58535
0.733476
1.60244
2.40816
1.69618
0.689981
0.215723
1.87195
0.336296
0.44499
0.410639
1.4476
2.70887
2.0884
0.222474
1.11331
2.82593
1.14057
0.617347
0.389276
1.87144
1.81718
0.64734
2.02252
1.69575
0.493442
1.20756
1.06452
2.93224
2.90515
2.78381
0.379876
2.22205
2.02346
0.776629
2.62256
1.23559
1.74215
2.99145
2.91737
2.37663
2.11378
2.87951
2.2852
1.05836
0.471822
0.319718
1.64781
2.6376
2.57864
0.728092
2.05157
1.09519
2.93326
0.280923
1.74531
0.750224
1.18005
2.84106
1.75275
1.29489
2.55334
0.773894
2.17419
2.23837
2.09558
1.64089
0.856612
0.246315
1.38898
2.15736
1.86939
1.86486
1.53467
2.60325
0.622388
2.71433
1.51955
2.2734
0.665456
0.442769
1.70677
1.95501
1.00504
0.925315
2.38859
1.62072
0.576843
0.996411
2.73783
2.52292
0.710746
2.40389
1.29626
1.8787
1.82717
1.07169
0.537706
0.531724
0.400641
0.758
2.6417
0.579748
2.02918
0.797821
1.81752
2.15317
0.646315
1.41572
2.31468
1.53407
1.31412
1.49793
0.256655
2.6035
0.233839
1.51032
0.43824
1.80179
2.21205
0.44969
0.619996
0.592907
0.419184
2.31681
0.461055
2.81747
1.4805
1.39692
1.22517
0.523435
1.13211
1.03768
2.99906
0.862593
1.88528
1.60987
1.95945
2.43756
0.331425
1.13894
2.82773
1.69011
1.92937
0.29639
1.44743
2.11634
2.10934
2.03585
0.224781
0.496603
2.73313
0.363298
2.96778
1.32822
2.74655
1.7289
1.46195
2.84713
1.26336
0.726469
1.12074
0.227515
2.3163
1.18996
2.84721
2.54711
0.713736
1.57261
2.44508
2.70254
2.63982
2.09814
0.316813
0.466952
1.63405
2.96958
1.58543
1.07392
2.79039
0.725272
2.17812
2.71545
1.80991
2.42764
2.6094
1.74369
0.548216
0.372869
0.200769
0.962059
2.09242
2.61034
1.47468
2.19316
2.60573
0.35689
2.65999
2.11198
1.37821
1.19543
2.44661
0.531468
1.52083
0.744499
0.527622
0.928135
0.338603
2.08592
1.26482
1.19415
0.623157
0.439521
1.21559
2.0056
2.69981
0.370647
2.26076
2.79158
2.86789
2.61897
1.06691
1.49442
2.87199
2.6358
2.22487
1.70694
2.84046
2.31809
2.99855
1.3736
1.92972
1.42521
2.62376
0.24546
1.5116
0.967101
0.893271
0.274001
1.54108
1.8517
2.5671
2.53249
1.74181
0.276907
0.742363
2.85225
1.04751
2.35809
0.525315
0.961376
1.336
0.67477
2.93728
2.91352
0.493612
2.42781
1.99654
0.79295
0.448238
1.49058
1.71164
1.88588
1.20679
0.84593
2.32348
1.7031
0.936595
2.89259
1.73437
1.04298
1.12681
1.31053
0.661269
0.681606
0.46755
1.1733
1.45093
1.07785
1.68549
2.99282
0.293997
2.28067
0.970946
2.58573
1.97603
0.626234
1.03666
1.24866
0.902414
2.6129
0.644264
2.52907
2.33553
2.14001
1.63568
1.27968
2.38073
0.30015
0.307926
2.88473
0.658876
2.71066
1.36881
2.74356
0.603931
0.7721
1.70951
0.301859
1.32113
0.64264
1.8335
2.9154
0.345268
2.71399
0.578381
1.43435
2.83525
0.977099
2.96778
1.5985
0.542833
0.265798
2.43115
0.725529
2.89404
0.364837
0.829695
2.18564
2.3175
0.970348
2.32502
1.94493
0.962572
1.69019
2.52754
0.469344
0.539158
0.671609
1.36377
2.27366
1.22055
2.44414
2.29895
0.403717
0.944969
2.16368
1.15176
0.540953
1.85409
1.64798
2.74108
0.814484
1.20577
1.98834
1.39889
1.6097
1.4981
2.92668
2.79013
0.660414
0.343474
1.38445
0.674856
2.91233
0.428413
2.53224
2.85089
0.444221
2.89848
2.18573
0.31442
2.33689
2.10421
1.51724
1.87648
2.5736
1.04657
1.66943
0.271694
2.26323
1.05956
2.85832
0.398334
2.27169
1.86623
0.354668
0.92523
1.34847
1.94672
1.92929
1.10545
2.63854
1.75591
0.351079
2.432
2.06328
2.5272
1.1251
1.37428
0.661782
0.400897
2.65725
1.63277
0.377398
2.21436
1.03469
2.94864
2.97787
1.09092
0.60846
0.506516
2.39645
2.56608
1.76505
2.36877
1.38231
2.98727
0.276308
0.975304
0.746635
2.52608
0.414057
1.35172
0.491562
2.13933
0.616321
2.85849
0.311771
2.41679
1.49434
0.720829
2.35322
1.25294
0.566332
2.17778
0.91865
2.68126
1.10647
0.284939
1.20705
0.206494
2.29562
1.01205
1.37317
2.9753
0.862593
1.86896
2.39654
0.918906
2.20256
0.90173
2.44619
1.60978
1.15971
1.49263
1.02897
1.36608
0.463448
2.20367
0.409272
0.942918
1.80325
1.50083
1.58697
1.14869
1.13117
0.995642
1.92134
1.9222
1.58013
0.643068
2.88934
1.80931
2.78312
0.331339
1.46375
1.77667
2.38295
1.30327
1.6015
1.89912
2.11985
2.24469
2.5266
0.459175
1.08263
0.279128
0.29733
0.795685
2.11369
2.90481
1.3448
1.8388
2.75245
2.31228
0.469344
2.86977
2.30699
2.12053
0.383892
1.24226
2.0408
0.367656
2.89002
2.40261
2.06063
1.99534
1.17586
1.34702
2.69554
1.06323
1.32224
2.45319
2.75236
0.331681
1.70515
0.423029
2.43662
2.84986
0.381158
0.475326
0.525315
1.1862
1.14484
0.524802
1.98005
2.5407
1.54407
2.28502
0.386627
0.573595
0.742106
2.03388
1.81094
2.19103
2.11224
2.7774
1.2555
0.522153
0.854646
1.35078
0.707157
2.32826
1.52117
0.593847
2.36176
1.0781
2.53642
2.93753
1.61295
1.13083
1.00205
1.9398
2.99462
1.05999
2.47319
0.909165
2.46191
2.35885
2.19222
2.35116
1.20056
1.9639
0.869344
2.9771
2.75065
1.23303
1.89656
2.41201
2.63239
1.01777
2.68306
1.53971
0.66238
1.46477
2.59821
1.42145
0.347063
1.38633
1.01231
1.12621
0.340397
1.83572
2.31938
2.61119
1.15475
0.325614
1.43145
1.38752
1.31104
2.72741
0.232386
1.9122
0.516514
2.88772
0.476351
2.83927
0.857466
1.80103
1.22098
2.27246
1.19355
2.37526
2.28101
1.75326
0.943175
1.22722
2.59069
0.323734
2.84516
0.346635
0.562572
2.2006
2.88541
1.2655
2.12976
1.39906
1.77693
1.77018
1.5586
0.44294
0.97821
2.59419
2.32091
1.29959
0.840034
2.1289
1.11169
0.475411
0.266396
0.589746
2.30109
2.01209
1.47887
2.8755
2.70639
1.91827
2.46892
2.35715
2.77347
2.57607
0.329716
2.03662
0.854305
2.2593
2.05166
2.10882
1.46768
1.50066
1.56954
1.96808
2.63102
2.24606
0.85157
1.69455
1.55116
2.33245
0.213758
0.658876
0.560949
0.428071
2.05029
0.681606
2.18983
2.77193
0.765349
2.98658
0.454219
2.04901
0.29639
0.783807
2.059
0.941124
1.21278
1.52143
0.592053
0.288443
1.58039
2.2417
1.80479
2.00081
1.17868
2.48139
0.662636
2.65495
2.85695
0.551634
2.65452
2.71733
0.618287
1.63662
1.24772
1.72728
1.4188
0.346379
1.17765
1.5803
0.267934
2.56445
2.25759
2.24743
0.420295
1.62397
2.59727
0.869259
1.04324
1.65362
0.317838
0.961974
2.15069
0.327665
2.2505
0.671352
2.38782
1.45956
1.90511
0.415168
0.257338
0.475838
2.39953
1.64824
2.3715
2.00842
1.83256
0.690408
1.71976
1.44144
2.79278
2.55317
2.33886
0.852254
2.68648
2.7028
2.97248
2.38176
1.37556
0.898312
2.10788
1.87349
2.41149
0.640931
1.37855
1.41794
2.35142
2.37236
2.51797
2.03969
0.447212
2.75997
2.85354
0.765093
0.792352
2.60675
1.32856
0.908139
2.81406
2.1225
0.438069
1.01154
2.6006
2.89387
2.06781
2.08079
0.948473
0.891989
2.22222
1.34881
1.41888
1.05358
2.23068
1.00855
2.68981
1.37419
2.21803
2.95104
2.0919
2.25067
2.82747
1.14621
0.615552
0.209656
0.583593
1.50485
1.07665
2.16189
2.8825
2.45738
0.927879
2.516
0.396368
2.48917
2.20419
1.29344
1.28199
1.46836
0.888998
2.77945
0.576501
0.404401
0.589489
2.84781
0.373211
2.87404
1.60748
2.49797
1.76026
0.352873
1.89366
2.54104
2.91258
0.691263
2.97402
2.97274
2.72339
0.767998
1.33369
1.17013
2.36355
1.76471
0.347404
1.2508
1.3548
1.69387
0.843965
0.730143
2.94625
2.02072
2.59077
0.416877
2.98
2.2153
2.78757
0.881137
2.23486
2.27246
1.45665
0.635804
2.43414
1.03734
2.61615
1.36565
0.706473
1.97424
1.52408
1.74454
1.48596
0.21504
2.88199
1.97569
1.83974
1.72668
1.48366
0.594531
2.81081
0.833113
0.998206
2.8702
2.76279
0.53104
2.37381
2.74382
2.91438
1.83555
1.15014
2.44174
0.651955
1.79393
0.766802
0.899081
0.805939
2.00526
2.75595
1.13424
0.880453
2.88225
0.504636
1.30822
2.822
2.294
1.87768
2.81004
1.71634
1.82726
0.984704
2.90216
1.19944
2.9019
2.78227
2.4667
0.371245
1.58022
1.19603
1.98697
1.99919
0.7069
0.452339
2.30451
0.798761
0.616321
2.70528
2.88661
1.57953
1.04529
1.24738
2.94394
0.842854
0.689554
0.392267
0.934458
1.2197
1.84016
0.514463
0.592053
0.73621
0.93762
2.93651
2.21606
1.09323
0.482162
1.14911
1.36061
2.14907
0.736381
1.85255
1.6608
1.59124
1.05871
0.306473
2.33254
0.58684
2.90464
1.07631
0.684426
0.796112
2.33348
0.262294
0.979321
1.93971
0.458492
0.700833
2.78133
2.10489
2.87669
1.4235
2.12856
1.57988
2.91694
2.06242
1.06631
1.20235
0.944115
2.68947
2.88054
1.61081
1.35539
0.576073
2.5671
2.78526
0.307413
0.762615
0.275881
1.86546
1.01137
2.72228
2.46644
2.63469
2.43345
2.41004
2.11267
1.05443
1.03837
2.78201
0.694339
2.24059
1.81376
2.07353
1.71335
2.46507
2.61137
0.523264
2.07037
2.77441
1.24482
0.431062
0.642213
1.80889
0.580432
1.03692
2.79526
0.812775
2.25742
2.30801
0.972485
2.02106
0.676821
2.32262
2.49378
2.61137
1.49613
2.33715
0.703568
1.8082
0.666311
1.42444
2.60684
0.927451
1.44948
0.370476
0.728092
2.74715
2.65477
2.31741
2.33313
1.19415
1.92929
1.83982
0.949156
1.33292
0.542405
0.342705
0.521982
1.84358
0.30032
0.267507
2.34766
2.37783
1.42863
1.99449
0.715189
1.57996
0.460286
0.728092
0.999231
0.55941
2.56684
1.65482
2.53916
2.8038
2.56941
0.258193
2.04183
2.91908
2.2687
2.08062
1.84717
2.78449
1.52972
0.818415
0.392181
2.71023
2.75945
0.23871
2.41192
0.584362
2.61538
1.60372
1.0141
2.59744
2.18197
2.89242
2.76697
2.93198
1.05195
1.50459
0.33433
0.403974
0.951805
1.93706
2.99957
1.0452
1.14629
0.517795
1.61107
1.81102
2.862
1.88631
0.692459
2.40526
2.16599
2.90763
2.64999
1.20551
2.53728
1.50758
1.21662
2.67973
1.36924
2.51643
0.672121
0.678872
1.23927
2.40859
0.372613
1.39598
2.9847
0.625892
0.331083
2.7756
0.62085
2.57266
0.983508
2.56496
2.34065
0.367913
2.47985
2.1912
2.43098
2.84533
1.83657
0.254091
1.14527
2.88532
1.68814
1.62106
2.96932
1.16954
0.975646
2.31151
0.716044
2.44302
0.909592
1.35898
1.89084
2.57248
2.14369
2.63845
1.15945
2.88891
1.29908
1.84503
2.96103
2.90053
1.97424
2.81363
0.900449
2.26469
0.779705
2.36467
1.15954
2.30587
2.73424
1.86614
2.16266
1.56706
1.36018
1.49656
0.936082
0.882333
0.215809
1.79906
2.79774
1.25832
2.80175
2.11164
1.21431
1.65123
2.77877
0.863021
2.46499
2.32767
2.23555
1.32096
0.346635
1.29703
0.342363
2.57941
0.761162
0.701688
2.52984
1.77445
1.41914
2.25392
0.928135
1.31378
1.30028
0.205811
1.40709
2.30938
1.10613
1.34121
0.351421
0.39953
2.14326
2.0749
0.511301
1.5486
1.27473
2.54941
2.664
1.21124
0.577184
1.81419
0.824995
0.449263
1.33993
0.776287
1.74599
2.38808
1.04563
1.81025
1.23653
1.00085
2.16864
0.912839
2.44824
0.807135
1.02803
0.492331
0.257167
1.07409
1.93501
2.27879
2.88438
2.70724
2.46943
2.8426
0.888656
2.21897
0.724845
1.60919
2.27323
2.9618
1.15979
1.85759
1.83982
2.41354
2.69032
0.589746
0.73057
2.50284
1.66447
0.958898
0.293997
1.76189
1.75437
1.14339
2.21188
2.29391
1.80333
1.75445
0.62649
1.54305
1.2661
2.46541
1.00402
1.85409
2.68041
1.94877
1.07161
2.2094
0.404743
2.61008
2.16761
2.331
2.26383
0.6047
0.339457
0.334587
0.534715
1.8264
0.329374
2.9242
0.515488
2.3539
1.78376
1.31267
0.710318
2.04388
0.824226
1.85896
2.0708
0.957701
1.11844
0.205982
1.93014
2.50865
1.98714
1.90955
2.46789
1.01837
2.48549
0.743901
0.542064
2.76928
2.99598
0.872591
2.72784
2.23991
1.27131
2.47122
1.59782
1.81265
0.863021
0.590429
1.88426
2.2388
0.874813
0.846272
1.75779
1.75027
1.77761
0.924973
1.06281
1.10519
1.82384
0.290152
0.545311
2.05379
1.99825
1.08058
2.31109
2.11378
2.44294
0.984191
0.751848
1.14117
2.69451
2.67802
2.17787
2.98488
2.6699
1.41914
0.791583
2.51241
2.73954
0.57727
2.44362
2.89472
2.62376
2.69314
1.40564
0.235719
0.252126
0.651869
1.59927
2.83739
1.52117
0.560265
1.5175
2.58359
2.88908
2.91164
0.67665
2.13497
2.54429
1.62944
2.83696
1.41794
2.08686
0.37586
1.0276
2.29878
1.25738
2.11198
0.815424
2.12728
0.85439
2.09797
2.45405
1.44033
2.37458
1.92083
1.1504
2.11139
2.71519
1.93741
1.68755
1.63226
0.476266
0.918564
0.239821
1.8182
0.998889
2.28451
2.41893
1.21918
0.277419
2.51617
2.38731
0.729289
2.0843
0.332707
0.477975
2.87857
0.843538
2.22076
0.956505
0.696048
1.39103
1.30293
2.96351
1.03187
2.55881
0.334928
1.8758
2.62529
1.72181
2.61658
2.92232
1.80555
0.442683
2.40491
2.69323
2.11532
1.15475
2.21871
1.97945
2.74151
0.217518
1.81846
2.78065
0.842256
0.885665
0.252211
2.5178
2.25845
1.12544
0.553856
2.68921
2.89541
2.21974
2.48062
0.207434
2.46302
1.49554
0.878402
1.05332
1.66336
1.11442
0.261696
2.08601
2.5101
1.86135
1.59637
0.245717
2.07028
2.67101
2.67127
2.98752
2.11412
2.82764
1.64798
1.18201
2.56138
2.37706
0.375689
1.52279
1.21021
0.487802
2.65742
1.27558
1.23901
1.29883
1.25661
2.40884
1.36479
1.79137
2.0314
1.14176
0.9489
2.02303
0.583166
2.34834
0.536424
1.0605
1.80786
0.453279
2.11566
2.14933
0.536424
1.45982
0.78714
1.65772
2.45396
2.54429
2.92873
2.13232
0.682034
1.05683
0.943175
1.60278
1.21483
2.56514
1.27866
2.27383
1.3941
1.77804
2.2059
1.94023
0.611878
1.18765
1.24294
2.86516
0.628455
2.06678
1.51263
1.45614
1.89152
1.85913
1.72173
1.87921
0.846272
2.60051
0.647853
2.94574
0.222816
2.80731
0.823884
1.41248
0.88746
2.67084
0.30408
0.229994
1.24713
0.594873
2.00312
0.477718
0.793719
2.51318
1.49246
1.92373
2.97539
2.42482
2.34364
2.14574
2.78253
0.385943
0.304251
2.35176
1.83709
2.39398
2.19615
1.43743
2.77031
1.20124
1.22123
0.416877
0.478915
2.89883
2.56402
1.56655
0.445759
0.303397
1.37718
2.01679
0.512754
2.78945
1.43888
2.53138
2.69374
1.19944
1.76821
0.41081
2.61444
2.6746
0.286819
1.25721
0.767913
2.8385
0.61427
1.73822
2.77184
2.17607
1.08426
0.4884
2.41525
1.2414
2.46969
0.484127
1.48366
0.333903
2.30374
1.23055
1.3483
2.68075
1.08426
2.89763
0.707755
1.96065
2.24999
1.1427
1.66977
0.810041
0.414228
0.358171
2.55967
1.94578
1.34599
1.67968
2.04482
1.74394
0.983251
1.89391
1.36052
0.711258
0.568639
1.58398
1.22559
1.8875
1.99304
2.64768
2.63632
0.415424
1.63499
1.92826
2.52395
2.51626
2.38466
0.294595
1.86571
1.5081
0.537791
0.307327
0.434993
2.30528
0.849263
0.609827
1.37881
2.43499
2.43192
2.18052
2.61077
1.40974
0.38919
0.98479
1.00538
2.49276
1.86964
1.76351
0.38338
0.293826
0.628712
2.29528
1.67345
2.23333
1.18748
2.47097
2.63897
1.71104
0.275027
1.51767
2.35757
1.4188
2.64144
1.30848
1.44016
1.83316
1.32942
1.49724
1.5774
2.926
2.2928
1.61474
1.00068
1.3307
1.04768
1.46435
0.646144
0.201282
2.4449
0.953856
0.80799
2.80218
2.45166
1.9022
0.269045
1.46529
0.628285
1.75736
2.89703
2.95377
1.38983
1.36385
1.69165
1.06725
2.73715
2.71664
1.27336
1.92912
0.548216
2.03944
1.19816
1.59013
1.51468
1.7248
1.08725
1.78915
2.81166
1.67336
0.360137
2.70519
1.58962
1.96937
0.356291
2.54155
0.774151
2.63136
1.23499
1.57637
1.46204
1.57364
1.43956
1.32036
1.60064
1.7178
0.514121
2.01551
2.43901
0.389874
1.86041
0.315958
0.436958
2.74305
2.22153
1.58637
2.52079
1.54074
0.880538
1.05486
0.371587
1.44025
1.36206
1.46016
0.436531
2.11181
2.2229
1.82863
0.546251
1.53288
2.92036
2.6194
1.43076
0.993591
1.7454
1.07451
2.81688
0.351677
0.60846
2.41303
2.3985
1.47392
2.06439
1.10442
0.564281
2.80209
2.16531
2.66118
1.17193
2.98009
0.927964
0.985217
2.85584
2.08105
0.404059
1.30951
1.95586
1.57065
0.9395
0.967785
1.55535
2.74476
2.01149
1.23431
2.91404
1.97842
1.43076
1.66729
1.78522
2.12523
2.09566
2.59684
2.30459
2.00184
0.486007
0.792267
0.936338
2.89806
2.48498
1.14817
0.766546
2.44764
1.51476
1.42504
0.229395
0.799103
0.976073
0.883871
2.55539
0.62273
1.97569
1.05067
1.22628
0.692117
1.93279
1.84879
1.7289
0.976843
0.649562
0.537193
1.29002
2.18556
0.634181
2.29143
0.8837
0.894211
1.06349
2.26503
1.99671
2.40004
2.97334
1.16894
0.840376
2.03602
2.66349
0.20658
2.49583
1.88537
2.10523
1.00171
0.480111
2.43251
2.1383
1.15646
0.221363
2.48789
1.64576
2.6781
1.13006
2.92523
2.0931
1.5104
1.75309
2.7674
1.42008
0.608887
1.49981
2.7592
1.87246
0.795514
1.82666
2.16454
1.76069
0.632386
2.76697
1.1251
1.33403
1.54988
0.495322
2.71827
1.15621
1.8687
1.4129
1.85153
0.771844
1.15185
2.4408
2.73219
1.2496
1.32472
0.609571
1.64704
2.59017
0.80047
1.23354
1.99278
2.38688
1.64866
0.954369
1.09229
0.726041
0.844307
1.74471
1.73565
0.915061
2.43482
1.35685
1.98253
2.6241
2.062
2.30605
2.1636
2.23136
0.278018
1.67404
2.21948
2.5583
1.69105
1.02162
0.312967
1.9809
0.378851
1.49707
2.25366
1.5069
1.00837
1.02837
2.27144
2.60538
0.4978
0.686477
0.67665
0.775091
2.05943
0.707071
2.14497
0.841743
0.46003
1.65858
1.36308
2.96864
1.93792
2.44345
0.574877
2.17043
0.810553
2.22119
1.363
0.716984
1.41581
0.738945
1.20543
0.613672
1.8182
1.3595
1.5439
0.747319
2.72288
2.87174
1.90058
2.28426
2.83081
1.17236
0.782952
2.10771
2.07609
0.907456
0.311344
0.283572
1.97971
2.15796
1.70942
1.34027
2.15984
1.46059
2.59308
1.75061
1.83452
0.249391
2.79662
2.20487
2.55522
1.20508
1.67251
0.659645
1.40778
2.40158
2.0038
1.95279
1.71976
0.535313
0.664858
2.76945
2.50968
1.92621
0.769195
1.74958
2.11737
2.17693
0.24153
1.92109
2.45251
0.378167
2.75151
2.04909
1.69771
0.348003
0.34655
2.88678
1.10562
0.391583
1.72198
2.51643
2.526
2.47011
2.26435
1.168
2.70032
0.265285
0.607263
0.901816
2.96291
2.22854
2.63649
0.944456
1.18381
1.49938
2.88114
2.06379
1.39368
1.98423
1.82948
1.17193
2.32476
1.28037
1.50664
0.742534
0.308695
0.533775
1.45119
0.230934
1.36719
0.717924
1.82854
2.48361
2.33245
2.22119
2.21871
2.32527
0.23589
0.830378
2.81542
1.511
1.00308
2.59821
2.17505
0.430293
2.69049
0.280752
1.0517
2.35116
2.70314
1.03538
0.856697
2.99163
1.43051
0.462593
0.679897
1.20585
1.33788
1.08332
1.01043
0.77304
1.95005
1.13612
1.29327
2.6758
0.966076
1.38334
2.26101
2.65563
1.94219
0.613843
2.9771
1.8341
2.37919
2.32843
0.72775
0.38543
1.85401
0.496945
0.501559
1.64986
1.23089
0.474129
2.99231
2.27298
1.79111
0.960863
0.263918
1.36138
0.517368
1.49981
1.21525
1.44025
1.57227
0.591284
1.18039
0.599744
1.00632
1.31899
1.80402
1.82051
1.13424
0.770305
1.12835
2.46225
0.417048
2.54112
1.22927
1.10596
1.28643
0.611878
0.938816
1.53544
1.35018
1.88169
1.39274
0.646315
2.01542
2.04849
0.338432
1.66943
2.76706
1.72361
2.94403
0.29733
1.13971
2.6664
2.64179
1.90032
0.219654
1.02803
1.74796
0.619227
1.71489
1.49178
2.99308
0.924375
0.430378
1.99551
2.50173
1.22525
2.98735
0.927024
2.15915
0.521213
2.62128
1.67661
1.90211
0.879598
2.89985
2.03627
1.07118
2.32732
2.59427
2.13283
2.96266
2.14659
0.945738
1.58133
1.31677
0.759026
2.76056
2.74792
1.68071
0.988464
1.37402
2.0079
0.382354
2.88686
2.92019
2.68844
2.05482
0.514292
2.74364
0.781243
1.24559
2.45798
2.59222
2.31502
0.651955
1.27815
1.8282
1.07246
2.71698
0.470199
0.893783
0.742875
2.3245
1.72762
0.670925
1.79402
1.33224
2.29562
2.37039
0.753301
2.6775
0.402094
2.78945
0.58573
1.99517
2.55343
0.775005
1.45409
1.68575
2.68169
1.32984
1.35121
0.968725
2.5336
2.39842
1.09058
0.861397
1.2849
1.17193
1.14313
2.81824
1.37069
2.14805
1.60705
0.770562
0.517795
2.18376
1.19962
1.30258
2.96693
1.97859
0.956847
1.70113
0.27195
2.42628
2.93001
2.61752
2.26537
1.67105
1.16424
1.87913
1.37334
1.70805
2.85072
1.38675
1.27396
1.16279
1.33454
1.63687
1.48015
2.68998
0.471395
1.80504
1.63884
0.426704
0.815595
2.32937
1.13185
1.1398
2.33083
2.72972
1.76719
2.50182
1.3084
2.80192
0.347148
1.73711
2.58257
2.72322
1.30147
2.87191
2.32835
1.80718
2.57283
0.627686
1.73121
2.64529
1.74223
1.59577
1.21551
0.772356
0.781841
1.9286
1.91827
2.99496
0.422089
1.78727
0.496689
1.3166
1.72198
0.982311
1.15791
1.60278
0.228541
2.84422
2.99539
0.317582
1.51416
1.56202
0.523179
2.87353
1.4781
2.42841
0.292886
2.1295
2.20111
2.62589
1.88178
2.17727
1.13912
1.59543
2.13967
0.349626
2.04525
2.22179
1.78197
1.39274
2.20564
1.87451
0.415851
1.93587
1.578
1.74223
1.08853
2.39885
2.42047
2.6975
2.0426
1.27362
2.99727
2.12882
2.36894
0.916941
1.54911
1.97928
2.04234
2.19333
2.9166
0.42696
0.628797
0.303311
2.00278
2.64717
0.350566
1.13758
0.863277
0.690835
0.998291
0.490963
2.81192
2.72066
0.776116
1.47793
1.12698
2.83773
1.76796
1.28208
0.949754
2.54087
0.512412
2.98265
2.35791
0.252467
1.57432
0.390045
2.80577
1.15057
0.998462
2.83337
2.9154
2.94326
2.7363
0.231703
1.0088
1.42384
0.929417
2.59274
2.36646
2.24486
2.34082
1.06981
0.601025
1.54552
2.21803
1.52134
1.93399
0.274429
1.87887
2.90455
2.16095
0.840974
0.904978
1.44486
1.09536
0.53574
1.83153
2.11643
0.676736
0.35595
2.22059
0.771587
1.531
1.67387
0.805597
2.45806
2.97052
0.986071
0.994873
2.85918
1.62243
2.77996
2.02012
1.19654
2.07063
1.95655
0.219398
2.33194
1.10092
0.645802
1.94151
0.805426
0.935826
2.45217
0.557445
2.54839
1.84623
1.36872
0.269985
1.40726
1.5286
0.796368
2.80534
2.61786
2.03439
1.50613
0.475838
1.96526
1.2385
2.38167
0.903098
1.56834
0.436616
0.380132
0.88464
1.82615
2.25563
2.7486
1.89605
2.86319
2.46781
1.53254
1.51348
2.61171
0.293912
1.81598
2.8449
2.46815
2.78458
0.52899
1.45708
2.06131
0.264943
1.66046
0.28699
2.46934
0.433967
1.11433
0.823457
2.2241
2.90105
1.84606
1.44777
2.63948
1.75198
0.91677
1.62029
1.20115
1.52869
0.703739
0.800812
0.755864
2.61171
2.70288
1.99013
2.03756
2.99231
2.5618
0.379449
1.66721
0.421918
0.781756
0.597095
2.36475
2.72724
2.92438
1.03751
1.51049
2.27588
1.36069
2.76244
1.19261
0.783721
2.00226
1.05999
0.278957
1.24875
1.24884
0.350224
0.451485
2.79987
1.79214
2.12438
0.738603
2.04747
0.512497
1.0041
1.28507
0.325101
0.706046
0.211365
2.09575
0.807648
1.47964
0.332279
0.691433
0.494125
2.55155
0.666054
2.4138
0.24341
2.49455
0.644093
2.51634
1.44973
0.660756
1.40837
1.38094
1.34497
0.422602
0.635548
0.794745
0.316556
1.5709
0.294595
0.627259
2.42722
1.90485
0.825678
2.64341
2.92455
1.45315
1.42786
1.5915
2.72826
1.36274
2.34228
1.10254
1.68208
2.09301
0.819355
0.938646
2.15787
1.353
1.85751
1.52852
2.79987
2.01944
1.79915
0.326896
2.79603
2.47199
2.27443
0.735868
2.06413
1.98483
1.3771
2.52523
0.940782
2.01055
2.76261
2.8896
1.55988
2.39483
0.753813
2.2799
0.507797
1.35881
1.74403
2.14676
2.9448
1.0875
0.781841
2.73236
2.97761
2.56061
1.6291
2.04969
2.47225
2.66375
1.97595
1.3859
1.89451
2.41841
1.30267
1.66729
1.76488
2.96642
0.674856
1.62337
1.51553
0.94796
1.55997
1.68772
0.73809
1.91006
0.95172
2.17368
0.807904
1.78282
1.09212
2.46037
0.673574
2.6611
0.275112
0.929502
1.59842
1.72925
2.6229
2.38799
0.642384
2.76672
2.11993
1.91451
1.67105
0.270669
1.19372
2.26905
1.27891
2.43533
2.32852
0.200085
0.816022
1.02273
2.20051
1.58996
1.90365
1.96578
2.42149
0.77304
0.227772
2.33749
1.97885
0.766973
2.19735
2.32724
2.25862
1.3524
0.854048
2.25853
0.940269
0.938902
2.8238
0.488656
2.84978
0.756719
0.693399
1.02529
1.65841
1.30848
2.20385
1.89895
2.516
2.02149
2.24461
1.12818
0.304422
2.43551
0.638453
2.516
0.400385
1.86597
2.10412
2.11301
2.23358
1.4781
0.582226
1.98697
1.7289
2.91062
1.91545
1.3354
2.92027
1.78573
0.266909
0.377569
2.42158
1.04409
1.46708
0.666054
1.44503
0.440718
0.274685
0.852083
0.652809
1.14074
1.94091
2.34518
1.72959
1.35112
0.661953
1.50254
1.76343
2.32758
2.51079
2.38688
1.52348
0.692117
2.63222
1.52903
2.52053
0.401154
1.49109
1.13442
2.73937
0.698868
0.759966
2.16907
2.32895
1.79564
2.03482
2.96445
1.13937
1.40829
2.16411
2.37714
2.19214
1.49895
2.78235
2.34176
2.97112
1.15134
2.6311
0.454561
2.62299
0.520701
1.45956
1.02435
1.35309
2.99556
0.888485
1.62944
0.505063
1.30908
0.226832
0.41756
2.01141
1.93664
0.628712
0.785858
1.7031
0.717924
1.57697
2.67921
0.364837
0.440974
0.282034
1.94382
1.82427
2.92455
0.38338
0.973852
2.36167
1.938
1.34027
1.68883
2.32895
1.89571
2.89968
0.877975
2.26469
1.86195
1.62995
0.95172
0.391839
0.606153
2.70656
2.93446
1.38795
1.44443
1.5363
0.338517
2.91275
2.60513
0.411408
2.3568
0.582311
2.2564
0.776116
1.40949
0.277334
1.13322
2.69673
0.284683
2.87148
1.10032
2.52138
2.70946
0.668703
2.19034
0.717411
1.38804
1.0376
2.05268
2.47293
1.74711
1.72771
0.352361
0.650758
0.621876
0.557958
0.855501
2.08344
2.92506
0.363897
2.53856
2.79372
1.13108
2.29015
0.459432
1.13134
0.61897
1.51698
1.72856
2.01166
1.70498
0.908225
1.71532
0.443965
1.80812
0.667251
1.42991
1.13724
1.38206
1.88913
2.81636
0.771075
1.45392
1.69686
1.29472
0.918308
1.60466
1.04785
1.89049
0.608203
0.230677
2.90036
2.68742
2.91651
0.323563
2.22401
2.74279
1.37026
0.204614
1.54612
0.601538
2.95574
0.453023
0.31724
1.34719
0.314847
0.864046
2.98693
1.12715
0.320573
1.8752
2.47387
0.689126
2.01585
1.09836
0.721
2.86789
0.30502
2.19453
0.621705
0.757317
0.78637
1.5286
0.203162
1.1081
1.71019
0.642982
1.75744
2.88618
1.25302
1.58637
2.40526
0.730399
2.89353
2.33467
1.18124
0.447896
1.47862
2.54403
0.32758
1.48238
1.16672
0.470028
2.28366
0.694937
0.23589
2.49404
2.45969
0.393976
2.3445
0.891049
1.68088
2.15172
0.431062
2.87917
1.99107
2.94488
1.24277
2.1859
1.30113
0.357146
0.277078
1.37129
0.972485
0.981286
0.327323
1.343
2.62042
2.35689
0.217005
1.90211
2.62675
1.38351
2.11216
2.55685
2.64837
2.34501
0.397736
2.64204
2.6094
1.88289
0.507627
1.18141
2.86439
2.45687
2.69314
1.13023
1.62012
0.829096
1.91955
1.63593
0.303482
0.310831
0.477548
2.55437
2.96334
1.70737
0.496945
2.05892
2.79235
2.10079
0.949669
0.380047
0.659133
1.2056
2.731
1.7131
1.13484
2.4379
1.60508
2.13078
2.90455
2.83157
0.602991
0.339885
1.84862
0.943175
2.06054
2.31741
1.28404
2.87994
2.48336
0.664687
2.85046
2.38953
0.827046
0.517881
0.530699
1.9498
1.37958
2.85063
1.69242
0.393976
2.23333
0.207093
2.4373
2.81175
0.9348
2.10404
2.748
0.659902
2.69921
2.33655
2.7169
0.224696
1.17654
0.628712
0.947618
2.5689
1.15911
2.06353
0.813886
1.90382
2.81465
0.330912
0.865157
0.723307
2.83559
2.6317
0.265285
2.23683
2.08994
1.47383
1.15322
0.838496
2.36253
1.60004
2.41115
1.15193
1.37291
1.68225
0.329545
2.38483
2.25896
2.62273
1.85571
0.934544
1.91186
0.897287
1.5128
1.17953
2.35193
2.37919
0.478488
0.594787
1.13117
1.08118
2.10857
0.72963
2.15061
0.253066
0.795001
1.78445
2.88037
0.67195
2.04508
1.52365
2.16924
2.76287
1.06793
1.06409
1.43179
0.587866
2.55941
1.87383
1.4006
0.340483
0.567699
2.12079
0.82978
2.18257
1.13322
1.90827
2.13976
0.462081
0.98385
0.334416
2.38842
2.74928
2.17898
2.31357
2.55736
2.32698
1.18552
1.29601
2.34048
2.57565
1.47562
0.626148
2.22273
2.68733
2.13275
0.473531
2.43568
1.1486
0.354326
1.87562
0.977953
2.0285
2.33741
2.43046
2.68896
2.10916
2.03525
1.57569
2.36082
2.69801
0.673659
1.19192
1.47921
1.75642
1.31224
2.66742
1.97825
1.78547
0.939671
2.96249
2.99769
0.303055
1.19004
2.01055
2.83012
1.1527
1.36787
1.59312
1.24593
2.27964
0.469259
2.42653
1.58244
1.01265
2.68631
1.99833
2.18522
0.488998
2.68289
2.68998
1.7906
2.25956
1.12912
1.92365
2.83397
2.31177
1.58176
1.87127
0.87336
0.748601
2.79816
2.06234
2.91651
0.360137
1.97116
1.22858
1.23576
1.52561
0.573254
2.52301
1.46204
2.2834
0.296048
0.850203
0.742619
2.60658
0.373724
2.44661
0.75219
2.12173
0.577526
2.24657
1.74249
1.50741
1.56885
2.77364
0.82038
2.41158
1.29831
2.89259
2.24042
2.12369
1.53886
0.96129
1.29934
0.240162
0.83918
2.31963
2.82158
2.36039
1.98637
2.85106
2.22034
1.6502
1.86443
2.95796
1.32514
1.71139
2.99667
1.28481
0.960863
2.79423
0.658193
2.92873
0.467122
0.789361
1.64892
2.67349
2.14403
2.23974
0.610254
0.386285
0.414142
1.20543
0.777398
0.713053
1.28601
2.4238
2.25178
1.01043
1.50699
2.99863
2.68195
0.852425
0.995044
0.257509
0.641359
0.64828
0.333476
2.41568
1.78906
0.310233
0.919761
0.480966
1.30147
1.9069
1.55262
1.24106
1.46306
2.04226
0.647682
1.36761
1.5034
0.294937
0.667507
2.47627
1.76676
1.05836
1.55356
0.379278
1.30404
1.51553
2.14907
0.769451
2.97248
1.89015
1.99774
2.97078
2.3316
2.70784
2.90925
1.19543
2.42303
2.80756
2.67486
0.944115
2.72117
2.03935
2.72476
1.98535
1.54245
2.78646
2.51181
1.55416
2.20111
0.248537
2.4103
2.80594
0.597522
0.425593
1.9169
0.962487
0.528904
2.53677
0.941978
2.18966
0.807819
1.61431
2.1777
2.84226
0.477035
1.20987
2.731
0.914292
2.60761
2.34886
1.00949
0.933091
1.36872
0.671523
1.44657
2.93266
2.85576
2.70006
1.05418
1.14578
2.76424
0.76458
1.99013
2.65178
2.19769
1.53083
0.52822
2.01653
1.49648
2.86336
2.21794
0.563427
2.97556
2.76287
2.42132
0.712284
1.65738
2.31604
1.61517
2.42346
0.489596
2.3938
0.244777
2.18496
1.13322
0.836702
0.518906
1.9809
1.20902
1.06477
1.93023
0.676223
2.29109
2.44798
1.09203
0.458577
0.732707
2.97744
2.27725
0.772271
2.01457
1.37223
1.64619
1.18253
2.70041
1.16099
1.95287
2.40859
0.289639
1.07477
1.11545
1.7612
0.253407
2.28964
0.239308
0.224183
2.14104
2.8555
2.47994
0.615552
1.24602
1.44956
0.732707
2.86704
1.71754
0.391156
1.1386
1.05888
2.00577
2.05618
1.99124
2.24802
1.72822
2.62777
0.233753
1.72608
2.04473
2.52156
1.13399
1.94612
1.02854
1.02239
2.52335
1.35377
0.920786
2.87097
1.98902
1.16279
0.756206
1.53578
1.20517
1.10963
2.44781
0.510874
2.59214
1.42692
1.01683
0.974194
0.489938
1.67225
1.05717
0.34561
1.23491
2.44943
2.12027
2.88182
1.52502
0.660756
0.708609
2.84473
1.46366
1.12749
1.96612
2.98274
1.26755
1.61474
1.95091
0.859944
2.0273
2.10028
0.780132
2.97342
1.50793
0.923521
1.93305
1.99295
2.57633
0.652467
1.99996
2.2646
2.84362
0.306046
1.76522
0.911643
2.71066
2.36979
0.910788
1.2737
0.402008
2.84089
1.62935
2.41841
2.77868
1.14305
0.231874
2.26691
0.914292
0.945225
0.440547
2.86644
0.825251
2.32373
2.25187
2.15129
2.33894
1.10519
2.85798
2.72715
2.49062
1.42743
2.71519
2.41722
0.434565
1.35531
2.84525
2.70775
1.85802
2.38987
0.457723
2.63034
2.68408
2.7081
2.58188
0.217859
0.452937
2.57035
0.39295
2.67366
1.96757
1.33369
2.32416
2.98735
2.79141
0.507456
1.44777
2.54018
2.38628
0.690066
0.416108
1.03256
2.47789
1.22329
0.24828
2.47464
2.03542
1.60209
0.650246
0.574706
0.854305
2.27793
2.15616
0.665883
2.72818
1.09143
1.77847
2.30605
2.19838
2.57454
0.453963
2.48925
1.86862
2.75638
2.77338
2.40748
2.27161
0.313736
2.08191
2.09806
2.87575
2.30126
1.4388
2.31587
1.01854
2.49883
1.92279
0.766802
2.15625
1.41641
0.370904
2.04106
0.21427
1.1897
0.838752
0.38244
0.228626
2.40782
0.669216
2.23298
2.86379
0.508054
0.256996
2.88737
0.596069
0.376543
2.99752
0.998889
0.349455
1.99201
1.30558
1.67063
1.97031
0.9489
1.99449
2.27093
0.530442
1.50049
2.89934
1.31122
0.644606
1.95544
2.03516
2.12258
1.5903
0.46849
1.57586
1.26934
0.217518
0.661354
1.14142
0.636488
1.23593
0.711258
1.48169
2.32929
0.666482
1.34565
1.84332
2.92147
2.04602
2.37911
0.907968
2.19103
0.370818
0.831147
1.3894
0.879342
1.76898
2.26221
2.97633
2.61282
2.68554
2.36415
0.508567
2.92284
2.17197
0.845076
2.87515
2.90335
1.86435
1.84375
2.72006
2.44209
2.83909
1.31173
2.04508
2.16368
1.53365
2.40209
1.39504
2.62213
2.31963
0.49968
1.7154
1.87973
1.31557
1.33352
2.16727
2.41021
1.02692
2.6053
0.98966
0.464046
2.00158
2.57479
2.29417
2.43269
0.286477
2.43781
2.28169
2.14881
1.27584
1.53424
2.56744
2.86242
0.334587
2.62461
1.70164
1.02683
2.38868
1.07186
1.37454
1.63568
2.86644
0.365777
0.791839
1.84486
2.18
2.6288
1.70916
1.42
1.3348
2.53865
0.412604
1.9451
0.452767
0.507114
0.332365
2.93053
0.998804
1.95219
1.97842
1.55757
2.69656
1.69942
1.08349
1.39769
1.52177
1.55253
2.04371
0.442512
2.16052
1.26858
1.94108
2.98436
0.919761
2.57693
2.63888
0.482162
2.87746
2.87755
0.633753
2.35287
1.26037
1.45853
0.955992
0.223243
2.43687
0.468575
2.00141
2.58231
2.11104
1.08161
0.385345
0.969066
1.7084
2.29366
1.9057
1.8358
1.33711
2.7856
0.90062
2.02192
2.31545
2.09344
0.891391
2.77765
0.450716
1.51997
2.39526
1.8746
0.258535
1.0276
2.79731
2.74023
0.509079
0.949071
1.3683
2.55351
0.888656
1.9539
1.11664
1.04144
2.563
0.906943
0.56035
0.310147
2.03081
1.25841
0.70878
1.05213
1.45486
2.0015
0.739628
1.86366
1.2573
0.634864
2.05986
1.41282
0.967785
2.16958
2.63768
1.79291
2.11147
2.41448
1.29319
1.60107
2.72382
1.98167
2.23521
2.27844
2.48088
2.4455
0.331083
2.24888
2.43175
1.89639
1.79863
2.39517
1.52066
2.92318
2.00534
0.209314
1.88656
2.66529
0.265285
1.7542
2.72741
0.369024
1.31805
0.774493
0.316984
0.487631
2.17992
1.69498
1.96193
1.96116
0.852767
2.24213
1.48477
2.11498
0.380047
1.2279
2.42346
0.21316
2.73544
0.432856
2.93224
1.10553
2.43277
1.72591
0.572485
1.2044
2.34518
1.95774
0.981286
2.02969
2.8197
0.766973
1.80444
2.75954
0.57539
1.43495
0.281777
0.223756
1.67353
0.32664
1.47306
0.978039
1.04469
1.05734
2.70998
1.09545
2.86388
1.31942
1.26405
2.71425
0.657595
2.50959
0.816535
0.577868
2.63316
1.29173
2.11814
2.00645
1.5157
2.03516
1.02572
2.33484
2.38244
0.863533
1.70481
1.6573
2.17872
2.65375
0.983251
1.71498
0.807477
2.12096
2.04567
1.56313
1.87511
1.52826
2.25477
0.857039
1.78479
1.75813
2.08772
1.39342
0.863106
2.88233
2.37466
1.74411
1.60731
1.36958
0.427131
0.820893
2.54189
0.466866
2.64409
2.40833
0.370476
1.29242
2.5824
2.90113
0.512156
2.37808
0.879684
1.88579
1.10818
0.398334
2.01782
1.00179
0.987524
0.223927
2.71203
2.72117
2.27879
1.83623
2.11703
2.48319
2.15497
0.241871
1.03358
2.62239
0.400555
2.32373
0.706302
2.32707
0.485922
1.56569
1.99791
0.465157
2.83867
1.38983
1.52835
1.91681
1.59765
2.84268
2.36731
2.64811
0.339714
2.56727
2.2652
2.9671
2.06336
0.800897
2.21213
1.79667
2.91908
0.933946
1.11186
1.80325
0.973766
0.366887
2.55821
0.618543
1.89571
1.80607
2.30023
0.791498
2.04807
2.73185
1.9862
2.50831
0.878829
0.579577
0.971545
0.518052
0.694253
2.16958
0.579492
2.50147
0.903439
2.12292
0.60094
0.719291
0.820978
2.80329
2.82286
0.979833
1.31651
1.31856
1.37001
1.56108
2.59752
2.12318
2.65076
0.925913
2.41286
0.355864
1.49066
2.46858
0.365349
2.85319
1.04572
2.72767
1.42068
1.17295
0.278359
1.30609
1.89904
2.76851
2.98727
2.13301
1.43837
1.04862
2.97599
2.30656
1.81675
1.66251
2.14967
2.5548
2.51959
2.54531
2.12651
1.95134
1.54168
0.264089
0.95078
2.52523
2.90968
1.40017
2.69716
0.399786
0.212903
2.30502
1.55057
0.300833
2.0314
2.7686
1.35257
2.06926
1.34599
2.93668
1.39906
1.61705
2.42098
1.41504
1.07819
2.5642
1.64422
2.69767
1.73548
2.59265
2.21401
1.4564
2.35373
1.15646
1.15937
2.23068
1.03589
0.984619
0.581372
2.85328
1.67661
2.41465
1.20303
2.95018
1.41239
2.19316
2.1154
2.25272
0.235377
1.38376
1.20705
2.45875
2.76108
0.415766
0.565136
2.58026
0.333476
2.71527
2.93454
1.51519
1.4605
2.15249
0.723136
0.581884
0.761846
0.946165
2.44115
2.95129
2.02055
2.46003
2.86097
2.7169
2.32348
0.32946
0.58573
2.53882
2.4802
0.75706
2.91489
2.19906
1.10579
1.41307
1.29139
2.60684
1.15646
2.97872
2.82243
1.1897
0.304849
1.97005
0.356377
0.809357
2.34279
1.68054
0.207776
2.53941
1.39855
1.07793
1.21491
1.64183
1.3571
1.29464
2.21829
1.8805
2.66973
0.748686
1.64832
0.308695
2.1407
1.73292
1.90938
2.46892
2.27998
2.30844
1.84597
0.540611
0.206494
1.94262
1.18176
2.37663
0.293142
0.326554
0.215894
1.9615
0.937535
1.01085
1.86648
1.6338
2.44866
2.09652
2.14625
1.80573
0.435249
2.41918
1.36112
1.32087
0.484555
2.66409
2.51574
2.58539
1.71805
1.84811
1.21602
0.210852
1.81171
2.20829
0.754839
0.50737
1.86973
0.532237
0.669558
2.96163
2.13659
1.37043
0.856783
2.24085
0.537791
2.16479
0.334758
0.657509
1.83486
2.53412
1.93826
2.83397
1.78231
1.75189
2.03491
2.1025
1.67524
0.254518
1.75035
0.381414
0.873788
2.8179
1.98936
1.06135
0.292373
2.83867
1.93997
2.6417
0.841829
1.35958
2.54993
2.65281
1.8106
1.07434
1.06016
0.403717
2.77389
0.951122
0.486178
2.49071
2.81722
1.7107
0.531297
2.80483
0.662978
2.99872
2.22213
2.5771
0.68605
2.48712
1.1521
2.99727
0.40705
2.94497
1.62149
2.34407
0.850801
1.11322
1.36052
2.96565
1.35659
0.824055
1.52408
1.24567
0.628541
1.79897
2.84473
2.29434
2.01354
0.966332
0.631446
1.70062
2.79329
2.5336
1.10357
1.2843
1.87956
0.852596
1.74309
1.18406
2.89891
2.3157
2.95847
1.62047
2.25452
2.71929
2.14215
1.47007
0.753215
0.333048
1.01333
1.78898
0.384832
0.312711
2.5313
1.4235
2.44123
1.09212
0.266396
1.24414
2.16232
2.39432
0.919077
1.34241
1.69806
0.297501
1.67046
2.12583
2.97172
0.594531
2.25554
2.05037
2.23324
1.8822
1.44409
2.92668
1.09024
2.01867
1.81812
1.53826
2.60359
1.78675
0.532664
0.908908
1.63525
0.600085
1.14775
0.356719
2.43653
2.88925
1.81914
0.47225
2.66289
2.00637
0.534715
1.75847
2.00414
2.28494
0.68511
2.27033
2.61675
1.29284
1.65465
0.990173
0.745952
1.31574
2.52164
1.07836
1.12587
2.90814
0.754241
2.9348
0.342875
1.95031
2.7903
0.810041
1.55356
1.84819
0.387652
0.90361
1.14031
0.713309
2.43397
1.8852
1.29575
1.56142
0.501816
0.578808
0.321598
2.56556
2.63803
2.94625
0.62931
1.40316
2.47319
2.30553
0.231617
1.53305
1.34087
2.926
2.11053
1.24038
0.892587
0.533348
1.65029
0.887289
2.69554
0.664602
0.523521
0.806452
2.30237
0.409613
1.61577
2.8749
0.27947
0.476864
2.57889
2.2059
0.881222
1.121
1.39795
1.59671
1.25712
1.26934
0.76176
1.56868
0.681179
1.9856
2.22213
1.43828
1.8893
2.80731
2.13087
0.655544
0.412604
0.495236
2.74202
2.24888
1.195
1.13219
2.86601
2.01201
2.38073
1.90801
1.06358
1.67174
2.36202
1.12912
0.967443
1.67362
0.771245
1.18987
1.31831
0.623243
1.9081
1.44315
2.30391
1.82034
2.48661
1.70737
2.3868
0.723136
2.9918
2.14753
0.41081
1.3812
2.13155
0.669216
2.37176
2.07362
2.4731
1.56005
2.83952
0.989319
0.74937
2.91933
2.02192
1.3894
2.12506
1.81068
0.45439
2.68614
1.10775
1.47802
1.50528
1.67755
1.99389
0.758684
2.88285
1.57629
1.93459
0.435078
1.73266
2.66691
1.11057
1.05965
2.91241
0.232557
2.30391
1.79145
1.83085
2.78748
2.75168
2.78287
1.43999
1.05033
2.17231
1.05153
1.16637
1.50083
1.84973
1.97834
0.570092
1.75206
1.864
2.76535
0.318778
1.97945
2.15505
0.794147
1.26328
2.44234
0.507627
2.82081
1.00402
2.93617
1.54587
1.14373
2.73433
1.81231
1.82179
1.88571
2.14813
2.00406
1.4899
1.52262
0.800983
2.09464
2.0508
2.40047
0.51019
2.26648
1.45477
2.57599
1.98253
0.367913
2.05089
0.319291
1.45648
2.33612
0.669472
1.81572
2.94762
2.61171
1.5263
2.40363
0.682974
0.785089
1.63482
2.68776
2.51344
1.71045
0.614783
1.86323
1.28994
0.924546
1.38453
1.5891
1.39359
0.609229
0.423884
1.94903
1.80419
1.93424
1.29635
0.435078
0.89686
2.21777
2.51677
0.694937
2.75339
1.54253
1.85289
2.77663
0.575475
2.46516
1.74813
1.21055
0.988977
1.85554
1.95245
1.86691
0.423713
0.504636
0.449947
2.72271
2.56009
1.53741
2.76996
2.67964
2.02619
0.868575
1.96817
0.367913
0.936338
2.33971
2.16813
2.27494
0.256056
1.9727
0.347404
2.1348
1.78206
1.9809
2.05824
1.31771
1.92425
1.77095
2.5683
1.35599
1.87887
1.37659
0.711002
1.94407
1.37701
0.960094
2.13207
2.7504
0.599744
1.0188
0.817817
0.378509
2.64478
0.9348
1.99748
1.21525
1.93245
0.505576
2.50122
2.30194
1.34061
2.09182
2.86635
2.96881
1.45255
1.22115
0.876009
2.16761
1.90861
2.4849
1.61953
2.2417
0.246999
0.96505
2.16069
2.06934
0.222132
2.42944
2.70297
0.319889
0.987951
2.93224
2.33758
2.95838
1.53288
1.05734
0.463192
2.53668
2.95574
2.64256
1.16415
1.81008
0.968212
1.62141
2.43414
1.61431
1.61243
0.420466
1.13433
0.342106
2.18077
0.350139
1.1721
0.557018
1.12544
0.224952
2.58863
2.88079
1.34608
0.852681
1.0423
2.29272
0.640846
0.428755
0.575732
0.578381
0.911472
0.873104
1.9545
2.46516
1.90673
1.74847
0.263234
0.780987
2.69434
1.7953
1.64935
2.17642
1.84674
1.52391
0.498569
0.74467
2.73048
1.69763
2.53377
1.47887
0.883615
2.34817
1.5198
0.903439
1.87263
2.75774
0.667165
1.6173
1.81231
1.44708
0.416877
1.68618
1.33907
2.20684
1.6978
2.02141
2.0238
2.80876
2.34228
0.683657
2.81184
0.434993
2.1477
0.447639
1.4781
1.66362
2.67195
1.36625
1.88494
1.04555
0.449519
1.87161
1.22841
2.91386
1.71668
2.55035
2.86362
2.85943
1.33232
2.5301
0.893612
0.713053
1.58261
2.21615
1.71164
0.670327
2.35698
2.31357
0.682376
0.396368
1.98201
1.67473
1.55091
0.34937
1.80256
0.70784
2.36663
1.55937
0.594873
1.68515
1.90904
0.699551
2.70246
1.48699
0.80423
1.08853
0.779107
1.72156
0.917966
0.860457
1.82965
0.954711
2.41363
2.14053
1.43222
2.39047
2.06276
2.46328
2.83345
1.73711
0.595898
1.07178
2.60145
2.59821
0.279727
0.9348
0.32476
1.72472
0.509592
2.71869
1.64533
2.66742
0.604871
2.35313
2.11241
2.96454
0.793121
2.4267
2.34458
2.20496
2.17248
1.45119
2.78885
1.30241
2.23854
2.03038
0.562487
1.11895
0.763298
1.97253
1.06631
1.57526
1.41495
0.982995
2.45661
0.985473
1.50348
0.975134
2.06268
2.35304
2.84243
1.83623
2.43901
1.16629
2.51233
1.48673
1.73728
0.630934
2.11446
2.06986
2.0878
0.875924
2.70126
0.308951
1.07691
2.47199
1.57219
0.271181
2.80773
1.59859
2.92198
1.37266
2.432
0.398505
2.52779
2.66546
0.241017
1.45571
0.465072
1.44179
2.00209
1.53527
2.03739
1.9944
2.82884
1.12288
2.10857
1.3689
0.87225
2.9007
2.62512
1.54723
1.7213
1.6972
2.51583
0.899167
0.998547
0.649477
1.35599
0.339116
1.23969
2.91421
0.78449
2.22572
2.94454
2.46516
0.259902
1.04187
0.68605
1.71549
1.94493
2.69366
2.5665
1.10152
1.70472
1.46298
0.305191
2.36552
0.608289
1.8552
0.649989
1.47545
2.71955
0.375433
0.594958
1.71899
2.76535
0.4743
0.295706
0.508823
2.2687
0.897714
0.567614
2.8379
1.73454
2.68118
0.455159
0.920615
1.87468
0.222987
0.560265
0.958812
0.660756
1.67703
2.41653
2.96932
2.39184
2.09934
1.19637
0.610169
0.363811
2.18906
1.24089
2.14488
2.52976
1.65892
1.29626
2.27921
2.93651
1.27447
1.34822
1.21115
1.92664
1.39803
0.338347
0.62931
0.292972
0.275967
0.25298
2.99812
0.372698
2.30673
2.6699
2.66725
0.868148
0.325956
2.05054
0.743388
1.58398
0.948302
1.06776
1.46016
2.06499
1.00111
1.85247
2.38552
1.9251
0.889169
1.25003
0.602991
0.853194
2.12745
2.77295
2.00526
0.483444
2.07874
0.536167
2.63563
0.518479
0.334843
1.0646
2.01807
2.49225
1.77838
1.85836
0.609742
2.35988
2.76176
1.00453
2.11643
2.10352
1.44213
1.52245
0.806452
1.93886
1.90963
0.729972
2.56197
0.512583
2.74552
1.11861
1.00342
1.07742
1.24824
2.22452
2.22726
0.630677
1.16569
1.58278
2.6916
2.00696
1.96962
0.653749
2.58881
0.70878
2.311
1.80709
1.24294
0.466268
1.29319
0.651698
0.868404
0.910617
2.20068
1.80085
1.62756
2.95027
2.32049
0.756206
0.325871
0.436616
1.49451
2.00209
0.880453
0.907968
1.83956
1.99509
1.30096
1.99714
0.472591
1.53758
1.71925
2.69186
0.879769
1.42213
1.00581
1.23568
2.76501
1.03452
1.31087
2.85524
1.61688
1.40308
2.06678
0.302799
2.63136
1.58116
2.78936
0.801325
1.82683
1.05127
1.81675
0.779107
0.590429
2.63768
1.92211
1.58167
0.891476
0.6141
1.53766
1.14894
2.60068
1.6972
2.12839
1.64422
0.552489
2.0085
2.05225
1.62363
2.78842
1.29695
1.84512
1.53211
0.416449
2.70681
2.46644
2.31519
2.92882
0.978722
1.84503
0.732023
2.20949
2.57308
2.0614
0.359453
1.47511
2.20034
1.70361
2.67255
0.381671
1.24892
2.536
2.79004
2.53822
0.995984
2.21606
1.87255
1.06212
2.88943
2.19872
1.96073
2.81653
1.98799
2.56462
0.839863
2.1636
0.248622
1.70993
0.320231
1.27541
0.546678
0.635804
0.719462
1.83666
2.5166
1.77419
0.534715
0.777483
0.302371
2.0878
2.09225
1.67533
0.503867
1.18218
2.96163
1.66148
1.60577
1.76702
1.92279
1.87084
0.77868
0.803204
2.07268
1.27233
2.93873
1.87588
0.658705
2.3169
2.75228
2.32724
1.42811
2.24119
1.27558
2.49002
2.67853
1.26413
2.71468
1.75693
2.39927
1.51442
2.59402
0.824738
1.68985
2.72502
2.42123
2.85003
0.242555
2.13395
0.53574
2.05336
1.47853
1.82803
2.62811
2.91156
1.52271
2.96642
1.6179
2.47319
2.00671
1.32292
1.17825
1.33583
1.28626
2.78329
1.79333
1.02341
1.26114
0.435249
1.23747
2.89908
1.18492
1.89015
1.16227
2.75262
1.652
0.870797
1.68045
1.80068
1.34916
1.30677
0.832685
0.234779
1.36069
1.97065
0.426276
2.4567
2.41149
2.29665
1.5316
2.93779
1.43914
1.81555
2.32502
1.44076
0.879855
0.6464
1.16561
2.53976
0.657424
1.48067
0.792779
0.57727
0.261269
0.896176
2.53241
2.99641
0.502756
1.24055
0.398675
0.782867
1.53536
2.91848
0.380987
0.55847
0.72775
2.72339
1.99996
1.85922
0.977184
2.84841
1.0235
0.538902
2.24879
0.216065
0.828327
2.63444
0.931382
2.76321
1.69532
0.829524
0.59436
0.318607
0.325785
1.45614
2.73527
1.11194
2.46644
0.968981
0.703909
2.7492
2.53053
2.63298
1.39222
0.295108
0.302286
0.359111
2.67588
1.0981
0.212903
0.827216
1.59543
0.594702
1.67481
2.43311
0.466097
0.73339
1.56167
2.19684
1.90092
2.85328
0.523008
2.37159
1.93689
0.655031
0.619141
1.08733
0.2511
0.303909
2.76458
0.370647
0.254433
0.899338
2.66811
1.8746
1.24875
1.5504
2.15599
1.25892
0.238282
1.89442
0.966759
1.95655
2.77953
0.695962
2.70417
0.464217
1.659
1.36402
2.83585
0.295364
1.18594
1.02393
0.826789
1.13142
1.08708
2.78304
1.49314
0.710318
0.991028
2.62658
2.86413
0.78919
1.09101
1.78137
2.84089
1.51895
1.17116
1.58526
2.33877
0.7674
1.5862
0.899252
0.800385
2.32997
2.78005
0.700235
0.967528
1.96407
1.33283
2.29178
1.99902
2.78526
1.52168
0.970092
0.622132
0.962828
1.18475
0.78338
1.80547
1.652
1.6743
1.82128
2.63991
0.500021
0.687759
2.47268
1.316
1.86486
0.963341
1.68831
0.484811
0.681777
2.02799
1.6872
0.890194
1.91835
2.38526
1.74292
2.15881
1.75155
1.73036
0.28793
1.03726
1.60876
2.5806
1.57407
1.16202
1.60654
0.907199
2.12438
2.25136
2.5266
1.55783
0.817475
2.4044
2.06584
0.45627
2.23854
0.99812
0.498398
2.96659
1.13561
2.26623
1.4869
0.809699
1.62021
1.45025
0.779534
2.12079
2.94693
1.2091
1.73318
0.63213
2.7116
0.973766
2.79594
0.972741
2.50566
1.33711
1.49092
2.86917
2.46182
2.56351
2.03593
2.43619
0.531809
2.90763
1.13681
2.94574
2.53147
1.02922
0.693484
0.859517
2.79081
2.59197
2.35467
1.11485
0.247768
1.73198
1.85947
2.24982
1.42256
1.8869
2.50301
2.55591
2.30904
1.86947
1.26413
1.44572
1.42213
0.47524
0.53198
2.42277
2.43884
1.51203
1.76949
0.241102
2.66853
2.53668
0.450887
0.64264
1.39171
2.38902
0.211194
2.05866
1.90485
2.40893
1.14493
1.66447
2.10703
2.8244
2.59103
2.77313
0.66802
2.79859
0.542662
1.95706
2.41406
2.8226
0.4185
2.88455
2.36843
1.14211
2.93326
1.65781
2.08635
2.50481
0.604102
1.84221
1.31916
2.91677
1.43333
1.17125
1.84691
2.2946
2.50045
2.5178
2.91643
0.301346
2.80483
2.3169
2.72245
2.05388
0.494723
0.628626
2.16872
2.98769
2.22111
2.8285
2.94813
1.96911
0.951549
1.11169
1.77676
0.740654
0.385345
1.00162
0.822517
2.38697
0.304166
2.64631
2.56308
0.510019
1.39701
2.0931
0.712113
2.60043
2.69733
0.728092
2.65161
0.891134
2.5689
1.26823
2.6059
1.38436
1.57902
0.892416
2.59752
1.93527
1.39496
1.90049
0.420124
2.08225
0.84311
2.88746
2.46712
2.71143
2.86704
2.01901
0.253151
2.64127
2.72143
0.597864
2.06687
0.616663
1.94202
2.10728
2.59009
1.39855
1.62551
0.518564
1.52382
0.837385
2.75945
0.65204
1.65695
1.81752
0.739116
2.7774
2.21495
2.36014
1.8082
2.6411
1.92647
2.173
0.960778
0.709122
2.44661
2.53249
2.24392
1.81196
1.37154
0.987866
1.3953
1.77889
1.88477
0.573852
0.556249
1.0505
0.270754
1.4188
2.99633
2.65537
0.734245
2.83704
1.58611
0.939158
1.96279
0.592053
1.35838
2.43431
2.06883
1.81837
0.292288
1.2555
2.75099
0.289468
2.25956
0.811921
0.510105
1.71925
0.269558
1.42042
1.75838
2.58453
1.15262
0.808759
2.05849
0.95659
1.81512
2.6969
2.73202
1.62816
2.20846
2.04234
2.27161
1.62431
1.54604
0.938218
2.19769
2.38466
1.30737
1.35129
1.19466
1.10365
0.76646
0.686648
0.365093
1.91775
2.98171
0.768426
1.84016
2.22487
2.98505
0.221534
1.18193
0.426447
1.3078
0.444392
0.617261
2.77723
0.581286
0.758
1.53877
2.83115
0.348173
1.72087
0.511643
0.770818
1.02393
0.595215
0.423798
2.50908
1.3442
0.75407
2.21547
1.44717
0.237172
2.21504
2.82781
0.380902
1.45742
0.688614
1.20628
0.839778
1.11844
1.53014
1.59799
0.546336
1.26259
0.380218
1.97774
1.88571
1.605
1.28302
1.64379
2.06986
1.38923
1.6696
1.81829
1.48614
2.69195
0.993506
2.49071
0.916941
2.31442
1.60594
2.94172
1.71745
2.7985
2.65836
0.785174
2.04012
1.70412
0.420038
2.56608
0.39201
0.885836
1.39846
1.5498
2.41448
0.506345
2.84824
2.94411
2.96941
2.72425
0.258449
1.78718
1.02393
0.992822
1.605
2.14241
2.61692
2.30972
1.55424
2.43516
2.19718
2.35108
1.80743
1.97116
1.22072
2.83192
2.77201
1.07144
1.0934
2.22683
2.34792
2.26417
1.34728
1.59073
2.61624
1.76813
1.73839
1.41615
1.41777
1.1081
2.7533
0.464046
0.408502
2.8966
0.410382
0.507712
0.980773
1.02247
0.647255
2.72442
2.83593
2.08191
1.5762
2.4749
1.79675
1.48938
2.50079
1.80641
1.64892
1.50784
1.9768
1.6179
2.99462
0.232899
1.80837
1.22397
0.71066
2.37133
1.66353
0.856014
0.595813
0.448836
1.19953
1.23747
2.79492
2.4872
2.78406
1.37009
1.78838
1.58483
0.899167
2.67075
0.934288
2.6429
1.71805
0.993933
1.74967
1.66943
2.93847
2.6787
2.31946
2.10327
2.5636
1.35744
1.42017
2.79218
0.315873
2.06396
0.746464
2.86499
1.57244
1.37812
1.82683
2.93326
1.50835
1.74463
1.21653
0.26144
1.33668
2.30365
2.95651
2.14292
0.731852
2.3709
1.48314
1.91758
1.52416
1.90382
1.57928
0.671609
0.352617
1.49263
0.551378
2.25409
2.56462
0.212818
2.02235
0.24922
1.44794
2.27665
0.525999
2.14249
2.68554
2.82166
0.692715
2.91523
1.71703
2.97334
1.81017
0.909677
2.2981
2.11968
0.351335
1.79778
0.742106
0.734416
2.85336
2.69306
1.73352
0.887631
0.936253
0.243837
1.39949
1.37992
1.6502
0.744157
0.728092
2.63922
0.535911
0.498996
1.82
1.51536
1.78906
1.28447
2.46029
2.31339
0.912839
1.13664
0.30032
1.79897
0.649904
2.90959
2.53531
2.51694
0.776971
0.437983
1.96424
0.958641
1.75343
1.54373
2.1225
2.116
2.00893
2.92181
1.97253
1.35958
0.858748
1.34497
0.44012
1.97885
0.833796
1.02376
1.28498
0.921128
1.81265
0.759368
2.99197
2.66785
0.344328
1.92673
1.77086
2.18428
0.547362
1.32608
0.752873
2.48156
2.37449
1.53971
0.269814
2.12814
1.62927
2.83175
1.50511
1.447
1.12279
0.828156
1.20295
1.93809
2.95744
1.61534
1.32386
2.86191
0.925742
2.89336
2.9336
0.322367
1.81171
0.422773
2.61342
1.1868
2.18146
2.00209
2.67853
1.17945
2.6517
1.81188
0.292972
1.08733
0.222816
0.966417
0.36834
2.01508
1.46452
1.90647
0.532835
0.426191
2.74117
0.873531
1.45947
2.30955
2.66409
1.30164
2.04021
1.60577
1.3595
2.36501
1.89383
1.03495
1.33847
2.31818
1.49468
0.859603
0.956163
1.66695
2.81047
2.9225
0.849434
1.00718
0.735099
0.29545
0.338176
0.969237
1.80658
2.67913
1.38018
1.90502
1.69472
0.686819
2.66469
2.35586
2.74826
0.355351
1.43392
2.33783
0.287417
0.215381
2.42004
2.08361
2.13113
0.262294
1.08255
2.27614
1.64371
1.96321
2.13796
2.01303
2.39184
1.83845
1.36479
0.539586
0.69639
2.1548
2.87456
1.78675
1.76872
2.06746
2.63469
2.55198
0.917112
1.14946
2.0314
2.56052
2.7128
1.04478
1.86007
0.445161
1.20141
0.78338
1.32984
2.68161
2.44849
2.29536
2.8714
1.11493
1.30549
2.06182
2.53377
2.1195
2.0849
2.24042
0.359282
1.42427
0.631446
0.40141
2.12301
1.64508
0.676565
2.41474
2.02397
2.95915
1.56398
0.822089
1.71728
2.36048
2.23444
2.43422
2.07285
1.93279
0.555565
2.68964
0.649135
2.77859
2.08661
1.7125
1.26952
1.84033
0.562828
1.60739
1.48793
1.85307
2.98975
1.52835
0.732109
1.2637
2.83243
2.85918
0.512412
2.35766
2.1894
1.84315
0.281521
1.62619
0.436872
1.60047
2.33527
0.61615
2.6317
1.26772
1.34001
1.29677
1.56065
2.60162
2.67545
1.78197
0.723307
2.97966
0.379363
1.24567
1.33591
1.13929
0.882418
1.86793
1.04349
1.39026
0.919932
2.64828
0.228712
0.639051
0.209229
0.925571
2.00406
2.76244
2.07857
2.04003
1.77471
2.66759
1.43615
2.57565
2.8608
1.37693
2.86704
0.821235
0.864986
2.8743
1.04375
2.68673
1.2743
0.850203
2.64068
1.11169
1.78257
1.2843
2.33672
0.805768
1.02128
2.20145
0.496774
1.95544
1.58757
1.7401
0.317154
0.737577
1.85469
0.669558
2.02337
1.47528
0.453877
0.49404
1.9081
0.274172
2.31536
2.48079
2.59667
2.17744
2.55454
0.350139
0.326554
0.874899
1.49263
2.76518
0.430464
2.60667
1.89784
2.7568
1.60773
0.895834
2.5354
0.22461
2.97445
0.550352
0.71348
0.248366
2.47755
0.369536
1.11314
0.949413
1.46195
2.19385
1.58842
2.83807
0.776714
0.534886
0.826447
2.98581
0.409272
0.824311
1.3524
0.359282
2.03414
0.916599
2.3686
0.852852
1.2637
0.686306
0.714505
0.758684
2.58992
2.35492
2.83585
1.61004
1.80179
1.98586
1.64875
1.53766
2.46917
1.98526
2.38868
2.07404
2.87797
0.245289
0.929844
0.745097
0.405341
2.5683
1.46298
2.7862
2.92301
2.80833
2.21974
2.71912
1.81384
2.56898
2.53044
2.72937
2.59265
0.893869
1.90288
1.77924
0.515061
0.586926
2.40987
2.79568
2.76561
0.801752
1.87263
2.66922
1.40829
2.93565
0.328092
1.20312
1.4922
2.26665
1.66704
2.14839
2.89464
0.772015
2.13087
0.463192
1.09297
2.36313
0.754582
1.73446
0.650844
0.776885
1.04349
0.697842
0.206836
2.56018
2.5706
1.19543
1.55287
2.98385
2.18257
1.7066
1.58987
2.12591
0.702457
0.791668
2.94881
1.35915
1.21568
2.58394
2.06328
0.282376
0.426447
1.06845
1.68259
1.53185
1.17381
1.68626
1.01205
1.51032
2.79304
2.99803
2.06772
2.47276
0.211023
2.5495
2.23384
1.60338
1.66276
2.87148
0.410041
0.924717
0.716044
0.555651
0.736381
2.07336
2.09284
1.54134
2.08199
1.78214
0.573254
0.750908
2.08712
2.50464
1.27216
2.81354
1.1451
0.820466
2.97308
2.41166
1.51075
1.65875
2.00825
0.98966
0.924375
1.37624
2.77347
0.762444
1.138
1.72942
2.76236
2.35937
2.73117
0.576244
2.6106
0.243324
1.00419
1.74685
0.635633
2.24187
1.93664
1.11801
2.75997
2.92643
2.99735
2.53275
1.70558
1.57902
2.5953
0.998547
1.14715
2.88344
2.55685
0.804743
2.31117
1.47699
0.218543
0.394745
0.708695
0.502841
1.7219
0.431318
2.88934
0.898312
2.6981
0.492758
1.70335
0.357146
1.52989
1.63636
1.16065
0.304508
2.57906
2.66793
1.37266
1.02
1.76479
1.75377
1.06563
2.84824
1.48374
2.41389
0.952232
2.0332
2.45576
1.93228
1.04999
1.91476
2.68528
0.423115
0.432344
2.82405
1.52519
2.99017
0.901474
2.6153
2.63025
2.81594
0.669216
1.9727
2.58769
1.6197
1.93493
1.62816
1.01299
2.12036
1.64567
2.42901
2.09814
0.942235
0.528733
0.99154
1.3988
0.601965
2.48208
0.279897
0.650246
1.81265
0.210767
2.64572
2.39697
0.343645
0.397565
1.86691
2.02499
2.87387
0.294082
0.524546
1.78453
2.07481
2.62076
2.05242
2.7891
0.961803
0.262978
0.998804
2.37996
1.55142
0.85063
2.0379
0.443196
0.260158
0.308951
1.66729
2.8661
0.285794
0.667763
2.3304
0.520786
2.20479
0.816706
1.29959
1.56373
2.62623
2.29477
1.65994
0.236146
1.33839
0.799786
1.72814
1.95552
1.98611
2.70784
1.84691
1.88323
1.11553
0.886947
1.69037
0.358513
1.0247
2.29707
1.81897
2.78364
2.05712
2.45781
2.22102
0.548643
1.37582
2.07789
0.378253
0.985217
1.45503
2.92873
1.19398
2.13326
2.12805
2.65195
2.11899
2.711
1.827
1.18893
2.21521
1.87503
1.45418
2.11762
1.29378
0.756804
2.92096
1.98654
1.46392
2.36526
1.39128
1.33147
2.43183
2.24025
2.47011
2.46413
2.88575
2.84747
1.76992
2.51874
2.10549
2.099
2.89737
2.84508
2.93403
2.99051
2.89404
1.23465
1.84743
0.339116
1.57031
2.06909
0.862679
2.81252
2.97069
2.47533
1.81837
1.43392
1.00547
0.778594
0.968297
1.55364
1.48972
2.13822
0.423627
1.47169
2.6235
0.45439
1.18201
1.10032
2.9536
1.03384
2.68075
2.25486
0.853108
1.50152
1.61184
2.75809
1.35642
1.04597
0.936338
1.94792
2.7868
0.285452
2.23495
2.97488
1.4147
0.243068
0.733476
1.47614
0.584533
1.91792
0.939756
2.01534
0.946165
0.939158
2.22922
1.47392
0.22931
1.19261
0.318094
0.383294
1.5997
2.70442
1.56082
0.983166
0.231104
1.67165
0.807733
2.5959
0.335099
2.72647
0.963939
0.701944
1.48203
2.92096
2.58385
0.306558
0.853023
0.721085
2.43952
2.38261
0.660671
0.696475
2.20197
1.97885
2.97411
2.79363
1.77052
1.58039
0.78731
2.88028
0.789618
2.70938
0.768767
1.84905
2.48968
1.75198
2.52796
2.36612
1.38898
0.601624
0.637513
1.75394
2.19641
2.1037
1.44939
2.09558
1.04871
0.889596
0.539842
1.24653
1.62405
1.18996
2.42405
2.64392
2.8661
2.21068
0.374493
1.99816
2.8573
2.26221
0.784234
2.75629
0.379534
1.42922
1.50878
1.62397
2.29878
0.76646
0.227174
1.63328
1.51075
0.210425
1.05828
2.44414
0.786883
1.59269
0.269558
2.9671
2.45644
2.14343
0.516941
2.3944
2.86259
1.67233
0.852168
1.12732
1.131
0.414484
0.73621
1.6872
2.38671
2.32775
1.69481
2.69716
2.55864
0.831062
2.85516
2.82286
2.10728
0.969579
2.00056
2.15907
2.21538
1.7947
1.17988
1.14997
2.77646
1.34625
0.510874
1.3307
0.521213
1.22474
1.61337
2.37697
1.01769
0.341337
1.51032
2.55129
0.88276
2.43175
1.23508
2.63256
1.54347
1.72301
1.58082
0.816791
2.48481
2.14061
1.83085
1.07674
1.72173
0.841743
1.90664
2.86678
1.83281
2.6646
1.37197
0.262038
1.69344
1.87913
1.32907
0.419269
0.245119
0.628199
2.64589
2.64435
0.839863
0.446101
0.951036
1.15783
0.495322
2.64119
2.63486
0.443367
2.99983
1.5316
0.691946
2.66682
1.00376
0.721
1.84623
0.854305
2.4361
2.80081
1.79205
1.71711
1.58065
2.66768
2.7921
2.60846
0.953856
2.04362
1.26738
2.50284
1.1175
2.58581
0.418671
2.28374
2.96693
0.773211
0.714591
1.42666
1.22969
0.759026
0.886349
2.36655
2.51515
1.17441
1.4652
1.63593
1.84871
2.87302
1.4993
1.46178
1.43196
2.00201
2.89062
1.30857
2.7639
1.38881
1.78488
0.254433
2.6611
1.8294
1.05665
0.489169
2.7151
0.666738
0.923435
0.820209
1.12391
1.24678
1.72848
1.27481
1.63482
1.83922
1.12843
2.08635
2.93694
1.20996
2.92497
1.35078
0.440034
0.634608
2.97565
2.6429
2.97838
0.338347
0.223499
0.476949
1.17483
0.95078
1.08263
2.50335
2.00594
2.36373
0.814997
0.323563
1.90229
2.17812
2.5395
1.01598
1.72378
2.92856
1.50784
0.456783
0.346721
2.27298
0.887033
2.12446
2.99966
0.534288
0.683316
1.67533
0.685965
2.5818
0.847896
1.77847
1.63183
0.840205
2.2
2.69571
1.09366
0.413544
1.40538
2.29562
1.26704
0.311344
