0.416877
2.09951
0.584191
0.639906
2.62162
0.395001
0.424482
2.57146
1.96851
0.432344
1.97133
2.47609
2.05653
2.45225
0.790301
0.991968
1.16407
1.24106
0.256911
0.988208
0.698611
0.332621
1.50211
1.67661
2.21111
1.71455
2.44183
1.87298
2.16266
2.27785
1.77795
2.34467
0.631361
1.64772
2.45781
1.38274
2.34612
2.23145
2.07909
1.53587
1.03512
0.521641
1.12929
2.04294
1.07742
0.893954
2.54565
0.503012
0.24358
0.53292
2.68391
0.719205
1.51433
1.92784
0.382867
2.65409
2.96334
1.57313
1.81342
2.23452
2.89284
2.91181
2.99709
2.14377
2.80902
2.15924
0.484811
2.53642
0.624696
0.645375
0.880966
0.816535
1.47708
0.712369
1.30113
0.2141
2.14702
2.40432
1.05067
0.298441
1.66934
2.78851
2.61256
2.76595
2.51968
1.14424
0.630592
2.83927
1.76625
0.657082
0.976928
2.41619
0.974364
1.45623
1.39
1.30464
0.650246
0.831745
0.971374
2.68255
2.41278
1.07101
0.828755
0.318436
1.47947
1.54928
1.55253
0.493014
1.05512
0.713907
1.81325
1.35505
0.410724
1.3994
0.96787
2.25366
2.23871
0.309378
1.56236
2.18112
2.27374
2.70502
0.616834
1.06503
1.16586
1.1357
1.98338
2.24802
1.59346
1.25097
2.26118
1.89007
2.60316
2.72963
2.15813
2.83431
1.76471
1.56458
1.38633
2.27067
0.329032
2.94129
0.978381
1.93724
2.37475
1.74505
1.91237
1.39521
0.332963
1.13852
1.53262
0.715702
2.27691
1.04281
1.85477
1.11587
0.963341
1.76214
0.44106
1.88195
1.61431
2.18966
0.33527
1.71566
2.82619
1.42999
1.34241
2.84371
2.79312
2.87832
0.743132
0.825251
0.833454
1.59184
2.12907
0.39671
2.00568
1.59192
1.64584
1.09084
0.401666
1.93433
0.733647
1.36684
2.10472
0.984106
0.649989
1.39086
1.80017
2.53523
2.66469
2.80201
2.02593
0.408332
2.81243
2.40329
0.249648
0.768596
2.29254
0.514377
1.96193
2.79765
2.80107
1.32292
1.7706
2.55907
2.28528
0.77304
1.88562
2.29442
2.40577
0.928391
1.58141
0.386712
1.19492
1.54578
1.82341
0.230079
1.7994
2.19957
0.647511
2.04183
2.39304
2.09131
1.07896
1.85495
0.948729
2.88455
1.57919
0.929331
2.35672
1.7013
2.00645
2.21743
2.77552
2.01696
0.680154
2.72373
0.304764
1.59304
1.5339
0.394061
1.26687
1.98312
1.34634
1.97364
1.18355
1.55125
1.23687
2.86934
2.13711
2.53924
1.21372
1.05648
0.802521
2.52044
2.36176
2.06499
0.437812
0.778423
0.657338
1.48357
0.720829
1.14681
2.59915
2.82004
1.91946
2.64837
1.83956
1.1539
2.48293
1.47093
0.207434
1.62021
1.34172
1.21782
1.10801
0.35988
0.804059
1.76941
2.68639
2.57778
1.73506
2.89447
2.74493
2.54129
0.907285
1.34753
0.799786
2.96138
1.81094
0.791498
0.864815
1.39017
1.20842
2.08105
0.350053
1.4752
1.92365
1.6455
2.26332
1.90562
2.95223
1.90869
2.50088
1.28934
0.580175
2.6828
0.615552
2.59846
1.99876
2.67409
2.65067
2.21906
1.10237
2.43747
2.82448
0.445674
1.95877
1.51818
2.2564
1.65448
0.436616
0.717838
1.11921
1.79556
1.08007
2.22145
2.80688
1.44033
2.11592
1.72429
2.90395
2.822
0.483016
1.69558
1.54587
1.10587
2.96975
0.715787
0.755693
1.1292
2.94702
2.02636
2.94608
2.64435
1.18594
1.82786
2.97342
2.10669
2.24589
0.465499
1.13219
1.64234
0.521128
2.63897
1.47605
0.43354
2.23418
2.17291
0.45439
1.16022
2.26187
1.4881
0.250844
1.13373
1.28302
2.50857
1.41196
0.761419
1.73514
2.34228
0.752361
1.77983
0.866012
0.475069
2.32647
2.69203
0.570006
0.41286
0.250246
0.248708
1.89511
1.31019
2.76535
1.61038
1.1081
1.72386
0.328092
2.82576
2.80671
2.62794
0.31536
2.66734
2.56445
1.02803
0.331596
1.85913
2.19744
0.511814
0.306046
0.735185
1.73882
2.07481
0.967443
1.36556
0.410297
1.55655
2.0831
1.98825
1.07639
1.82726
1.25106
0.983935
2.87037
1.6602
1.03162
1.03153
1.67857
0.229054
2.80585
2.68075
2.77082
1.56663
0.749883
0.381158
0.864302
1.92228
1.91083
1.00402
1.90895
0.357402
1.77274
2.29391
2.68084
1.51382
2.89985
1.689
2.47199
0.494296
0.444734
0.946593
2.16428
2.79304
2.50934
1.41188
0.573168
2.01124
0.744072
2.96633
2.15129
1.89878
1.17706
1.49502
1.13749
2.6564
2.65546
0.709293
1.03939
1.63696
2.09079
2.36167
0.937791
1.18458
0.693741
1.89169
1.89836
0.94702
0.7862
1.14023
1.38069
0.999744
0.977868
0.768255
0.930442
1.5198
1.69583
0.819355
0.64247
2.94634
0.853536
2.86259
2.88242
0.764409
2.84721
2.95266
1.55501
1.25208
1.06699
2.44661
1.80538
1.92527
1.91117
0.712711
1.64166
2.22025
2.88874
2.37039
2.76646
2.14984
1.20073
0.296902
1.70344
1.27148
1.38616
0.641615
0.50925
0.504892
0.419269
0.681094
2.15471
2.33612
2.84815
2.55582
1.86554
0.745012
