0.459261
1.70284
0.209058
2.38107
2.19017
0.996496
1.64995
0.951122
0.825593
1.77958
2.85029
0.248109
1.20244
1.76052
0.62837
2.18402
2.28374
2.55309
1.63491
1.33326
0.566332
2.6035
0.518906
0.384149
1.47862
2.54916
2.0032
0.263747
0.35407
1.04478
1.5551
2.47464
2.37159
2.49472
0.340996
0.980859
1.04674
0.726725
2.75262
1.1815
1.46358
2.04832
2.1906
1.3066
2.23333
1.31882
1.3953
1.77676
2.76843
2.47909
0.211109
0.260756
0.258449
2.77236
2.67118
1.57022
0.936424
1.29677
1.49075
2.92865
1.62158
1.52536
0.257851
0.551634
2.52805
1.23149
0.606153
0.477462
1.7248
1.05751
0.659389
1.18304
1.43674
2.76347
2.03465
0.924717
1.77163
0.394147
1.69131
2.94095
0.863106
2.60205
2.31433
1.45392
2.2153
2.56172
0.717154
2.80816
0.637684
0.916343
1.95544
0.282888
0.757146
0.99154
1.83418
1.7166
0.294766
0.514377
2.30117
0.480538
0.495322
2.67571
2.40927
2.93916
1.09596
0.772869
1.33865
2.93412
0.222901
1.27063
0.964708
2.4314
1.40299
0.316813
2.45977
2.46618
0.476608
0.952318
1.21491
1.92485
2.20188
2.8496
2.57223
1.10211
2.93497
1.42102
1.05119
2.76834
0.37586
0.931809
1.56031
2.0872
0.366802
2.85593
2.87866
2.9201
0.529331
2.11216
2.2963
1.45375
1.93014
2.81944
0.501389
2.69075
0.560607
2.20598
1.20056
2.33835
1.41974
1.91254
1.35941
2.43474
1.3859
0.925571
2.95343
1.64892
0.466524
1.37889
2.91344
0.592737
1.6126
1.05999
0.555394
2.28212
2.68528
1.05999
1.58141
0.484213
2.36261
2.40414
1.9386
0.49028
1.17338
0.499509
0.624696
0.648878
2.64606
1.63901
2.32732
1.59893
1.35941
0.397992
2.98351
2.33954
2.08421
0.961205
0.349028
2.4737
0.800983
1.61782
0.262893
0.563939
2.58359
0.262294
1.89579
2.33741
1.53416
1.73771
2.6693
0.677078
0.558898
0.859346
0.534373
2.73775
1.77078
0.357231
0.695364
1.72335
0.506687
1.17347
1.66789
2.26392
0.547703
1.9521
1.35727
2.52873
2.32869
1.16048
0.846443
2.81414
1.32506
2.27802
1.77941
2.54292
1.60526
1.49007
0.228028
2.21282
0.534458
0.325871
0.930955
0.231703
2.81901
0.275625
1.5897
1.17757
0.277505
2.22666
1.91194
0.21897
0.727836
1.35411
1.08802
2.23657
0.374578
0.305448
1.98859
1.17902
2.68887
0.515146
2.5706
0.595557
0.562828
2.88695
1.17988
0.878488
2.33151
2.88173
1.83674
0.555394
1.64473
2.84918
1.39308
1.56885
2.58094
1.43862
0.648195
1.47887
2.78671
2.52899
1.71002
1.72856
1.23183
0.713138
2.89062
0.907883
0.567272
2.57659
1.02247
2.15497
0.671523
1.60457
1.28379
0.830891
0.975903
2.35979
2.41893
1.20688
2.55343
0.563256
2.24341
0.299979
2.36099
0.719291
2.51959
1.59654
1.42051
0.321
2.09113
2.39825
2.52848
2.67315
2.16308
0.731681
2.479
1.3706
1.41615
1.95629
1.99047
1.27088
2.04191
1.0082
1.92126
2.19521
1.58603
1.62029
0.563341
1.79932
2.88874
0.851741
2.6
2.64837
0.207349
0.268703
1.31651
1.53612
1.81188
2.91036
0.650844
2.08353
2.33698
1.37958
2.27075
0.655458
1.58193
2.99624
1.86657
0.633668
2.64281
2.1477
1.04631
2.28186
2.06687
1.7783
0.61991
0.841401
2.91472
2.55163
1.26182
1.69549
1.81871
2.82448
2.53745
1.23807
0.525486
0.77116
1.08263
1.08648
1.40897
2.59342
1.32267
1.47383
1.04204
2.95463
0.318949
2.25999
2.91489
0.3768
2.12984
2.19727
1.78599
2.53548
0.874642
2.49028
2.75518
2.99205
1.88699
2.4849
2.34458
1.90006
0.545482
1.92613
0.276052
1.82367
2.16966
0.420978
2.832
0.804572
2.56761
2.94497
2.48729
0.616236
1.42418
2.42764
1.09989
1.94228
1.71592
1.45794
2.54779
1.61611
2.94129
2.1436
2.89874
2.86063
2.95283
0.964196
2.00201
0.463619
2.17932
1.65473
2.98821
2.22854
2.62598
1.75616
1.16535
1.03555
1.03786
2.27323
1.59868
0.853536
2.21752
1.67345
2.4608
2.63717
1.48101
1.26772
0.2417
0.249049
1.44213
2.80833
1.50408
1.54407
0.910959
2.94258
2.07165
1.55151
1.49528
1.75967
2.34006
1.29515
0.491391
2.06764
2.79543
1.98722
1.65225
2.63845
0.828755
0.933946
1.22089
1.25824
2.9348
2.89037
0.415766
2.42166
0.580944
0.401495
1.75633
0.704593
2.23623
1.26917
1.21525
1.85742
2.64452
0.678188
0.786456
2.25144
1.43264
1.32403
0.254604
2.7198
2.53967
1.4758
1.15518
2.62794
2.95369
1.11399
1.31113
2.61299
0.245717
2.08003
1.73506
1.02726
2.1871
1.97449
1.48349
1.32634
0.736808
2.54266
2.25093
1.43623
2.88951
1.484
1.09084
1.9392
2.26734
2.42346
1.45281
1.31506
0.747319
0.781585
1.32036
1.07528
0.408332
2.68255
2.64008
0.227174
2.28784
1.03418
0.826533
1.90733
2.23358
2.32254
1.3342
0.418671
0.739885
0.253236
2.47917
2.3122
0.254775
0.98103
2.7028
2.14805
1.24516
1.66268
2.2617
2.97513
1.30857
1.87221
1.53254
2.1659
0.218628
2.81534
2.31989
1.84443
1.1915
1.07956
0.352873
0.944713
2.86029
1.8605
0.56035
2.93685
0.246571
2.39774
1.30959
1.85871
0.414997
1.36138
1.59868
0.291092
1.09878
1.7248
2.58787
2.31297
2.38441
1.26165
1.45811
1.47383
2.54147
2.6047
2.18581
2.02354
0.487289
0.603247
2.01782
1.03307
0.771758
1.31891
0.638282
0.447127
1.57099
2.39329
2.01149
1.90399
0.776971
0.329203
2.69007
2.96086
0.671609
2.02089
0.975646
0.762786
1.47041
2.4696
1.11903
2.19145
0.625806
1.22508
2.14813
1.73189
2.17693
2.68819
1.51006
1.69541
2.63119
2.81175
0.316471
2.43448
2.46943
2.53984
1.17808
0.788678
1.35727
2.92027
2.21666
2.79902
0.954454
2.62846
0.641871
2.12626
1.40658
0.441401
1.08092
0.214014
1.40846
0.998376
2.8473
2.83149
1.9257
1.18449
0.536937
1.83324
1.06315
0.27759
2.94044
2.77646
2.5659
2.7938
1.05563
0.829267
0.241957
1.16919
2.1918
2.01115
2.79415
2.41679
2.14993
0.599402
2.54599
1.89391
1.26892
1.34335
2.9542
1.92032
0.723136
2.91959
2.78945
0.781927
0.860543
0.468404
1.47759
2.25888
2.36757
2.04909
1.88605
2.01568
1.24943
2.04875
2.24435
0.9906
0.812433
1.58586
1.08494
2.12147
0.836103
2.14352
1.29378
1.34557
1.12297
0.870455
0.756206
2.01192
2.01243
0.588379
0.486093
2.04217
2.64837
1.34112
0.927366
2.5783
1.98466
0.525401
0.512668
1.45469
0.520273
2.0385
0.769024
0.63213
2.14719
2.68238
1.25704
2.13053
2.90173
1.0599
2.63085
1.99833
2.40577
2.80261
1.10639
1.65704
2.38483
2.96479
1.02717
1.35633
2.85131
0.624781
0.81175
0.679043
2.3398
1.32848
1.37377
1.63303
1.58278
0.81269
0.699551
2.86618
0.212989
0.847725
1.27293
2.94471
2.68118
0.234352
2.43226
1.22944
0.575646
0.594787
1.54988
0.289212
0.732536
0.792608
1.31916
1.18885
1.92228
2.82243
2.23854
1.18825
0.701688
0.20376
2.77791
1.99081
2.01867
2.51856
0.317411
1.67926
0.355522
2.72835
1.34446
0.874728
2.20111
2.5107
0.395941
1.85819
2.43653
2.2499
0.635292
0.390728
2.2241
0.921128
1.9498
2.17103
0.585815
2.10523
1.45708
2.06644
2.45926
1.37112
2.30724
2.85644
0.617518
1.66388
2.86866
0.424482
2.24341
1.13578
1.38496
0.93762
1.54117
2.85781
2.19103
2.54958
2.77748
2.04884
2.57411
1.56509
0.735698
0.261013
2.36928
0.405341
0.574194
2.15727
1.3759
1.70805
0.872677
2.31972
1.48255
2.30254
2.25751
1.72591
0.988037
2.19709
1.79017
2.53113
0.805853
0.314762
1.91006
1.19218
1.64029
0.516257
2.5154
1.37385
0.620338
2.44696
2.17231
2.27101
2.88062
0.745439
2.23888
0.587695
0.574621
0.751848
0.690664
1.00897
2.01081
1.45213
0.237513
0.602564
1.79547
1.39735
0.716044
0.789447
2.67298
0.733903
0.348259
1.11895
2.34894
1.88383
1.05204
0.487374
2.78492
1.61072
0.391241
2.03721
2.85123
2.21119
1.75377
2.5736
1.02632
0.966674
2.94352
1.93724
2.62957
2.39594
0.37586
1.96945
2.27477
1.24268
2.66221
2.50831
0.433198
0.338774
1.17159
0.451997
2.39158
2.8784
0.558214
2.12873
2.49455
1.24132
0.840376
1.80837
2.75774
2.70417
0.419526
0.995642
1.53954
2.17368
1.22696
1.74044
1.35958
1.08383
1.3847
1.00427
2.34937
2.1912
1.36958
0.519419
2.42551
1.00658
0.66614
0.378253
1.47067
1.60209
2.49831
1.99107
2.61102
1.92886
0.823798
2.64888
2.27699
1.58449
0.783551
1.72959
1.33514
2.36706
1.98851
0.784576
0.979235
1.35343
1.43495
0.742961
1.66635
2.83944
1.43504
0.871395
2.38731
1.2784
0.948814
2.72741
1.75821
0.758086
0.50643
1.34198
1.02025
0.750053
1.90767
0.471822
2.03585
2.47182
2.08643
0.555394
0.367913
1.99791
1.52767
1.81307
2.9313
2.05764
1.42367
1.92715
0.30126
0.257167
1.558
2.74014
1.56979
2.46328
1.10459
2.60846
0.233668
2.28605
0.32852
2.84892
1.40564
0.59906
2.57736
2.116
1.23192
0.432942
0.548814
1.54698
1.20816
0.780902
2.22478
2.91207
1.47682
0.253749
2.0561
0.208374
2.59752
0.52147
0.38825
2.93369
1.87443
0.878744
1.91408
1.87819
2.53087
1.87289
0.940867
2.47251
2.21675
0.930015
1.86101
2.9272
1.53792
0.719034
1.41085
0.204443
1.89306
1.98868
0.708524
1.85648
2.50754
1.61747
1.65524
0.769793
2.3504
1.21175
2.48994
2.85251
2.82286
2.19171
0.282974
0.302029
2.90481
1.09981
1.15834
2.89122
2.24777
0.273318
1.22893
0.308438
1.10186
2.81389
0.635719
1.59312
1.36283
1.39462
2.47644
2.29921
0.428498
2.64247
0.210767
0.228114
1.75104
1.43008
0.531553
2.76723
2.97291
2.8191
1.28755
1.06981
2.33373
0.388763
2.24614
2.51788
1.03589
0.289383
1.88391
1.50032
0.256484
2.55719
1.99133
2.34877
1.29216
1.02828
1.2802
2.46499
1.9257
2.99043
2.58103
1.8793
0.300662
1.10699
0.817219
0.477035
2.19333
2.35501
1.5451
1.53031
0.966076
1.71036
0.84499
2.37253
1.69404
2.52104
1.55322
2.05396
2.7492
2.10412
2.22111
1.21457
0.730314
2.50421
2.98821
1.61312
2.02816
1.35189
1.15903
2.94847
0.508908
0.358
1.06896
1.61149
2.60966
0.382696
2.627
0.205811
0.526426
1.01598
1.52459
1.67276
2.78928
1.60773
1.89579
2.46012
0.505319
2.08396
1.61756
0.570775
0.962999
0.487802
1.4376
2.13044
1.2802
2.38201
0.916941
0.308951
2.98778
2.6505
1.57458
2.63683
1.83307
2.43696
2.6223
2.15001
0.492502
2.15736
1.27669
2.00466
0.880026
2.52438
2.63649
2.99573
1.33924
2.12087
0.710916
2.01944
0.20658
1.06059
2.78979
0.516343
0.233668
2.07216
2.73903
0.931553
1.35428
1.74557
0.612732
1.43102
1.48656
2.47755
2.1665
0.510788
1.25567
1.45401
0.460286
2.13651
1.52442
1.2062
1.94048
2.2511
0.821064
0.878658
1.18441
0.48746
1.15022
1.54706
0.298868
1.12519
1.2743
1.52168
2.358
2.32613
2.75492
0.976159
2.06815
2.0896
2.23854
0.237172
1.04819
0.361675
0.877633
2.674
0.911985
0.538731
1.57193
0.923606
1.54014
1.00026
2.51762
2.19205
2.53001
2.31032
2.55428
1.36531
1.60978
1.12442
1.59406
2.4708
2.00568
2.03927
0.422346
2.82525
2.94796
1.62303
2.75766
1.20645
2.10523
1.06315
1.45614
0.38714
0.933262
1.67071
2.15155
0.968126
2.52591
0.476351
1.81461
1.64755
1.35608
1.75787
0.722111
2.86524
2.0943
2.93497
1.72164
0.957872
2.49148
1.4699
2.47994
0.564367
2.71485
0.811237
1.80231
1.61688
1.32284
0.417389
0.510703
2.657
1.06828
1.09887
1.16817
2.01278
1.51553
2.31553
1.13621
2.17599
1.66046
0.266909
2.85396
1.71523
0.740056
2.61359
2.22529
2.46345
0.819953
1.46511
1.40282
2.31775
2.14565
1.67515
1.25473
1.38744
0.447127
1.27815
0.202905
0.229737
2.38338
1.50741
2.32023
1.10929
1.11271
2.03055
2.57283
2.21906
0.98009
2.84089
2.4972
1.40094
2.5054
2.04123
1.79761
2.10344
0.261611
2.55915
2.35202
1.71207
2.83123
0.228455
0.91489
2.59351
1.42615
2.6787
1.40265
0.787054
2.7615
1.06443
0.650844
1.08443
2.36766
2.87832
0.929759
2.23247
2.73125
0.27947
0.305875
0.998376
2.84952
1.77898
2.93762
0.833967
1.98791
1.71754
0.390728
1.07656
0.227601
1.3736
2.46473
2.82397
2.18966
0.940269
1.41239
1.82145
0.924375
0.606409
1.2455
1.69806
1.55347
2.7821
1.61004
1.08896
2.85148
0.503098
0.720573
1.98304
1.95433
2.85465
2.04089
1.23089
1.98372
1.24986
2.39782
1.35343
0.972826
0.201453
2.21632
2.5865
0.682461
2.42388
1.5633
1.09921
2.49438
1.90297
0.287503
2.9254
0.968981
0.772185
2.34262
2.94249
1.05683
2.83072
0.581884
2.83918
2.34792
2.34228
0.911216
0.604956
1.5498
2.1524
0.488485
0.283914
1.38043
1.36078
1.25593
2.52532
1.46238
0.586499
1.49425
2.27255
1.4082
1.46392
1.8852
1.72583
2.88199
0.806793
2.36979
0.516343
1.62653
0.876949
1.09066
2.03012
1.04247
2.59727
2.5054
0.617774
1.90767
0.34373
1.158
2.62999
2.62316
1.15663
1.39709
1.2126
0.974621
0.206494
0.327409
2.60299
0.99624
2.55326
2.68246
1.46161
1.92416
0.635633
0.505148
2.97898
0.826618
0.329289
0.326212
0.493185
2.70058
2.20931
2.72408
0.757915
2.41901
2.85627
2.9571
2.79586
2.31903
1.24302
1.55441
2.87703
1.81709
2.2388
1.15262
1.55928
0.438838
2.26947
0.865499
1.32728
1.05178
2.37005
0.876009
1.568
1.48725
2.86823
0.53574
1.82145
0.539927
2.53583
2.66161
0.442256
0.932493
1.24525
1.71438
2.41081
1.63226
0.96975
2.15078
1.0311
1.30754
1.36291
2.6317
0.45251
2.51207
1.55766
0.778253
1.75403
1.98321
1.61935
1.76052
2.72673
1.44367
1.2925
1.40769
1.29353
1.89203
0.678188
2.7269
2.30357
1.77103
0.478658
2.9178
0.837043
1.20115
0.848408
1.37103
0.560778
1.8658
2.0872
2.13805
1.0693
1.93647
0.614014
2.55847
1.55074
0.825849
0.259731
0.334928
2.31433
1.95527
1.51357
2.34057
1.11715
0.324076
2.76415
0.247768
2.22777
1.87024
1.36992
2.66588
1.56313
2.60658
0.598291
2.07456
2.23905
2.52292
1.8699
2.64085
1.46768
1.84059
2.34561
1.20782
0.343559
1.40641
2.4943
2.74091
2.65307
2.41406
1.67883
1.72104
1.04503
2.04003
0.396881
2.37116
0.702115
2.583
1.21551
0.803888
0.447212
2.6916
1.83504
1.97765
1.02546
2.27058
0.322196
2.9489
2.49677
0.851314
0.348259
1.30797
1.67849
1.41521
2.86952
2.28665
1.97458
2.25571
2.88908
2.22264
1.72856
2.86934
2.93634
0.272207
1.4388
0.86003
0.301773
2.05533
1.57244
0.24734
1.6649
2.72134
0.516599
2.56274
2.55275
2.72459
0.80329
1.12467
2.06558
1.79539
2.34646
0.277932
1.50955
1.99432
2.0279
1.5856
1.37095
1.7383
0.77022
1.15988
1.27131
0.484725
1.03375
1.72207
0.541124
1.5621
1.47545
2.37552
1.2479
2.03363
2.5066
0.482076
2.91822
1.88272
1.48759
2.22828
1.9897
1.80667
2.49703
0.66802
2.03098
2.30622
2.61196
1.83162
2.96736
1.35907
2.03815
1.68524
0.549327
0.564367
2.82628
2.93232
0.701517
0.245973
1.5128
2.44029
1.58962
1.80128
2.0226
1.88383
1.2426
0.583935
0.970348
0.389447
0.368511
1.60825
2.49951
2.17009
2.20017
2.1612
0.794232
0.737321
1.40855
1.61081
1.40444
0.678445
0.322709
2.099
2.71895
2.18522
2.49182
1.60389
0.325785
0.923435
2.22769
1.86255
2.79722
1.22918
1.36565
1.8382
1.23508
2.82021
1.88084
2.022
1.51733
1.00906
2.7968
1.4558
2.77928
2.60769
0.425764
1.56313
0.270412
2.30664
0.775945
1.47648
2.52267
2.92241
1.16424
1.74839
0.967272
1.89391
0.272805
1.13322
2.33937
2.22162
2.08524
0.527964
0.405853
1.0317
2.94078
1.55868
2.95557
2.75698
2.74476
2.70075
1.78829
1.71839
1.57107
2.82047
1.64123
0.697757
0.295791
1.02478
1.38829
1.88759
2.8984
2.70767
1.45281
0.404572
2.66811
1.07904
0.767998
0.757317
0.354411
2.86644
1.22517
2.45242
2.89703
0.273489
2.54548
0.328263
0.373638
2.68605
2.71391
1.80436
1.40427
2.21068
0.911728
0.231874
1.44725
0.534886
1.2872
1.73506
0.627003
1.99628
0.498141
2.72929
1.52835
2.34646
2.16864
1.50399
2.79765
1.30028
1.99321
2.65913
2.98607
1.15475
0.628712
2.57915
2.47353
2.76774
2.11002
1.53672
1.11075
0.381158
1.72754
2.61
1.81666
0.579833
2.30365
1.00205
0.968639
2.46952
1.20654
2.35142
1.02341
0.764751
1.03777
0.818244
1.00607
2.07251
0.331339
0.336894
0.30408
1.25875
0.402521
1.42008
2.20479
0.587439
1.48314
0.502329
2.21282
1.71677
1.88109
2.61239
0.786029
2.84243
1.30147
1.95868
0.326811
1.07374
2.46729
1.2185
0.865841
1.53185
0.976244
1.71609
1.87682
2.45533
2.33254
1.67874
2.25922
2.60291
2.88977
1.95723
0.326041
0.238795
1.6432
0.398761
2.63512
1.99081
2.0091
2.26033
1.50015
2.46439
0.527622
2.64819
2.82089
0.50549
2.82833
1.97321
2.46712
1.79547
2.19368
2.0085
1.25721
0.867208
0.2605
1.53621
1.56646
1.43025
2.39517
0.772356
2.80295
0.892074
2.88003
2.75604
0.389447
0.762358
1.64986
1.29131
2.68904
2.42884
0.514634
2.42875
0.508652
2.39167
1.00632
1.87443
1.62405
2.44396
2.18795
1.71352
0.557189
1.28549
0.961119
2.83687
1.64858
2.65828
1.61124
0.456185
2.05892
0.889511
0.725871
0.298184
2.33971
1.33232
1.82589
1.66225
1.60808
2.98855
0.644691
1.33095
2.96599
0.802948
0.995386
0.920701
2.99872
2.11728
2.1612
1.659
2.19205
2.76851
0.947874
2.77731
1.70446
1.3219
2.53574
1.5057
0.933006
2.52523
2.06781
2.45789
0.508481
1.67054
1.11263
0.792865
2.75979
1.75326
1.33856
2.94223
0.282803
1.91399
0.337321
1.689
0.653066
0.652126
1.9345
2.98701
2.31827
2.69733
