0.426618
0.644948
0.810981
2.60667
2.66964
0.938816
1.33301
2.21683
0.950011
1.64516
1.52895
2.60786
1.06776
1.53766
2.76099
2.44542
2.96932
0.345781
2.93224
1.34394
1.23918
1.83187
1.60731
0.255287
1.08451
1.18825
1.76975
0.747148
1.24884
1.64396
2.35296
1.15877
0.295193
2.9665
2.28357
0.221705
2.8943
1.14809
1.77368
0.533177
1.3548
0.7627
1.99996
2.86815
1.43563
0.881222
2.90711
0.520017
0.474899
0.833625
0.272378
1.05571
0.875155
0.703824
1.37035
0.67289
0.580773
0.846358
1.5733
2.94702
1.58688
0.510959
2.82687
1.55604
0.515317
2.66409
2.33647
1.97022
2.29648
2.69297
1.60372
1.69301
1.3941
1.68208
0.548985
1.24354
2.41064
2.34672
1.65875
1.86486
2.11002
0.313907
2.89387
0.548045
1.89699
1.63636
1.49793
2.75843
0.787994
0.827302
1.4417
1.85127
1.51382
0.704422
1.8423
1.56526
2.18949
2.7298
1.09331
2.58077
0.58966
1.53262
2.44533
1.5298
0.267421
1.90468
2.57172
1.84725
0.752959
2.3527
2.05994
0.847639
0.270754
2.69759
2.56411
2.81841
1.61192
2.20743
1.55604
2.91421
1.99927
0.951378
2.61444
2.84209
2.38381
1.66191
1.78718
0.323051
0.207862
2.39329
1.56561
2.11968
1.07503
2.46396
1.8082
2.61453
2.16189
0.769622
2.35116
2.92993
2.4109
0.555223
0.242213
1.37385
0.741166
2.53275
2.338
2.20188
0.914805
0.432514
2.59803
1.47998
1.09536
2.87635
0.818244
2.63871
0.738347
0.458065
0.93668
0.903439
2.84815
2.72168
1.25174
0.390814
2.2411
2.32117
1.48955
0.255629
2.25187
2.25332
2.65794
2.47977
2.91968
2.64828
2.22478
2.88643
0.292544
1.80547
2.55804
1.17099
1.48802
0.364751
1.56484
2.73296
2.74476
1.69729
0.267507
0.498056
2.30699
0.205554
1.85375
1.91818
0.97539
1.01948
0.538133
2.53548
0.563854
1.17595
1.97398
2.09925
0.69938
0.96975
0.750139
1.02239
1.40222
0.762615
1.51391
0.36552
0.683828
1.53894
0.854219
1.93595
0.201282
0.894552
2.48498
0.887887
2.60299
2.74706
2.46422
1.01478
2.4062
1.65413
2.98855
0.3163
1.64226
2.02884
2.69861
2.23256
1.70703
2.33775
2.43371
2.92873
2.65409
1.77035
2.37347
1.62106
0.568981
1.46717
1.50382
1.12929
0.26144
1.7941
0.544115
0.84405
0.312027
1.35001
2.47421
2.4972
1.31327
1.99568
0.597436
2.92062
2.74023
0.391156
1.47887
2.58445
2.889
1.12937
2.69425
1.29814
0.921555
1.15322
0.728263
1.46503
1.45281
2.94403
2.16095
1.47639
1.11809
0.56787
1.47597
2.43294
2.3592
1.66926
2.23264
2.38065
0.265029
1.49665
2.936
1.25029
1.7066
2.85106
1.94433
1.88511
0.200684
0.841572
1.55014
2.34672
2.14309
1.13809
1.17364
1.28626
2.64614
1.80675
1.80504
0.366802
1.02025
1.81735
0.433198
0.32664
1.73489
2.70869
2.19949
2.6693
1.2984
2.10019
1.01222
2.36817
2.09267
1.53749
1.16133
0.374664
0.401068
2.1583
2.66905
1.71506
0.866952
2.26793
0.514975
2.76475
1.81974
1.10963
1.67336
0.688101
0.906772
0.520017
0.898569
0.629994
1.86828
0.354241
0.398334
0.447468
1.89229
1.77043
0.330741
1.36872
1.98808
0.260329
0.46285
1.96663
0.214698
2.11301
1.52852
1.43504
1.80256
1.40017
1.8235
0.35501
0.405597
1.56988
2.77389
2.53771
0.921555
1.93612
2.21692
0.532493
1.71703
2.35236
0.330998
1.58808
1.09639
2.35621
2.55206
1.05213
1.85076
0.471993
2.41406
1.99927
0.324589
0.760479
1.45213
2.07362
1.03845
1.50135
1.50365
1.53365
1.30421
1.0969
1.34702
1.0869
0.870882
1.68498
0.214356
1.50211
0.63871
0.746977
0.915574
1.58586
0.677932
1.60056
1.11203
0.91207
0.791754
2.26212
1.87725
1.09118
2.65836
1.96945
2.48079
0.766118
2.79184
1.64901
2.13489
0.524119
0.558727
1.2179
2.84003
1.71019
2.08686
0.806195
0.466524
1.3301
2.30451
0.388079
0.211963
0.63213
1.54886
2.10959
1.56808
1.55185
2.5783
1.3988
2.9389
0.210425
2.42875
1.94852
1.84469
2.05285
0.550267
1.45631
1.64995
0.61222
1.26114
2.81175
0.753642
0.490878
1.158
0.415766
0.378423
1.34189
1.11869
1.92322
1.29643
1.04162
2.73561
1.49169
0.429353
2.03944
0.817048
1.22824
2.46063
0.67178
1.79385
2.51899
1.39615
2.22922
1.26943
2.32937
0.412348
2.36279
0.949669
2.96402
2.52814
2.81807
0.991455
0.371844
1.23841
2.08387
0.405853
1.48554
1.64755
0.943516
0.355522
2.08071
0.438411
2.71587
0.980944
0.845503
2.81696
0.573083
0.595984
0.745183
1.96706
1.72463
1.88844
0.570177
1.95604
2.45191
0.363298
0.555992
1.22602
2.98428
1.66695
2.56095
0.809442
1.40128
1.02905
0.690493
2.00671
2.35057
2.2599
1.65507
1.66319
2.16744
1.14065
0.748857
2.98206
2.98479
2.24469
0.33715
2.41235
0.619739
2.42585
2.34006
1.34847
1.62653
1.61303
2.79953
0.378167
0.29938
2.14736
1.21756
2.41876
1.81786
1.30011
2.35347
2.07533
2.71741
2.60803
0.765777
1.56347
0.876095
0.264687
1.39009
2.52873
2.20325
1.40479
2.03551
2.90395
1.0176
1.31856
2.29143
1.34095
2.10361
1.63414
1.1298
1.95364
2.63136
0.506088
2.89096
2.30989
1.93031
2.84619
2.34057
2.21102
2.10182
2.03448
2.08507
2.19496
0.259133
0.749541
2.23367
1.30113
2.583
2.7527
1.59346
2.23504
2.17821
1.26627
0.685623
2.66862
1.32156
2.18171
1.07067
0.415595
0.486093
1.33617
2.46909
2.41884
1.1304
1.69395
0.566332
0.88558
0.64059
0.871651
0.988635
1.71096
1.21184
1.24311
1.93698
1.32463
2.65717
1.06264
2.96744
2.69981
0.931382
2.04371
0.805768
0.260671
1.55715
0.230677
1.68225
2.02781
2.54104
1.2009
2.67486
1.93655
0.76646
1.23439
2.34997
1.46776
1.65251
0.689981
1.58509
1.92758
2.06379
2.42346
1.66362
2.11429
1.8611
2.68648
2.52779
1.10869
2.87909
2.94369
2.67793
1.72677
0.318693
2.44508
0.805084
0.371502
0.942235
2.79158
0.645289
0.820978
0.25768
1.13023
2.34142
1.29156
0.681265
0.419013
1.40214
0.7116
2.86396
2.19539
0.943858
1.54552
1.77078
1.88844
2.30434
1.90408
0.900192
2.51233
2.11378
1.87853
0.630335
2.37646
2.91352
2.83721
2.0802
0.651527
1.00692
2.22094
2.07327
1.62935
0.632643
1.77505
0.991284
2.7116
1.34514
0.955907
1.90476
2.96787
2.09259
1.84913
0.368426
0.498569
2.47703
2.93668
2.07011
1.44119
2.68716
2.45089
0.517454
0.45627
2.18846
2.65315
2.3539
0.332365
1.4599
2.17351
1.68823
2.54557
1.26422
1.34984
2.22752
2.8126
0.9395
2.10421
2.59863
1.874
1.39863
2.0925
1.64841
1.14578
0.325785
1.06665
0.707498
1.8758
2.05618
2.38552
0.807819
2.64375
1.62611
2.41286
2.63854
2.64136
1.88306
1.1392
1.62995
2.77048
0.740568
1.56561
2.75304
0.796796
1.86768
0.386627
2.61965
0.596753
2.69853
1.9104
2.67417
0.934202
1.85161
1.75146
1.06135
0.605469
2.24418
0.237684
1.75984
2.19051
1.59073
0.464302
2.56744
0.845503
2.57274
0.535569
0.526426
1.97783
0.766204
2.13061
1.57646
1.03692
2.21641
2.93104
0.221961
2.86276
0.745097
0.64734
2.80192
2.62546
0.47994
1.38291
1.34975
2.9965
2.49156
1.27071
2.43029
0.787225
1.827
1.32378
1.14176
0.893783
0.627515
2.03277
1.8699
1.98364
2.41594
1.25217
1.18201
0.563598
1.64414
0.709037
0.848836
2.6658
0.785601
2.67477
2.7803
2.98812
1.86221
2.1354
0.664089
1.9292
1.89152
0.798675
1.29489
0.752275
0.743217
0.675539
0.779278
0.518564
0.491476
0.773382
1.80701
1.02427
1.95065
2.23803
2.77364
2.98265
2.6822
0.683145
2.94352
1.28438
2.16035
1.84341
2.03995
0.578295
1.58406
2.88934
2.05037
1.8053
1.22192
0.741508
0.833454
2.12626
2.37842
0.521982
2.1166
1.68114
2.86934
1.4787
0.67007
0.81457
1.49229
0.722794
0.847041
0.808075
0.382012
0.514719
2.07473
2.95437
1.13536
0.636744
1.08639
2.21307
0.396112
0.790387
0.480111
1.08357
0.385174
2.95463
0.592395
0.733988
0.86473
2.24435
0.674685
0.622474
2.02337
1.00479
0.359026
2.84969
1.56945
1.0805
2.20162
2.07806
1.52143
0.595813
0.690493
2.05866
2.38099
0.585046
0.506687
0.398334
2.97718
0.208545
1.8241
2.20991
0.470028
2.694
1.03717
1.47776
0.399701
2.33818
0.703909
1.98167
0.468746
2.70963
1.49015
2.61119
2.74655
2.78637
0.704422
2.1119
1.18116
1.16868
1.0106
1.299
1.90852
2.70374
0.703824
1.7771
0.84405
2.05875
2.74048
1.60184
1.24627
1.38163
2.70716
0.922922
1.3383
2.98564
1.3166
1.2449
1.07605
0.594958
1.61995
2.94317
2.94967
2.49088
2.91942
1.47298
2.70579
0.893527
1.97219
0.909592
0.879342
2.11865
2.27118
0.455074
0.220508
1.04503
2.79081
0.552062
0.305704
0.432771
0.584533
1.03905
2.01935
0.626576
1.02367
1.58765
2.39457
1.38445
2.86131
2.05627
0.900021
2.96753
2.31314
1.8006
0.460115
0.628968
2.93993
1.1762
1.89613
1.6408
2.71912
1.47204
0.276394
2.99308
1.09494
0.911472
1.46229
0.906174
2.99265
2.55958
2.93779
1.09195
0.985046
0.972228
2.01021
2.90156
2.19949
2.627
0.669814
1.89707
2.75142
2.17086
2.99504
0.785601
1.4934
0.323991
2.39098
0.452339
0.66614
2.27665
2.15044
0.229823
1.23961
1.21585
2.22222
1.54228
2.13095
0.62085
1.27567
2.0608
2.68827
1.56321
2.94941
2.50857
0.825251
0.250758
2.57052
2.05208
2.99778
0.451399
2.03303
1.61739
2.005
2.03499
1.12168
2.26699
0.408332
1.07058
1.77001
1.17689
1.95065
1.91758
1.53886
0.350139
1.16569
1.14535
1.60423
2.6041
2.76595
2.52326
2.7404
1.57013
2.99393
0.514035
0.587268
1.84204
0.926341
2.71169
1.289
0.411322
2.71912
0.658791
1.59004
1.92707
2.7774
1.48246
2.07857
1.71651
2.8432
1.7853
0.462935
0.706046
2.583
2.22965
2.76919
2.97855
0.266823
0.25204
2.14728
1.30378
1.52399
0.546251
2.37338
2.18291
1.96338
0.350566
2.136
0.539586
0.446785
0.379449
0.392267
0.399872
0.401666
1.23474
0.48464
2.89507
2.7615
2.53489
0.501389
1.92664
1.12023
1.00034
0.772698
1.23081
2.29041
1.93117
1.98654
0.779278
1.64995
1.11536
2.4138
2.65426
0.866695
2.00517
1.32942
1.13536
2.98804
2.7991
0.316984
1.53604
2.4825
1.46623
1.14433
1.72591
0.42132
0.951976
0.298013
0.477889
0.787567
1.00094
1.26362
2.97744
1.29968
0.835591
2.63991
0.829438
1.93775
1.92801
2.77364
0.504294
2.55941
1.50177
1.40359
1.95561
1.59321
2.40261
2.60051
1.35129
0.796625
1.97295
2.28981
0.85345
2.86704
2.37142
1.04657
1.38488
1.29113
2.1712
0.248793
0.519675
2.42363
0.47712
2.67605
2.23623
0.779022
1.39838
0.842427
1.86802
0.727152
2.51327
2.15069
0.592993
2.77723
2.76569
1.35428
1.59577
2.84012
2.22854
2.61624
0.241786
1.05554
1.1733
1.65097
1.6015
1.37129
1.68199
2.23803
2.05994
1.26174
2.44012
2.79312
1.95202
0.37492
1.14732
2.08695
2.75817
2.29348
0.78338
1.79598
2.59991
1.79846
0.567785
1.77548
2.37227
1.82273
1.44862
2.14061
2.64999
2.08156
1.36078
2.44371
0.905661
0.768596
1.68874
0.834993
2.77731
1.70395
2.97257
0.294937
0.921812
1.12143
2.89438
2.42465
2.39389
2.48438
2.58291
1.48212
2.08558
2.71545
0.673147
1.15339
2.76595
1.02888
0.759795
2.34322
1.65627
1.75292
0.479769
1.27507
2.08105
0.729118
1.86435
2.18752
0.929246
2.27708
2.79534
2.71365
2.06567
0.310746
0.804999
1.03153
0.828498
1.39573
2.65683
2.47447
0.95172
0.932322
0.942662
1.88502
0.648537
1.45503
0.737492
0.605298
0.794488
1.03316
1.54518
0.786541
2.74698
1.56219
0.776031
2.3075
1.1392
1.33198
2.39201
0.989746
0.786029
2.05969
1.75659
2.19598
1.43854
0.375518
0.328947
0.899167
1.92561
2.34809
1.6379
1.11126
1.01974
0.236744
2.97317
0.55642
1.76462
0.459774
1.43358
2.2799
2.20171
2.76355
0.766973
1.47571
1.6338
2.78261
1.24149
0.825251
2.5624
1.97671
0.983764
2.62999
1.03751
1.93279
2.22367
0.228883
1.55586
0.61897
0.481393
0.98684
1.64627
1.17885
0.535569
2.54121
1.87938
0.452937
0.808075
2.19479
0.438581
1.41478
1.20628
0.342363
2.7909
2.70981
1.25618
2.21846
2.79346
1.0834
1.56783
1.25328
2.17582
1.8875
0.667251
1.52527
2.33228
0.650246
0.235035
0.996753
1.76462
0.899765
2.38697
1.42102
0.311087
0.426447
0.835334
0.207947
1.49972
2.77381
2.76911
2.13583
2.96317
2.94258
2.08797
0.595898
2.65289
1.29908
2.43098
2.65999
2.39047
0.271694
2.23427
2.85413
2.89225
1.42598
1.05777
2.33031
2.60649
2.3034
1.01692
0.721171
2.89951
2.21384
0.95736
1.36556
1.12818
2.36655
2.01013
1.99269
2.13728
1.12954
2.56479
0.352788
1.71805
0.603162
1.2984
0.881137
0.566161
2.89626
0.296988
1.48297
2.27656
1.09186
1.70746
2.52745
0.711942
2.09113
1.15783
0.337065
2.684
2.321
2.18291
1.66165
1.68267
1.0946
1.69233
1.82213
1.79308
0.61222
1.52032
2.2141
1.93612
1.78829
1.69173
1.45674
0.370904
0.894211
2.44508
2.27597
2.39671
1.80342
1.44768
2.00773
1.59107
1.22576
2.04166
0.410724
1.52279
0.919675
2.15762
1.07528
0.675967
1.46922
2.13386
0.914719
1.92391
0.813202
1.07887
2.82952
2.88908
2.51421
0.413886
1.22816
0.527793
0.955223
1.03367
0.695877
2.67674
1.65072
1.52254
0.695877
1.49784
1.8605
0.663662
0.991797
2.36099
0.892843
0.478573
2.67904
1.50006
1.68575
1.83469
0.711856
0.381158
0.25204
2.85858
1.61483
0.520188
2.97812
0.591369
0.664174
2.28648
1.16073
0.526341
2.62863
1.83136
1.5733
0.862166
0.75612
1.27789
0.445247
0.913352
0.89404
1.11049
2.44465
0.513266
2.63068
1.10058
2.8502
0.64734
1.94458
1.10647
0.900961
2.95428
2.85157
2.88592
1.71087
1.53288
1.73369
1.4564
1.93518
1.09203
1.84016
0.743645
0.577355
1.68062
2.0467
2.85328
2.12292
0.835932
0.560778
2.90455
2.98795
0.987182
2.46097
0.363128
1.27063
2.95232
1.75676
2.81175
1.19201
1.36471
2.4573
2.29246
1.81436
2.06892
1.73634
0.963683
0.224183
1.72062
2.48062
1.80453
1.56808
2.83029
0.708951
1.90613
1.72745
1.6872
1.15091
2.08763
2.22188
2.80158
0.870626
0.373894
0.726127
2.90156
2.62461
2.67178
2.79073
0.923862
0.640419
1.38376
0.950438
2.23495
0.504636
2.89566
0.41269
0.718863
1.84589
1.47597
1.10861
2.17266
2.70229
2.92438
1.29771
2.64298
1.85947
1.1069
2.51156
1.9439
2.04764
2.31604
2.62555
2.39278
1.48408
0.591113
1.64516
0.201025
1.85042
1.73959
1.39453
0.758855
0.589319
1.99355
1.29472
0.849519
1.21149
2.24144
2.22
2.6317
1.09724
2.97137
1.01786
2.42773
1.6831
2.06294
1.68259
2.35484
0.518137
2.16676
0.567785
1.83632
1.68028
2.20752
2.42687
0.230848
1.23704
2.14881
2.26742
1.21807
1.04162
1.15766
1.0094
2.57565
1.94886
1.50545
1.13194
1.18782
1.74027
1.14262
2.69793
2.5225
2.04499
1.28609
1.94313
2.81184
1.94476
0.75501
1.61867
0.37774
2.14907
0.593677
1.67208
1.53724
0.230079
1.91844
1.85606
1.92502
0.802606
0.926597
1.65294
1.07255
1.5386
0.404315
1.10015
0.279641
1.30147
2.47131
1.90656
2.41662
2.49079
1.89947
1.2455
2.89404
0.681265
0.743986
2.81337
1.6385
0.846529
2.02286
1.13954
2.91139
2.85362
0.383294
2.93745
2.00731
1.1157
0.293057
2.28126
1.2714
2.69195
1.29233
1.3994
1.27174
2.31946
0.445589
2.26896
1.16449
2.66759
1.93048
2.0003
1.68994
1.50058
2.69981
1.19944
2.83627
0.435591
2.95625
2.29477
0.808844
1.7853
1.97595
1.41615
1.54253
0.57069
2.81884
1.21448
2.19436
2.59342
0.46285
0.60752
2.65401
2.85319
2.1007
2.84183
1.31045
2.79962
0.9348
0.655458
0.71066
0.704764
2.60991
2.33279
2.5495
2.84448
0.418757
1.43392
0.82696
0.975134
1.22149
1.59124
0.211451
2.99521
1.01154
1.95706
1.24584
0.676821
0.870626
1.4916
1.83375
0.55659
1.44683
0.477975
1.44409
1.87212
2.29442
1.45264
1.47101
2.83226
0.212903
1.93715
2.18667
0.308353
1.72378
0.76082
0.924546
2.63495
1.8194
1.96048
0.331169
1.00444
2.92608
1.64405
0.52241
0.348088
1.01427
0.608118
0.783294
1.98603
1.59705
2.8943
1.44862
2.53668
0.951634
1.07289
0.800641
2.17223
0.903269
0.842
2.82329
2.70775
0.908396
1.72856
2.64802
2.61111
2.17402
0.479
1.93185
0.221705
1.15176
1.12818
1.40171
1.06554
1.54364
0.331938
0.405255
1.35326
2.55642
1.95296
1.10442
2.34971
0.943516
1.48588
2.34937
2.50216
0.971117
2.71015
0.470028
2.41431
2.64486
1.55757
1.62448
0.354155
1.53706
2.38201
1.33813
2.183
1.35001
1.61918
0.275454
0.992395
2.55386
1.2238
0.678445
0.738176
1.83546
0.87131
2.11113
2.75749
2.09746
0.512412
2.54625
1.45683
0.54326
1.46691
1.03384
0.459175
2.18701
1.24508
2.38628
0.296646
1.12416
1.08426
0.519504
2.53719
2.10241
1.78727
2.4878
1.03196
2.32869
1.25072
2.64725
2.37176
0.450801
2.87131
2.58932
1.43931
0.250246
0.615979
0.278445
1.74497
0.384661
0.345183
2.03328
0.833882
2.11694
1.17569
0.387567
2.45148
1.16825
2.07063
2.2705
0.955223
1.23354
2.24469
2.94078
2.45969
1.29524
1.77146
1.31515
0.203076
2.67434
1.7806
2.52626
2.2223
1.95552
2.23247
2.54924
0.823542
