0.456185
2.79996
0.217774
2.16291
0.895065
2.90566
1.52442
0.902585
2.10575
1.95834
2.98932
0.206751
2.79329
0.207947
2.16907
2.68725
2.27639
2.03448
2.71416
1.62141
1.03649
2.05234
0.405853
2.19094
1.75266
0.554454
1.57441
1.57757
2.16129
1.48408
1.53442
2.20735
0.477206
0.720231
0.475753
2.22581
1.91451
1.86725
1.24858
1.09656
2.24307
2.93258
2.07695
0.807221
1.3207
2.2828
1.4417
1.37146
2.93565
0.864473
2.96907
1.91502
0.699295
1.47699
1.16073
0.432856
1.52519
1.68515
0.206153
0.704593
2.432
0.75988
1.91134
2.6564
0.208802
0.432856
0.984191
1.45546
2.87943
0.25392
2.11224
2.42764
2.10284
0.938646
1.87101
1.48118
1.44879
2.49233
0.300235
2.52865
0.884555
2.09977
1.98586
1.99098
1.61098
0.96693
1.4846
0.673574
1.58517
2.70288
2.52933
1.10041
1.06759
1.22781
1.45204
2.99479
2.53113
2.39791
1.06281
2.59257
1.86836
1.73061
2.22119
2.8784
2.83687
1.62115
2.93839
1.2285
1.27789
1.63559
2.64725
0.750822
1.847
0.468917
2.2781
0.608631
2.59368
1.95578
0.576843
0.414399
1.72814
2.1207
2.50438
1.98364
1.1122
2.85567
0.952831
1.53322
2.01141
1.21286
0.818928
0.414997
1.24713
2.69938
1.86853
2.26913
2.88455
1.96202
1.03298
2.28656
0.39577
1.64926
0.572741
0.867806
0.433967
1.63841
1.54681
2.56488
1.15689
1.41436
2.62461
1.79453
1.83726
0.989319
0.479171
0.21034
1.49724
1.14877
0.597607
1.22029
1.70481
2.41286
1.1474
1.33847
2.06917
0.699979
0.735185
2.25759
0.772698
1.48058
1.09682
1.73036
2.67776
2.80756
2.35467
1.14638
2.54446
2.61196
1.08058
1.89374
1.89801
0.251271
2.80226
0.39013
1.88306
2.89712
0.38919
1.47426
2.64179
1.15005
2.75783
1.24166
1.95381
2.87037
0.930528
1.01581
1.27541
2.8097
0.689297
0.738945
0.715702
2.23384
0.458919
2.67221
2.28656
0.921897
1.65789
1.69139
2.96445
2.93095
2.95557
1.46725
2.50156
0.512497
1.27182
2.01551
1.92373
2.76954
1.35753
0.706473
0.852339
0.639821
0.792181
2.62076
0.38825
1.99543
2.6382
1.13775
2.8943
0.443196
2.98684
0.245973
1.41547
0.416193
2.8361
0.261953
0.472506
1.34155
2.7351
1.64482
2.16778
1.87409
1.63516
1.79453
2.13976
2.58154
0.382867
0.321769
2.10481
0.869771
0.494467
1.67575
2.32314
1.336
1.44725
2.61837
0.3257
1.73574
1.12758
1.03213
1.24166
2.95292
2.67084
2.34886
1.66123
0.359624
1.53228
1.2872
2.77347
2.15317
0.826447
1.9862
0.715616
1.25781
0.770562
1.02239
1.47221
2.37928
1.87255
1.99808
2.65947
2.79868
1.29806
2.98821
0.735441
0.493954
2.45695
0.332792
2.37125
0.976244
0.443623
0.464559
0.521043
1.22841
2.57206
2.05524
0.329887
0.533518
1.83948
1.77266
2.21453
2.58077
1.75967
2.73271
2.05687
2.6358
2.00038
0.535142
2.64623
2.56437
1.26507
1.5709
1.10827
2.69434
2.45371
0.887289
2.45858
2.1066
0.942405
2.30006
1.61722
1.13963
2.61871
2.43815
0.823286
1.29703
2.10891
1.81043
1.98586
1.94484
1.43674
0.980859
1.70865
2.98599
2.3498
2.9389
1.32754
1.69942
2.15069
2.15463
0.896261
1.33266
1.87263
1.00419
0.659304
2.83243
0.634266
0.454476
1.34881
2.90421
1.81273
2.89327
1.64362
0.58573
2.07259
1.99321
0.926853
1.92348
2.88712
0.297073
2.88097
2.53805
1.59081
1.41162
2.85618
2.06789
1.59936
0.696817
2.15155
2.27759
1.63491
2.53993
1.34471
0.817731
0.794745
1.29934
1.80829
2.42619
1.70036
1.60825
1.1504
0.754668
0.964281
1.12331
0.517966
0.212305
2.41252
0.207862
1.09759
0.209998
0.299808
0.835505
2.15445
2.795
1.55595
0.40235
0.34467
2.46328
0.698697
1.53621
2.64008
2.33647
1.65422
1.58791
2.2012
1.49066
2.91839
2.49541
2.33818
0.426191
1.09981
1.90476
1.49485
0.263405
2.08088
0.638624
1.99526
0.654433
2.43337
1.39786
0.288955
2.79637
0.327921
2.98342
1.83333
2.93523
1.37368
1.32805
1.54971
2.34612
0.225379
1.62397
0.991711
2.37988
1.39727
2.43294
0.3627
2.15984
1.31805
0.868746
2.91968
1.12074
0.668105
2.13771
0.70109
1.5733
2.63401
1.32506
1.51792
2.28451
1.71754
1.91596
1.74198
0.659816
2.73971
2.53583
1.23192
2.91549
1.87332
2.40107
1.33386
1.02811
2.94463
1.76488
1.09289
2.64913
0.839949
0.246657
2.61419
2.77125
2.45576
2.93352
1.51075
2.93548
0.228285
0.73809
1.37582
0.364666
2.28238
2.10592
0.215979
2.41269
0.634693
1.35275
1.78488
2.7151
1.09075
2.72561
2.55206
2.43038
1.87152
2.27118
1.64755
1.75838
2.60897
1.80085
1.3172
0.323051
0.746037
1.83854
0.427473
1.60842
0.98103
0.240846
1.75719
1.23354
0.390643
2.17488
2.01295
1.85546
2.87259
0.941893
2.10694
0.88652
0.342363
2.53625
1.03358
2.21444
2.3245
0.222901
2.4831
0.911814
0.97257
2.82602
0.32852
0.523435
0.758428
0.611451
2.926
0.717924
2.66657
0.455159
0.762529
0.892331
2.13095
2.98009
1.79197
2.3157
2.55326
2.95394
2.59402
1.2009
2.83841
0.431574
2.89575
2.89105
2.78535
0.332023
1.59167
1.94758
1.57167
1.93561
0.601794
0.329118
2.36808
0.790216
2.30211
2.84755
1.12083
1.71404
1.66781
0.487716
0.539842
0.980859
0.866353
1.1815
2.12984
0.777483
2.63589
1.02
0.501474
2.81901
1.78821
0.293997
2.80124
2.21068
1.17475
2.14881
2.29579
1.24311
1.44999
0.2417
1.75044
2.60872
2.17274
2.38945
1.6373
1.72643
2.78099
1.39222
1.21124
2.06302
1.77906
1.62354
0.292288
0.337407
2.27374
1.37197
2.18992
1.89707
2.59675
0.322282
2.80842
1.95125
2.55198
2.16514
2.76988
1.35249
1.22414
0.519846
2.39355
1.01
2.88695
2.1618
2.36663
1.62508
1.34753
2.93711
0.746806
0.434394
1.2655
1.15663
0.732365
0.450374
1.98347
0.254262
0.237342
1.48417
2.40679
1.49707
2.91062
2.44021
2.87037
2.93574
2.03422
0.969323
0.929246
2.58206
2.14087
0.367827
1.81128
2.40192
1.78607
1.41077
1.2684
2.70989
2.31357
0.204785
0.765691
0.353813
2.45106
0.551549
1.54356
2.67742
1.57424
0.305875
1.09212
0.646229
2.27614
2.21786
2.97513
2.72809
1.47887
0.345952
1.9398
2.91087
2.72715
0.929331
2.85183
1.25012
2.49806
0.805255
1.7912
0.729801
2.76817
1.86093
1.84794
0.825678
2.67186
1.40573
0.35407
1.15937
1.89152
0.552916
0.49028
2.02867
2.21461
1.2966
0.803888
1.20329
0.697073
0.772698
1.57595
1.77317
2.86934
0.990771
1.1756
2.43602
1.82247
0.524973
1.73856
1.81239
2.01278
0.450374
2.90634
2.17624
2.82209
2.21342
2.96633
2.18667
1.10989
1.72301
2.92702
0.410553
0.597351
2.15078
2.06866
2.022
0.518394
2.12711
2.90498
2.8667
1.77642
1.42051
2.89395
2.07857
0.243837
0.388592
2.03602
0.636744
2.64315
1.68746
0.896005
0.649049
1.04401
1.72677
1.38667
1.95116
0.217603
2.75885
1.65191
2.40739
0.283401
2.2893
2.98624
1.30173
0.885495
1.89502
0.528819
1.00649
2.13856
0.539329
0.869002
0.715104
1.37761
0.47054
1.90126
2.62769
2.95223
1.99107
0.466524
1.97637
0.89968
1.18535
2.31827
0.878146
2.13805
0.49498
1.9498
0.602222
2.41226
1.42529
2.02081
1.04008
2.23563
0.474899
0.721256
1.16492
0.259987
2.37313
2.80867
1.26892
0.914975
1.71318
2.25734
0.765007
1.75181
0.269643
0.657509
0.741508
2.93113
2.68682
0.900278
2.25546
1.49007
1.82487
1.0869
1.15484
1.62875
2.85354
1.00051
1.21448
0.85063
2.17821
1.27635
1.57466
2.79739
1.0875
2.00884
2.66956
2.61265
1.00983
0.533262
0.633241
1.27533
1.46546
0.718607
0.37022
0.337492
0.802094
2.71006
0.478488
2.70519
1.20252
2.25785
2.61231
1.69968
1.2496
2.17095
1.27225
0.837556
2.73826
0.631446
1.01051
1.76531
1.02051
0.909421
0.238197
2.78688
2.37236
1.61346
2.62256
1.42247
1.26781
0.81568
0.861141
1.43486
0.250844
1.18919
2.22205
0.960949
2.48968
1.8934
1.43478
1.38641
0.902072
0.747319
1.12245
2.4015
0.340654
0.826789
2.16052
0.473446
1.52237
0.222474
2.55027
0.975817
2.79304
1.09853
2.7956
2.40987
1.61209
2.78688
0.368169
2.15633
1.44674
1.05614
2.05174
1.79615
0.361504
0.29263
0.349199
2.63555
0.591455
1.92972
1.54382
0.274429
1.3871
1.06443
1.19927
2.45593
0.416791
2.19872
0.287588
0.632643
2.41696
2.04123
2.53147
0.689639
1.57347
0.709464
2.1489
1.2596
0.726896
0.468319
0.58872
2.66836
0.284085
2.94241
2.6417
2.14933
0.326896
0.340226
2.51805
2.36236
2.00457
2.42867
2.67648
2.85618
1.29635
2.39218
0.393292
1.51092
0.434138
1.71805
1.65892
0.799188
2.07011
2.84251
2.98898
1.10169
0.277505
2.89583
0.738005
1.1169
0.674685
0.884896
2.10335
1.60021
2.55488
1.24969
2.20504
1.67199
0.514292
0.930784
2.23239
0.730058
2.86302
1.68746
2.24136
0.80611
1.10639
1.20115
1.59278
2.80209
2.58641
1.90399
2.21726
2.64435
1.7677
2.26887
2.89549
0.394061
2.25828
1.09827
2.14018
0.349968
1.4505
1.95091
0.669045
1.18124
2.27135
0.640846
1.45349
1.72933
0.328092
1.75052
1.13356
1.91468
2.53865
2.29084
1.58449
1.98628
0.331083
2.44952
1.82333
1.9521
1.10459
1.16304
1.84307
1.62705
1.83324
2.85029
0.960949
0.336808
2.90617
1.44546
2.67016
2.31468
2.08712
1.66806
2.98035
1.62799
2.2834
1.66627
2.23615
0.273916
1.01051
2.57308
0.600256
2.47985
0.840632
2.71083
0.38919
2.44627
0.322111
2.78287
0.648195
0.971545
1.85742
2.18923
1.55416
0.993591
1.62747
1.60432
1.23303
0.687161
0.849178
0.353215
2.58009
1.35411
0.654689
0.925828
1.46896
1.14467
0.27853
0.76364
1.93954
0.246059
2.84115
0.459688
1.74899
2.57659
0.816022
2.9072
2.27674
0.422944
1.46828
1.73429
2.96813
2.65853
2.75108
0.764068
0.705875
0.578039
2.34869
1.23576
1.89673
1.98987
0.752873
1.32497
0.459688
2.39919
2.6611
0.701004
2.30459
1.52314
2.78167
1.45828
1.88784
1.17321
2.33698
0.959239
2.63341
0.343303
0.348857
1.52707
0.805341
1.941
0.396026
1.72438
2.22111
2.19821
2.12916
2.55668
2.5912
2.40175
1.43273
1.73728
0.874642
2.7774
2.12044
0.951634
1.63636
1.36813
1.45136
2.05806
2.99402
2.54241
2.7551
0.362871
1.74275
1.97056
0.652553
1.3078
1.04486
0.306388
0.561034
1.50511
1.87127
1.21218
1.16945
2.46123
2.78304
1.16373
1.57287
0.723478
0.440376
2.27349
0.953001
0.388763
1.42692
2.36945
2.09216
2.91164
1.37479
1.96663
0.608203
0.548643
0.781585
1.96928
1.99876
1.17791
2.30331
0.940782
0.780218
1.6291
2.91224
2.17932
0.211792
1.66345
1.3078
0.236232
1.28994
0.940526
0.366887
1.91545
0.300833
1.10869
2.62145
0.98966
2.02038
2.95779
0.950865
0.87336
1.04614
1.17082
1.67721
1.68797
2.75202
0.212305
1.04948
1.15791
2.75005
0.691092
2.70613
1.37394
1.94937
2.13446
2.70169
0.863021
1.29797
2.31186
1.68601
0.400128
2.89652
2.64529
1.62354
2.00141
0.76928
2.64375
1.83965
1.53424
1.98304
1.29917
2.1818
1.98406
2.59795
2.3827
2.88336
0.212989
1.14031
2.37595
0.516941
2.24999
2.08396
2.77774
0.425336
0.347746
2.42713
0.322538
0.21709
0.446187
0.653749
2.44747
1.11433
2.4784
1.56543
1.94621
1.74112
2.55702
0.271694
2.94762
0.337834
0.67853
2.82705
1.35557
1.9921
1.78376
2.40064
0.688101
0.870455
2.20991
2.06849
2.85371
1.24097
2.57479
0.312711
1.60056
2.47268
2.72732
2.31801
2.17966
0.599744
0.204871
1.15091
2.55488
1.63892
1.0329
0.310831
1.7013
1.24525
2.70511
2.13941
1.1269
1.49648
2.98154
2.77552
0.756804
2.59197
2.74236
2.14463
2.91566
1.05332
0.534458
2.46917
0.347404
2.21606
0.248878
0.986413
1.20996
2.99709
1.56526
0.764238
2.57949
0.328605
0.202649
0.498825
1.80632
0.84311
1.21337
1.18423
2.05618
0.399103
2.35629
1.74095
0.575732
1.43333
1.18945
1.88938
2.82047
0.32869
2.51711
1.158
0.580944
1.58415
1.42999
1.11245
2.04678
2.17394
2.57667
2.49242
1.54364
2.88532
0.501645
1.54535
2.08319
1.21978
1.29062
2.44422
0.861397
0.248024
1.95663
2.47456
0.443965
2.00346
2.20846
0.482504
0.575561
0.203845
1.43632
2.06695
2.55146
2.4878
2.35287
2.00637
0.687674
1.75275
2.1272
1.40624
1.22824
2.38432
0.849605
0.855416
1.22687
1.36138
2.56437
1.87853
1.33959
2.02722
2.30733
2.77125
1.86742
2.51216
1.58722
1.50818
2.78543
2.9965
0.94702
0.207691
1.89554
1.80094
0.843538
1.44418
0.642299
2.09139
1.48195
2.09267
0.526597
1.98628
2.04422
2.99573
2.45653
1.05383
1.14706
0.938133
0.372527
1.58697
1.7683
0.818159
1.08494
1.24209
2.87891
0.501816
2.859
0.231275
0.617176
0.249049
1.08836
2.85379
0.84499
0.397821
1.19201
2.95488
1.51989
2.79432
0.672976
0.299722
2.72425
2.05747
1.67627
1.04948
2.78705
1.76351
1.98321
1.7272
1.9357
2.44029
0.580944
2.26127
2.71621
2.05644
2.14292
2.69331
0.618714
0.695279
0.558129
1.13912
1.74617
2.49891
1.44854
0.788592
2.16283
0.971374
2.20923
1.53356
2.1618
2.32826
0.711002
0.810382
1.28703
2.97872
1.60244
1.64465
2.54881
1.02991
1.7477
2.08618
2.46969
2.6993
2.13984
0.420637
0.99812
2.72305
2.6247
1.54715
2.32809
0.448238
1.57466
2.90669
1.46093
2.69639
1.64918
1.35163
0.34843
2.2846
1.77864
2.14241
0.853194
0.894211
1.71139
1.45836
1.56509
0.771929
2.05866
2.01158
1.71028
0.352532
0.976928
2.35022
2.79073
2.29007
1.22448
2.63965
2.79184
1.78496
0.729032
1.10741
1.59551
2.89515
2.80585
1.54228
1.23619
2.71809
2.36065
0.430976
2.8373
2.33108
1.01923
2.12429
0.665371
1.17817
1.91647
2.61632
0.340825
2.99034
0.685708
1.52741
2.83978
1.12681
1.7853
2.47635
0.927964
2.22504
1.09767
2.62948
2.46234
2.84678
0.342277
1.61542
1.19697
0.407562
2.63606
2.59205
1.93382
0.677847
1.54125
2.05242
1.05221
2.34194
2.53771
2.75945
1.25738
2.10335
2.45627
1.59415
0.783978
0.824226
2.21222
0.706986
2.29297
0.985217
0.774493
2.1589
1.29831
1.15398
0.909763
0.839436
2.16232
2.95061
2.63811
0.249989
1.89622
2.59504
0.937706
1.53946
1.00342
2.12745
2.83653
1.57911
1.2038
1.18594
2.0279
0.865841
1.6755
1.63072
1.7483
1.03948
1.252
2.70186
1.65396
1.20244
1.41325
2.19812
0.233924
0.829865
0.705704
0.964537
1.29848
1.65618
0.631874
0.975988
0.477633
2.32749
2.44422
2.70408
1.87041
0.605383
0.881991
0.455501
1.57945
2.51173
1.89007
0.969152
2.27144
2.79893
0.353471
2.35851
1.09759
0.537449
0.889596
0.688443
1.11433
0.203674
0.931211
0.473019
2.5407
0.458577
2.34211
1.18141
1.58928
2.20376
1.59885
0.440034
0.809784
1.70156
2.37945
2.81918
2.68126
0.348601
0.594018
2.08874
1.59081
2.4884
2.49626
1.43529
1.93749
2.05148
0.712967
0.322538
1.89656
2.2106
2.4291
1.28729
1.38436
1.63781
0.965221
1.75548
1.75881
2.75219
1.78641
1.7671
2.5947
0.743815
2.57812
1.0975
2.27067
0.36364
2.02816
2.66195
2.10498
2.4649
1.35146
1.29096
1.17868
1.6849
0.395428
2.76552
1.18244
1.65388
2.76279
1.79633
2.82525
2.31886
0.990344
0.238795
1.94236
2.16966
1.02102
2.62794
0.440205
0.754924
1.00555
0.321427
1.01512
2.27554
0.472335
1.74027
0.783892
2.8426
2.50387
2.39175
0.36364
1.38778
0.953941
2.56377
1.5386
2.8144
2.14805
2.77842
1.65037
2.97402
0.299124
0.890536
2.65101
2.45986
0.880709
2.12113
0.954283
2.40141
2.79201
1.51066
1.2244
1.24875
2.75364
0.48182
0.638453
1.7354
2.77193
2.99803
0.760906
2.20453
2.90763
2.60538
1.96723
1.08827
2.18846
1.04597
1.15373
2.72749
1.10203
2.5301
0.872848
2.9172
0.506088
1.95356
0.228883
1.16868
1.595
0.749626
0.873531
1.27276
1.75864
1.46144
1.23807
2.35322
2.1724
0.723307
1.13988
0.79765
2.35416
1.73779
1.10041
2.45336
0.327921
1.53698
1.7125
1.07494
1.62944
2.11412
1.39462
0.812433
2.59291
0.714249
0.66896
2.32638
1.55501
2.77133
2.90147
2.31792
0.615467
1.57748
2.84115
1.66114
1.18945
1.77548
0.495749
1.9251
0.790985
2.75817
0.882247
2.27392
2.68443
2.26426
0.788507
1.73044
1.04102
0.658535
1.48434
1.99372
0.838923
1.78214
0.919419
1.79496
1.54347
2.06217
1.54518
0.381841
1.0047
2.96702
1.29857
1.11758
1.81205
2.09507
1.08537
1.98116
0.940098
0.78543
1.89912
0.35894
0.92617
0.33621
2.51592
1.71318
1.01521
2.31946
1.69908
0.714505
0.910361
1.87921
1.85495
2.82807
0.766546
0.701517
1.2737
1.73813
2.06422
0.54232
2.69554
0.201624
1.40162
1.2015
2.93788
0.915232
1.44196
0.230421
2.52224
1.78505
0.253749
1.46153
2.83764
0.58667
2.88208
1.64508
1.77838
1.40222
2.38671
1.48289
2.99325
2.62205
2.1871
1.94578
2.08396
0.89891
1.74916
1.36129
1.29062
2.04268
0.653151
1.76103
2.00167
0.440974
1.87973
0.773211
1.4241
1.99594
2.1501
2.74928
1.55501
1.76257
0.561376
0.211536
0.788079
2.47772
2.15044
1.30942
1.49528
1.96509
2.82662
1.17176
1.11972
2.00662
2.30972
0.842512
2.91848
0.264943
0.711258
2.48789
2.69084
1.04683
2.99581
0.561803
1.63243
0.892758
0.960179
1.2179
1.64995
1.58218
1.76881
2.85448
2.47481
0.941038
2.68118
0.880624
1.71498
2.83901
0.610425
2.79192
0.379192
2.36338
0.549925
1.84068
1.01487
1.55962
2.30434
1.7912
0.993078
0.522068
2.36501
1.84512
1.68225
2.42628
1.56492
0.625806
2.44465
2.48737
2.15206
1.10904
2.9953
2.23418
1.7178
2.5865
2.65999
2.28528
1.21876
0.751421
0.469857
1.01478
0.928819
1.59218
1.43059
2.6963
1.55945
2.98171
2.10233
0.909848
1.18458
2.85123
2.83021
2.4038
2.40987
1.83461
2.96069
1.19415
0.821149
0.471737
1.1821
1.69267
2.75176
0.857295
2.12762
0.649306
1.40444
1.62354
0.976415
1.49724
1.36753
1.74437
0.392438
1.68729
0.959838
2.04781
0.737065
1.40026
2.84525
0.324332
1.09323
2.22376
1.55142
2.51916
2.43935
2.18112
1.53271
1.09536
2.90908
0.501132
0.412262
1.8558
1.67644
1.71404
2.24298
2.71117
1.40188
1.66276
1.02367
2.88105
0.577441
1.01692
2.10822
2.01705
2.10942
0.875838
2.14505
0.533604
1.47409
0.84969
0.784832
2.6358
0.386541
1.80496
1.19355
2.52942
0.917624
2.86251
2.60829
2.9037
0.798077
0.43542
0.773809
1.37154
0.846699
1.2943
2.29733
2.35638
0.460628
1.44708
1.55766
1.31198
0.504209
1.62149
1.80906
1.56458
0.735014
2.73741
1.11365
2.26212
2.70434
1.75599
2.34356
0.92053
2.46832
1.29481
1.4869
2.25375
0.849861
2.99393
2.29836
1.17364
1.58586
0.822687
0.32869
1.6502
2.69955
0.313907
1.17347
2.91626
1.83392
1.51228
1.97637
0.706986
1.28498
2.42576
1.02581
2.21982
2.67144
2.76629
0.882418
1.68302
2.17812
0.36834
2.67392
2.02089
1.51237
2.07225
1.79521
1.50143
0.708097
2.25896
2.25264
2.85678
1.91801
1.22619
1.0875
2.96035
1.52878
2.59077
2.11805
0.95172
2.53907
0.305875
2.03696
2.49404
2.13565
0.881735
2.50182
2.05294
0.407562
1.79445
2.45567
2.08396
1.93322
2.47345
1.91604
0.616065
2.97983
2.45345
2.26939
0.519163
0.452083
1.47853
0.708011
2.74185
1.32762
0.946507
0.247938
0.408075
1.51613
1.88007
2.16479
0.461055
2.48105
1.61312
2.28443
2.93873
0.959752
1.17945
2.76774
0.97163
0.520701
0.391412
2.02482
1.58962
2.69502
0.995215
2.39765
1.62354
1.21953
0.49216
1.04811
2.7915
1.52895
2.61119
0.889084
0.255373
2.23529
1.82188
1.39564
0.737236
2.73057
1.47477
0.534971
1.6802
1.65251
0.556334
1.25097
1.5439
2.74809
0.246059
0.541893
0.721085
1.2749
1.66413
2.16932
1.56253
1.07622
1.19551
0.233839
0.597693
1.86768
2.37988
2.65751
1.03982
1.27336
0.352873
2.60778
2.26153
1.54903
2.62803
0.503525
2.72895
1.1286
0.205298
1.43777
1.08238
2.93326
0.395685
1.05648
1.05025
2.77919
1.74625
2.33006
2.08421
1.02222
2.85695
0.655629
1.00256
0.777142
1.07332
2.12728
0.530613
2.24794
2.84533
1.21098
2.42371
1.30754
1.73711
2.26366
0.661525
1.8646
1.87802
2.73211
2.80175
2.55445
0.839607
2.86943
2.57855
0.890878
1.32873
1.8082
1.8358
0.618714
2.08242
2.82542
2.08097
1.00188
0.951805
1.63824
2.14711
1.38564
2.56531
2.96813
0.651955
2.57163
1.95484
2.80978
0.539756
1.94108
0.934971
1.24371
0.394488
0.265029
0.622559
2.8291
0.611792
0.339372
1.68285
2.21376
0.716813
1.38035
0.490536
1.60107
1.91604
2.92053
1.59406
1.70882
2.36919
2.54078
1.06819
1.65866
2.07114
1.17689
0.345524
2.63384
2.02884
0.337407
2.31211
0.342277
0.622303
2.17112
1.65482
0.322452
2.63683
2.321
2.45003
1.93014
1.85281
0.502585
2.17804
1.84221
0.283316
1.94407
0.353728
2.11737
2.54394
1.02512
1.75856
0.848494
0.84405
1.45324
2.46302
0.846016
1.0869
2.71382
1.42572
0.389703
1.96578
1.5316
0.658535
1.48477
2.7433
2.4825
0.342705
2.462
2.00244
2.49054
2.28588
1.95817
1.45589
2.15069
2.90549
0.713651
2.30126
0.212049
0.328178
0.226832
2.61017
1.76112
2.39073
1.50015
2.83833
2.04123
1.33061
2.91728
2.7445
1.64653
2.75492
0.488314
2.40483
1.02786
1.87298
0.700662
1.81171
2.04713
2.98223
1.61175
0.542833
0.919248
0.393292
2.82363
0.389703
0.27759
2.78304
2.77466
1.2314
2.30194
2.36167
1.98705
1.44256
2.24443
1.64277
1.50716
1.5222
0.293912
2.00312
1.17637
2.63119
0.712967
2.41978
0.969921
1.5257
2.18744
2.17163
1.64115
1.57449
1.52493
2.69417
2.30869
2.14711
0.640248
2.37313
2.4244
2.86054
2.56496
1.86614
2.95881
1.77223
0.418415
2.53907
0.24247
1.60679
1.07844
1.60432
0.900192
0.303311
0.688357
2.94993
0.915146
2.37184
1.33847
2.44439
2.06208
2.1454
2.85909
0.308353
0.34467
0.615894
0.262893
2.13719
2.87738
1.34155
1.97415
2.36347
2.24597
2.31177
1.38171
1.34762
1.18757
2.05943
0.854134
2.28297
2.62572
0.505832
1.15407
2.7028
1.8975
1.62705
2.18881
2.37774
2.61282
1.22901
0.835676
0.390301
0.579833
0.518479
0.978979
0.374493
2.03747
0.757744
1.89579
2.30724
1.02974
2.89019
2.52907
2.63999
1.76129
1.02478
1.78445
0.757915
2.36996
2.06652
1.58919
2.75356
0.756377
1.58022
1.24978
0.902756
0.504892
1.37599
1.04708
1.03119
1.93595
1.7025
0.804999
0.556847
1.12596
0.33715
2.97095
0.598889
1.53305
1.45922
0.345695
2.53788
2.26554
2.19445
2.80064
2.41594
1.23081
1.71814
1.91724
0.764751
2.40235
0.804144
0.69075
2.04824
1.04204
0.308011
1.6314
1.70669
0.515659
2.87046
2.00269
2.19222
0.938816
1.12972
1.53416
2.78056
2.09054
1.53091
1.34599
1.7477
2.83243
2.61718
2.22247
0.49985
0.271438
2.09336
0.571801
0.641786
1.7025
1.948
1.41162
0.373638
2.16847
1.92083
1.91416
0.802094
2.27733
1.0047
1.25242
0.554112
2.31057
2.86798
1.48229
0.480111
2.46319
2.88567
1.9985
2.43542
1.25114
0.266909
2.70323
1.52485
2.32425
1.7659
1.62303
0.601965
2.12232
1.66336
2.11344
1.60611
2.21179
2.50805
1.38658
2.52754
1.93988
2.50233
0.701602
2.18787
1.24465
2.82337
0.553771
2.42243
2.85781
2.7639
1.6003
1.45204
1.73822
2.38261
2.66076
1.63311
1.373
2.94975
2.52848
2.97172
2.78449
2.47703
2.53224
2.79022
0.279812
1.81846
2.58342
0.934202
2.58163
1.82931
1.64866
2.90652
1.37539
1.47186
0.983166
0.71536
1.11374
2.55445
1.46383
2.22623
1.3131
2.99094
1.75864
2.00226
0.380474
1.07041
2.67127
0.822858
1.80872
1.02136
1.99577
0.466781
2.17684
0.359966
2.02209
2.54779
0.593762
2.5101
2.82747
2.38953
0.622474
1.58065
0.692032
1.1286
2.32134
2.39056
1.17637
1.8323
0.242042
0.225892
1.79846
1.6179
1.81991
0.219227
1.44666
1.56279
0.794317
0.836702
2.66776
1.59124
1.2984
1.76155
2.36612
2.12677
2.05225
2.66161
1.45238
2.09592
2.70109
2.72715
0.978637
1.07255
0.532237
1.06802
1.29806
0.749199
0.411664
2.25648
2.58624
2.32373
0.574279
1.90357
0.861141
0.587097
2.30878
1.35668
0.241102
2.10293
0.571459
1.2062
1.9756
1.06229
0.769707
0.287246
2.18846
1.8053
1.94946
0.265883
0.870199
1.99304
2.82619
0.496091
0.857552
0.221534
1.69652
2.83525
2.136
0.861226
1.86785
2.70562
1.00504
1.51211
2.04294
2.89019
2.2429
0.261184
2.89806
1.14834
0.606494
2.52976
0.890963
2.14138
1.40761
0.297757
0.537877
1.95313
2.89891
1.49357
2.19445
1.29489
1.81034
1.13518
2.18112
1.28105
0.772356
2.81235
1.48802
1.46332
0.562145
1.69498
1.09861
1.61124
0.712967
1.25755
2.5677
1.72634
2.62196
2.90481
0.293484
1.77693
2.29468
1.48767
0.919675
1.24209
0.463961
1.49673
0.305362
2.75134
0.421064
2.92062
1.10075
0.307755
1.69489
2.35586
1.36531
1.18338
1.91861
0.35783
0.867379
0.370989
1.02068
1.81829
0.300406
1.48426
0.477377
0.357659
0.855843
2.99017
2.96437
0.720145
1.78838
1.66268
2.34484
2.95856
0.611707
2.14574
2.93266
2.39586
1.96244
0.511216
1.96646
1.95253
0.569494
0.701346
2.2335
1.22593
0.365947
0.941978
2.77936
0.908908
1.58244
0.614356
1.04315
0.936595
1.05717
1.07298
1.95339
2.94753
2.00235
0.497031
2.92352
1.04717
2.86353
1.06332
0.683828
2.26187
0.708695
0.52728
2.88874
1.86905
1.18671
0.500107
0.833625
2.59333
0.489254
0.709891
1.02333
2.85405
1.35753
0.333476
1.92536
1.05375
0.568725
0.887118
2.44866
2.69272
1.54023
0.96317
1.28336
1.69951
0.689383
2.50011
0.84012
1.16287
1.18697
2.07413
2.92626
2.85456
2.74006
0.899081
1.49511
2.72818
1.44332
1.42247
1.60884
2.98419
1.53612
1.80513
2.74911
2.28614
0.302029
0.971715
0.81457
2.71792
1.1492
0.320487
2.9436
0.66708
2.10848
0.778253
0.297244
0.223756
0.786883
0.889767
2.143
2.2822
2.21478
0.227686
0.773724
2.33108
0.622217
2.61111
1.40205
0.522153
2.78483
1.02051
0.565819
1.00385
2.37364
0.296304
2.38295
1.30566
0.9489
0.708182
0.992651
1.96475
1.83427
1.28293
1.72198
0.777483
2.50831
1.97911
0.912583
1.86802
1.35215
1.99432
2.54779
1.15732
2.38996
1.2943
2.81577
0.823286
0.25956
2.65067
1.1474
0.337834
1.85144
1.6737
2.46593
2.66879
2.45285
1.33036
1.98449
2.8338
0.835163
2.03192
1.29276
2.99479
1.92185
0.980773
2.26563
1.67943
1.87357
2.264
2.33442
1.31711
2.22999
1.37898
2.05798
1.27789
0.343388
1.68165
0.929075
1.00068
2.74382
1.24268
0.756462
2.79927
0.270754
1.99927
0.95753
2.53275
2.01235
2.09148
2.301
2.52882
2.48541
0.869259
0.635463
1.34625
1.49742
2.65768
1.14322
0.365606
1.5257
1.16868
1.05512
1.39376
1.25268
0.646828
2.16445
1.67131
2.49344
2.43499
1.0781
2.4702
1.55398
1.84956
1.74198
1.26789
1.85794
2.45166
0.97727
0.486947
2.07823
0.201367
2.76706
2.7868
2.21162
0.584191
0.82884
0.694852
1.43392
1.59457
2.01166
0.566503
2.17368
2.86678
2.05473
1.85785
2.64025
1.83862
0.245631
2.50224
0.645631
0.836958
0.914719
1.77624
2.15693
2.77125
1.50425
1.44307
1.41564
2.52292
1.94869
1.76035
1.66413
2.11942
1.50493
1.54117
1.31318
0.778253
0.968468
1.65388
0.591797
1.91032
1.61474
1.55005
1.11365
2.16881
2.00073
2.20709
2.99974
1.83213
0.767486
2.27298
2.79346
1.6079
0.978295
0.800726
2.40679
2.7451
1.73104
1.76129
1.53399
0.74279
0.582995
2.91925
0.570946
0.742363
0.924119
0.663063
0.477206
2.89045
0.237599
1.77377
1.41906
2.56103
0.984021
0.92147
0.629737
1.32326
0.447981
1.67652
2.52608
0.742961
1.28344
0.623157
2.3175
2.9054
1.89562
1.16321
0.945225
0.945994
2.79774
1.79667
1.3906
0.278274
2.079
0.267251
2.18744
0.604443
2.12198
0.360906
2.57838
1.79709
0.706644
1.14296
1.55108
2.94035
2.63871
0.22367
2.39321
1.61602
2.63922
2.03858
2.20171
1.92425
0.834309
1.13014
0.386029
1.92476
1.58099
1.42051
2.80158
2.5865
0.96693
2.26084
2.35065
0.534117
0.522752
1.04589
2.28964
1.0775
2.0831
1.98073
1.47844
2.61231
1.73395
2.38697
2.21094
2.87943
2.18522
2.13719
1.86298
0.570348
2.70425
2.00346
0.996326
0.766375
2.74869
2.90865
0.354924
0.498569
0.83636
2.66708
2.59248
2.11634
2.38919
2.20299
2.3668
2.75228
1.28831
1.03392
0.241017
1.97073
2.0796
2.40602
1.62696
1.08733
2.76492
2.26905
2.60889
2.64683
2.31758
2.07968
2.28545
0.347063
0.460457
2.81876
1.46725
1.4975
0.642299
0.610852
2.16744
2.29724
0.551122
2.9348
1.32198
2.82294
0.702029
1.80966
1.57902
1.61226
1.43666
1.34762
1.79274
0.730998
2.07122
2.45764
1.26106
0.411408
0.532579
2.88985
2.74296
2.94881
1.61739
2.20658
0.694339
2.14463
1.41307
2.6693
1.35941
0.382952
0.818671
1.22662
2.35424
1.62833
1.70207
2.79321
0.782012
2.83123
2.23102
2.40508
2.3151
2.03123
0.916514
2.8408
2.2834
0.842512
0.705106
1.2943
0.80517
2.8109
0.257765
0.48746
0.598633
2.12907
2.95369
0.210767
1.91134
0.598718
2.75441
2.27785
2.00508
2.52608
2.66879
1.6831
2.43371
0.237001
2.5536
2.54916
0.751592
0.703568
0.788763
0.85063
0.690066
2.3639
2.56428
0.504721
0.638966
0.627088
0.915915
2.01184
2.8714
1.14963
1.64858
2.23786
0.548814
1.76855
2.28297
0.522581
1.74514
0.582824
1.76445
2.10438
2.72399
2.26708
1.47084
2.84516
0.511386
1.70617
1.45751
2.24708
1.79761
1.03999
2.87567
0.745695
0.606751
2.80218
0.903439
0.268276
2.17317
1.64405
1.52579
0.443794
1.05896
1.32925
1.70045
1.05392
2.15411
1.08614
2.64931
0.310062
0.992138
0.407733
1.41068
2.34655
0.823542
2.78415
2.39098
1.11485
2.48088
0.255971
2.45311
1.669
2.47404
0.477718
2.47943
1.22687
2.55514
2.57573
1.74557
2.19778
1.78684
0.290066
2.84448
1.96125
2.35527
2.68861
0.296561
0.786456
2.96232
2.53796
2.98428
0.678359
2.63632
0.22179
1.94817
2.93933
2.79868
2.09267
0.882418
2.43209
2.4226
0.344072
1.26738
0.334245
2.12275
1.6919
0.675283
2.56813
0.81286
2.75168
2.58906
0.49686
0.768767
1.79957
1.06905
1.87263
1.93459
0.80423
0.20752
2.22367
1.30874
0.617432
0.906858
1.0705
0.648878
2.01081
0.919248
0.755181
1.93151
1.44589
2.28631
2.67409
2.20504
2.66571
2.11463
0.299808
0.872848
2.1947
2.82628
0.581115
0.245033
0.634523
1.02025
0.307071
1.195
0.644093
2.28426
2.22393
2.75911
1.49007
1.49152
0.291177
1.91664
1.45597
1.12365
2.06678
2.38893
1.19808
1.55407
0.804315
0.691946
2.5342
2.23093
1.6555
0.283743
1.3536
0.896689
0.560094
2.44115
2.73612
1.7824
0.615125
2.30451
0.966503
0.312967
0.907114
0.329118
2.93326
2.86225
0.598547
1.57808
1.19756
1.494
0.852339
1.8963
0.422089
1.42871
2.58513
0.602649
0.64452
1.57005
2.23435
2.33741
1.88562
0.63213
0.328605
2.90233
0.777911
2.00295
2.64717
2.93164
1.70352
0.281606
0.756548
2.23119
1.92707
1.02846
1.31335
1.82213
1.21346
0.662551
1.31762
2.92873
1.01572
0.448152
1.10758
1.9457
1.72207
1.10348
2.68075
1.4241
2.24854
1.5721
1.13014
2.51267
2.06576
1.69344
0.783294
1.69122
1.54655
1.51023
2.23025
2.03619
0.721854
2.54933
0.229652
0.252638
0.733305
1.0153
0.27947
1.71258
2.46917
0.632557
1.43965
2.33544
1.07093
1.47468
0.795257
0.750224
1.59936
0.917112
0.746635
1.97466
1.34582
2.25281
1.71446
0.449861
0.477548
2.70587
0.646657
1.66883
0.504465
1.18287
0.316385
0.233924
1.85349
0.298013
2.19607
1.58432
2.03995
1.00974
1.8969
2.42662
2.92224
0.806879
1.96056
0.310318
0.52728
2.18154
2.19103
0.58291
2.33536
0.326041
1.91331
1.56304
0.70972
1.59201
2.34715
1.76907
0.561632
2.44755
1.48349
1.6408
1.93459
2.87285
0.450032
1.59167
1.99833
0.728263
2.55488
2.42867
1.13894
1.83563
1.59432
1.57783
2.03183
0.707584
2.21384
2.35287
0.386114
0.264345
1.70805
1.70421
1.04845
0.274429
1.24832
1.68575
2.15121
0.457295
1.12587
1.67746
0.595898
1.18466
0.396026
2.6006
0.75689
2.91933
0.313053
2.5636
1.29378
1.32771
1.14262
1.17577
0.759966
1.60414
2.93822
0.367144
2.49472
1.34437
2.67058
2.15001
0.686477
1.9063
1.0969
2.36202
0.89498
0.393805
0.557274
0.426704
0.918479
2.60367
1.48579
1.77001
2.09601
0.670498
1.22397
2.12882
2.12942
0.549242
2.92497
0.391156
0.314762
1.07169
1.73352
1.20338
2.67007
1.31395
0.832173
0.783294
1.8452
2.41457
2.13916
1.17637
0.504807
2.17795
1.84597
1.59175
2.66862
1.80316
2.78312
0.857295
2.49754
0.673489
0.999316
1.62884
1.41487
1.34599
0.544713
2.7938
1.84708
0.677078
2.64264
1.50382
2.87379
0.422944
0.839094
2.47661
2.07379
2.0514
1.11767
2.80244
0.855074
2.30254
0.565563
0.293912
0.755095
1.83734
2.3809
2.01653
2.0003
1.50895
0.805853
2.63632
0.211536
1.39684
2.5765
1.62397
0.943089
2.33963
1.67285
0.951292
0.342705
2.70459
1.96048
1.91818
2.02055
1.33189
1.70865
1.548
1.61329
2.19009
0.97351
1.58791
0.733647
0.880709
1.8335
2.55215
1.38872
1.73019
0.86473
1.44657
0.558898
0.805426
2.64375
2.01021
0.421406
0.391241
0.464986
2.91267
0.708695
1.46725
0.660671
0.744499
2.68665
0.521043
0.310404
1.2385
2.44251
1.63619
0.328605
2.75791
2.96821
2.99137
2.916
1.49084
0.32758
2.30861
2.56377
1.98808
1.39479
2.78962
0.798248
1.27994
0.450459
2.47396
0.651955
0.212818
2.92566
1.76155
2.64982
1.83956
1.17714
0.832258
0.297928
2.90429
1.78641
2.10344
2.46208
2.6564
0.864559
0.661184
2.22333
1.43367
1.2555
0.20376
0.798761
2.04995
1.72138
1.0335
0.514805
0.426191
1.59962
0.436018
2.61965
0.902158
1.41871
2.38372
2.32339
0.665542
0.959752
1.30028
2.85354
1.13724
0.451485
1.22568
1.7119
1.94877
0.787225
1.51604
1.72215
1.75112
2.84926
2.01978
2.85413
0.690579
1.82982
0.86379
2.21342
0.791156
1.83657
1.39
2.98291
1.87862
1.86725
1.3777
0.90455
0.486007
0.844734
0.691092
2.28844
0.577355
0.797308
0.48746
2.93625
1.52544
2.67246
2.12583
1.56731
2.98394
1.87204
1.3107
2.33518
0.489254
0.396283
2.41209
1.62029
0.231361
0.683316
0.895065
0.4884
1.62807
0.832514
0.800214
1.60115
1.34463
1.09912
1.21021
1.1662
0.992138
2.14728
1.84025
1.91493
2.14463
2.14907
0.890536
1.69532
1.71147
1.21765
1.69865
0.466353
2.10276
0.660756
1.32685
2.68314
1.62525
2.74322
2.82602
1.85853
1.94604
1.2455
1.90878
2.69049
0.861824
2.10609
0.973937
0.34091
1.61149
2.83422
1.21671
0.255202
1.36838
0.782269
0.562658
0.90831
1.35112
0.963427
1.36454
0.466012
1.19013
1.10297
2.39756
2.9489
0.3862
0.21128
1.49135
0.885324
0.300577
2.76492
2.93677
2.44277
1.51228
0.383465
2.80363
1.62303
1.18099
1.09135
2.30835
1.51049
2.05362
1.24901
2.76774
0.359795
1.3501
1.04358
1.4775
2.91147
1.96834
0.626148
0.851912
0.320829
0.243751
2.18137
2.56351
0.692032
1.10246
2.61888
1.81846
0.398761
0.844478
2.17368
1.10716
0.584704
2.39517
2.40192
2.56599
1.0276
0.461568
2.06037
1.08793
2.95599
1.43307
0.757402
1.72138
0.605725
1.46041
2.06242
2.29118
1.50459
1.5551
0.760649
1.18261
2.06994
2.74228
1.94322
2.02482
0.510617
1.30737
0.615979
2.41013
1.61799
2.77381
0.319462
2.78757
0.233583
1.84743
2.24273
0.269301
1.58295
2.96727
1.32215
0.685025
0.860714
0.69921
2.01098
2.42337
2.65623
0.209656
0.607093
2.19769
2.60573
2.65785
2.82781
1.47409
0.660585
2.14283
1.11664
2.09763
1.95689
0.244008
2.77321
0.655544
1.87477
0.792523
2.58983
0.915659
0.875838
2.10908
2.28571
0.675198
0.905405
2.54907
1.22363
0.359282
0.945824
2.98923
1.89861
0.906601
2.31169
2.49592
2.28417
1.87879
2.0702
1.61047
1.72583
0.931382
1.97817
1.09032
0.867208
2.78509
2.92062
2.14343
2.69793
2.43183
1.03854
1.59252
0.809442
1.1169
0.335698
2.0079
1.14775
0.23213
1.94869
2.24546
1.74907
0.857723
1.66986
2.42747
1.94672
1.69182
0.710489
2.80449
1.93706
0.703226
2.49088
2.53429
2.59069
1.64704
0.445076
0.21709
2.79799
2.77825
2.42893
2.22367
1.43546
2.5031
1.5163
1.45289
1.2408
2.10395
0.374749
2.55898
2.08361
1.07639
1.80419
0.282546
0.520103
1.61525
2.62871
0.926084
2.71946
0.987097
1.52835
2.00833
0.44687
2.32792
1.99808
0.538133
1.19551
0.200855
1.42145
0.943089
0.549242
2.25554
0.646571
0.690493
1.86862
1.3213
2.65255
0.240333
2.18385
1.27712
1.0922
1.36488
1.7853
2.63179
2.90079
1.27404
1.19628
0.753813
1.75591
2.58453
1.01803
0.688101
2.57847
1.76796
1.93245
0.696561
2.65982
1.31865
0.751335
1.66054
1.60474
2.67545
2.1994
2.88285
1.67592
2.73732
0.317496
2.22581
0.729032
1.40914
2.37595
0.324162
0.924546
1.01581
1.58235
1.60944
1.80453
2.22102
2.27417
0.68323
0.922324
2.48977
1.08161
2.77791
1.41128
1.7313
2.54984
2.44089
2.08131
1.55945
0.706473
2.78099
0.229994
2.80902
2.26366
2.21359
2.35672
1.74471
0.539842
0.24341
2.96548
0.800897
0.991968
2.42055
2.24597
0.689383
1.84204
0.408075
0.41944
0.911814
2.6881
2.50062
0.336637
0.716385
0.586584
0.927024
0.915232
2.3339
1.69267
1.67985
1.80547
2.93215
2.34681
0.404486
1.86999
2.32621
1.29515
2.08874
0.666054
1.68105
2.53104
1.68866
2.31844
0.644948
0.444392
1.0288
2.96804
1.75078
1.96877
1.51408
0.386883
1.52279
1.80983
0.390472
1.34488
2.32647
1.847
2.89378
0.916001
1.9985
1.99218
2.42012
1.71275
0.895322
0.395514
2.66127
2.43457
2.99675
0.284426
0.236573
1.31891
0.302029
2.52352
1.76317
2.68272
1.15783
0.783123
2.29947
2.13993
2.15257
0.404657
1.901
0.285452
0.617261
2.24871
1.22534
0.830293
0.569237
0.6141
2.52344
0.976672
2.7357
0.916855
1.75557
2.82098
1.49571
2.61359
0.968639
0.371245
1.77804
0.659474
1.47315
1.76736
0.350993
1.38761
1.35642
2.08994
0.543773
2.49549
2.67016
2.74826
2.03491
0.229395
1.43016
1.23166
1.14655
1.45136
2.16462
2.41414
2.08208
2.87721
2.14941
0.397906
1.74343
1.97304
1.06785
1.68541
1.76702
1.79932
0.831745
2.26537
2.01491
1.48596
0.901901
0.601111
1.15868
1.83102
1.4452
1.10972
0.594617
0.906345
2.86627
0.517112
0.925486
0.760051
2.85029
1.27926
1.24909
2.90233
1.85546
2.45473
1.68925
2.46242
1.39214
1.01794
2.60709
0.704337
0.425935
1.5991
0.930613
0.988464
2.24298
0.43918
2.23956
2.26674
0.713565
0.34749
1.44341
2.7991
0.293912
2.84901
1.08938
2.9783
2.30058
0.708097
0.539329
0.351079
0.597522
1.0194
2.65101
2.12309
0.4326
1.24815
2.00286
0.633839
2.75988
1.61252
1.29968
1.49178
1.3865
1.39231
0.395343
2.25452
2.48233
0.952916
1.77197
2.94241
1.78675
1.87135
2.11079
2.27434
1.85443
1.75206
2.59496
2.11104
1.87332
1.32044
1.97919
1.99474
0.39577
0.781072
2.26571
0.673061
2.31835
0.227857
2.22239
0.492929
0.447981
0.694681
2.98163
0.754155
1.39342
1.0329
0.957787
1.1081
1.7172
1.20406
0.719376
1.09092
0.887289
1.57475
0.654176
2.87712
1.76608
0.400897
0.865328
0.541978
1.17236
1.49075
2.93523
2.12062
2.45618
0.630506
0.594446
0.549071
2.22213
1.96492
0.934715
1.37881
2.73988
2.11523
2.4009
0.947618
2.17838
1.62628
2.80175
0.4978
0.202649
1.12775
2.77671
0.327921
1.8687
2.59752
2.35433
0.665029
1.35574
1.1151
0.842256
0.946251
1.27293
1.49297
0.484811
1.79564
1.47733
0.371587
1.72583
1.3853
1.94117
1.7677
1.71472
1.66772
1.20585
1.06221
0.692886
2.16573
1.36035
2.61538
2.69853
2.40936
1.08118
0.396454
1.22611
1.90639
1.67174
0.816877
0.67947
1.93348
2.03773
0.351506
2.65512
0.836018
1.93792
2.73894
2.29348
1.12442
0.645717
2.34561
2.13583
0.453621
1.96031
1.68233
1.92408
1.57381
1.50425
0.861483
2.5806
2.13967
0.845845
1.78043
2.40714
2.26605
1.98278
1.22038
1.33753
1.9169
1.52485
1.64764
2.48541
0.814997
2.51386
2.70451
1.62038
0.96129
1.61747
2.1777
1.41359
2.04926
0.434822
0.23119
1.88802
1.06323
1.45144
2.09225
1.11237
0.348344
0.980517
1.77624
2.37449
1.83811
1.22901
0.839436
0.273745
2.92882
0.624866
2.74698
0.768255
2.48737
1.34403
0.441914
2.81542
1.67985
1.57364
1.306
2.24238
2.50951
0.249477
0.695706
1.48528
2.74954
1.40615
1.44486
1.83358
1.36095
1.07451
1.71848
1.01666
1.8805
2.66793
1.00692
0.772442
2.66725
1.79128
2.64768
2.43251
0.695877
0.412433
1.06118
0.763128
0.583337
2.53275
2.08968
1.70019
2.33578
0.893698
0.225465
1.41273
1.50545
2.05935
0.317325
2.73638
0.442341
1.4082
1.9404
0.810895
2.73108
2.97659
0.419355
2.7615
0.696475
1.28695
1.09195
2.06003
0.87054
0.50173
2.79816
0.404572
2.10327
2.03807
0.385687
0.55454
2.00799
2.38176
1.41786
1.35804
2.42807
2.23871
0.469942
2.41072
2.81158
1.55962
1.4041
1.98184
2.58248
1.17723
0.208972
1.24619
1.3953
2.39218
1.99124
1.25883
1.56056
2.84576
1.5069
2.9101
1.52946
2.41696
0.820978
1.89912
1.52408
0.681521
1.88067
2.96223
1.80162
2.4696
2.79158
0.594617
0.639137
1.86024
2.78381
0.902927
0.527708
0.350737
2.6552
1.02435
1.66182
1.53706
2.8796
0.752959
2.41295
1.64362
2.96727
2.00816
2.674
2.23982
1.46494
0.783038
1.7624
2.88097
2.98436
2.81226
0.76928
2.81055
0.843452
0.393377
1.04247
0.262038
0.512668
0.403375
0.289554
1.69771
2.04884
1.74369
0.391412
1.52049
1.10707
1.05409
0.410041
0.598889
2.31844
0.532408
2.88079
1.74061
1.01854
1.49656
1.27575
2.85251
2.7169
2.32707
1.92561
1.52527
2.6934
1.22799
0.687332
0.979833
0.709207
2.8432
1.24593
0.312711
1.22123
1.16501
0.936937
0.978039
1.28455
2.17462
2.97761
1.24414
0.533946
2.64871
0.594189
2.16146
1.82931
2.573
0.333134
2.38022
0.5536
1.19842
2.04243
2.55411
1.15074
0.97727
2.81278
2.26896
2.89105
0.217603
1.16381
1.83213
1.85059
1.49357
1.56509
0.262465
1.49434
2.64777
1.17637
1.81564
0.447981
0.224866
0.898483
2.78449
0.247426
2.97325
0.21897
1.71096
1.65354
1.2508
1.14168
1.94715
1.51844
1.97595
0.287844
2.10301
0.792352
2.15685
2.8549
2.11848
2.05772
2.24025
1.12228
0.897287
1.57748
2.31468
1.59047
2.03969
1.84683
1.20739
1.44068
0.812177
2.03354
0.311344
1.20414
2.49182
0.696731
1.38035
1.92638
0.421064
1.77001
2.92942
0.91583
0.31348
2.1965
1.2784
1.56355
2.34467
2.60479
0.876095
0.920786
2.36808
2.61119
0.741935
1.32352
2.19282
2.53753
0.863533
1.35001
0.660158
1.13074
0.987097
1.20004
0.257167
2.67306
2.03807
2.98188
1.00385
0.668361
2.21025
1.79598
2.35322
1.89494
0.75988
1.30233
1.63909
2.00884
1.54305
2.05849
1.41213
1.68883
1.33318
1.91656
2.99906
2.50703
2.55693
1.56578
1.42358
1.51579
1.88528
1.30942
1.02752
2.13608
2.71775
1.76223
2.52745
1.53604
2.99684
2.95659
0.446016
2.88661
0.790472
0.544798
0.455843
1.48212
2.68092
1.58535
0.370904
1.51399
1.79427
2.59923
0.326127
1.2825
2.91335
2.78586
2.68067
0.837812
2.70639
0.684939
2.78235
0.634779
2.51207
2.37159
1.13262
0.389959
0.917454
0.672292
1.68729
0.329374
1.56663
1.09066
1.63115
2.81278
0.236317
0.727665
1.76548
2.52301
0.618287
1.48673
0.843794
2.40782
0.44405
0.249477
2.99487
1.56159
2.98966
0.909763
1.56919
0.634181
1.19919
2.15445
2.14873
1.75463
0.663662
0.276992
0.453792
0.957189
0.692203
2.91327
0.288528
0.497543
2.51446
0.584106
1.25935
2.64631
0.250246
1.13647
2.20573
1.14621
1.28592
1.16578
0.479855
1.92391
0.891989
2.31092
2.21367
2.43935
2.52241
2.50711
1.30899
0.463875
0.231788
2.88507
1.09049
0.872762
0.647511
2.40389
2.75715
1.63995
0.935057
1.30498
0.97069
0.422517
2.99427
2.27426
0.318522
2.92361
2.72262
2.4009
0.587695
1.61816
0.984704
1.21927
0.98872
1.2332
0.325016
1.12245
2.06584
0.766375
0.459688
0.233753
2.23145
2.83243
1.38812
1.62499
1.26251
2.12446
1.95834
2.56761
2.09583
1.37795
2.72698
1.7054
0.860543
1.02367
0.947874
1.83606
1.28396
2.51891
0.530699
1.38795
1.41034
2.34262
2.40329
2.68152
2.76766
2.64435
0.91771
2.06054
1.12185
1.53083
2.13702
1.18364
0.55548
2.98248
2.83952
1.76026
1.60722
0.982055
2.07857
0.621107
2.41098
0.248537
0.935911
0.609656
2.77244
2.95796
0.704508
0.981799
2.51848
1.44367
2.74006
2.40235
0.859688
1.46093
0.617603
1.4241
2.10113
1.20312
1.43204
1.1392
0.839949
1.05845
2.47721
1.68789
2.38799
2.89447
2.1448
2.91429
1.15467
1.0558
2.07806
2.45516
0.730912
2.26648
1.01794
1.95048
1.20808
1.01974
1.78086
1.86153
1.07221
0.847298
1.00291
0.385943
0.809613
2.45191
2.69143
2.15651
2.3615
1.49314
2.81756
1.80983
2.76569
1.01239
2.79064
1.31489
1.32258
2.88626
1.85042
0.947618
1.82239
2.89319
1.01393
0.39765
1.17159
1.38385
2.21624
0.298099
1.95715
0.941038
1.68097
1.46255
1.08314
0.21615
0.359709
0.51865
0.421235
2.93189
2.47567
1.62542
2.80833
0.835334
2.61119
0.96129
2.93215
2.79346
2.37543
2.87114
0.841145
1.61329
1.09024
1.95877
2.81525
1.17911
1.53117
1.21414
0.936424
1.09049
0.361333
0.460201
2.49618
2.59128
1.49673
2.80987
2.57659
2.97462
2.43807
1.41735
1.74343
0.254518
0.208972
2.61521
1.38881
0.488314
0.537449
2.92036
0.259902
1.93963
1.31694
1.20004
0.312455
1.6684
1.18577
2.68366
0.625636
1.5363
1.46204
0.907541
1.5163
0.413715
1.87186
0.682034
0.389703
2.77731
0.307242
0.965648
1.46511
