0.419953
1.00239
0.57539
0.858065
1.11664
1.28592
0.550011
2.62
0.688357
0.253493
1.8323
2.51754
0.465755
1.20474
2.04969
0.488742
1.17142
1.75975
1.97774
0.699979
0.228455
0.883871
1.61517
2.66999
1.93698
0.909079
2.87063
0.559069
0.355437
1.83862
1.79872
2.61196
2.52583
0.622217
2.32305
2.93788
1.47836
1.09092
0.783038
1.62072
0.255544
2.43747
1.24294
2.54232
1.99004
2.72997
2.49925
0.908396
2.87635
2.14745
2.72604
1.86503
1.07349
0.423115
1.89323
0.991369
2.37458
1.18475
0.297928
1.65841
2.08242
0.877206
1.34352
2.83909
2.32818
2.95787
2.90677
1.55843
2.27016
1.44896
2.2282
2.37201
0.810981
2.53719
1.46477
2.45772
2.46986
0.306131
2.44183
0.710746
1.6479
0.490707
2.94104
2.22888
0.323905
2.73894
2.66323
2.17385
0.818757
1.67063
0.403034
1.59868
0.663918
1.21995
1.77214
2.82662
1.21406
1.7483
2.20974
0.570519
1.03982
2.01611
1.01683
0.379192
2.53856
0.700919
2.75287
2.19863
2.80021
0.348943
2.93078
0.235548
2.7668
1.24738
1.14954
1.31113
2.92173
2.10592
2.20034
0.891476
2.74749
0.633839
0.684597
2.98359
2.98872
2.50113
2.08173
0.682974
2.75809
0.969921
0.202478
0.762188
1.72284
2.88618
0.368084
0.685195
2.20957
1.7148
2.64956
1.43786
1.86332
1.31139
0.907028
0.960179
2.50139
2.31263
1.56612
1.16868
0.595813
1.6367
0.267421
1.35591
1.82555
0.979064
1.52903
2.55454
2.73271
1.99235
2.75689
1.25439
1.52211
0.836872
2.54335
2.6593
0.642213
1.79009
2.18863
1.07033
1.58295
1.00188
1.58492
2.38526
2.12907
2.08387
0.399103
2.6993
2.10728
0.619056
2.89259
0.796026
2.66315
2.08105
0.91489
0.516172
2.30587
1.84828
0.609742
2.3903
2.75954
0.202991
2.96984
2.1242
2.6558
0.600427
0.977697
0.924802
0.508396
2.49669
1.47238
0.452425
1.80513
1.42316
2.87652
1.38846
1.25482
1.99449
1.32284
0.804999
2.22794
0.536937
1.11809
1.72506
2.42773
1.82632
1.28037
2.05909
2.22846
1.42119
1.28831
1.50716
1.12023
0.87994
0.58009
2.01346
2.29605
1.34958
1.33873
1.15962
2.01935
0.811921
0.300833
1.68703
0.609998
2.07695
1.52912
2.93258
0.485238
0.808759
2.28169
2.96736
2.89404
2.67409
0.719718
2.42517
2.38124
2.49763
2.78919
2.40859
1.82094
2.5148
1.41325
1.45905
2.25349
2.60743
0.535057
