0.4138
0.396625
0.592907
0.421833
1.32643
2.30417
0.298953
2.52292
0.448494
0.611194
2.11036
2.43474
0.847212
0.899594
2.331
1.49519
1.15672
0.722452
1.33617
1.27644
1.16868
2.58154
1.38906
0.683316
2.48515
2.51993
2.01303
0.386712
1.16988
2.71715
1.75727
2.07729
1.53706
2.67332
2.59257
2.6276
0.4138
0.571801
0.575048
1.45093
1.81461
1.40598
1.01564
1.54364
2.96488
1.85794
2.59205
2.8978
0.410895
1.71839
2.64179
2.37347
1.95527
0.632472
1.67259
1.51664
0.752104
1.96159
0.528819
2.81064
0.903183
2.14634
1.8505
1.44837
0.489767
1.36052
0.86285
0.714335
1.77932
2.64196
2.3339
2.06106
2.14317
1.68763
1.13758
0.770562
1.82418
1.70241
2.4596
2.68622
1.69088
2.28622
2.28417
0.502927
1.91545
2.34954
1.39803
0.704678
2.71374
2.44362
1.55091
0.433711
1.28481
1.6925
1.00786
2.58274
2.88661
2.71527
2.53309
1.99449
0.98573
2.926
0.640675
0.257765
0.420295
2.39756
0.35219
1.58748
2.1101
1.07896
0.695621
2.47456
0.854732
1.55151
0.786285
0.396112
1.55569
1.31284
0.92429
0.670669
1.79991
1.97612
0.548985
1.94664
2.14317
2.57035
1.88511
1.01299
0.428925
1.53194
1.5198
0.217859
0.683401
2.57308
1.14809
2.18334
1.31993
1.41444
2.92318
0.303397
1.59474
1.77112
1.04982
2.91429
2.24811
1.17748
2.25862
1.62166
2.87011
0.640419
2.79782
2.87558
2.72826
1.10656
2.18052
2.47738
1.99406
1.53202
0.925315
2.50942
1.70652
0.742448
0.927195
0.772015
2.21
1.0699
0.496091
1.81709
1.20312
1.95475
2.70143
2.06533
2.33783
1.09981
1.05896
0.894296
1.90408
2.56488
0.399103
1.38564
0.940269
1.78761
0.552403
2.2176
1.90357
2.9201
0.690152
0.391412
0.840889
2.06738
2.35954
0.679727
1.39607
0.216236
1.84717
1.08169
2.79098
1.84059
0.31254
0.576244
2.11874
1.37214
2.72561
1.25738
2.28639
0.323649
0.447639
0.741166
1.5433
1.25183
0.893271
2.93181
0.735099
1.74719
1.10946
1.03256
1.41846
1.83914
2.31049
2.89199
2.97479
0.403632
1.40581
2.16915
2.66204
2.36039
0.558727
1.80949
1.13894
1.04666
1.61252
1.71549
0.602905
2.358
1.22175
1.10135
0.875069
1.83862
1.12792
0.218714
2.97385
0.914035
1.81401
1.54108
0.311344
1.44956
2.37791
0.693997
0.652809
0.423884
2.86106
0.819269
2.97402
2.3057
1.06999
1.46024
0.35595
0.918992
2.52873
1.25507
0.254347
1.5874
1.99859
1.92681
1.67943
1.74104
2.80363
2.4567
1.82623
0.778082
1.59936
1.72856
2.49131
2.16479
2.02183
1.33232
2.01295
2.96274
1.65413
1.6126
1.87426
0.971886
1.74924
2.2517
2.50455
0.675454
0.945311
0.473446
0.617603
0.574279
2.81132
0.955992
1.82495
1.89921
1.26088
2.53984
2.05943
1.68772
1.67199
1.01991
1.94946
1.81325
2.54881
1.10963
2.07874
2.55463
1.16449
1.26165
1.27131
1.09186
1.22192
0.436702
1.8376
2.71818
1.97005
1.70446
1.91963
0.752959
2.8126
2.9665
1.27362
2.94574
2.84807
2.8872
0.625977
1.55646
1.3771
1.12151
1.34181
1.30173
1.21568
1.32549
