0.429695
2.34792
0.802179
2.82482
1.16467
1.82974
1.45853
2.26537
2.47003
1.4664
1.38992
2.64922
2.27699
0.290237
1.22029
1.94219
2.97667
0.864473
1.85289
1.0558
0.769109
2.38304
1.72036
1.24866
0.810468
0.382867
2.19855
2.23333
2.2417
1.20466
2.37372
1.42606
2.18966
1.94091
2.14881
1.77693
2.02662
2.80765
0.477633
0.61803
0.575304
2.67844
2.11361
0.567443
2.34826
2.71733
2.86071
0.925315
0.307669
2.44824
0.31442
2.20154
0.434223
1.99919
2.88071
1.81025
2.7921
0.457894
2.85789
2.3709
0.776458
1.27644
1.1733
2.25144
2.83448
0.662636
1.95843
0.992224
1.14185
0.69639
2.95087
0.448494
0.728007
0.706729
0.71254
0.687075
2.73348
0.248537
0.249818
2.27716
2.08857
0.816193
0.42226
2.81098
2.5013
0.431062
0.730485
2.09301
2.64059
1.84085
0.867806
1.03375
1.20338
0.468233
2.22444
0.287161
2.7533
0.846272
2.33177
0.468746
2.01671
2.47772
2.63341
1.59056
1.32651
1.0564
0.971972
0.752788
2.49806
1.98765
0.377483
2.52822
2.62683
2.54557
2.74578
1.87588
2.29494
1.20397
2.19402
1.62457
2.47302
1.68028
2.68229
1.96048
1.40649
0.227259
1.88554
1.55809
1.3724
2.11233
2.30699
0.991797
2.99479
2.62051
2.81824
0.465413
2.60667
0.919761
0.814313
2.09712
1.14518
1.7254
2.97095
0.396796
0.867806
0.30032
1.99175
1.97535
1.17765
0.930613
1.33283
2.12019
0.644093
2.8126
0.492502
1.27721
2.50771
0.688272
0.452425
0.275967
2.75595
1.36881
0.659816
1.33446
2.85721
2.68118
2.33578
1.28225
1.0417
0.376885
0.699637
1.23969
1.4153
0.340141
0.494809
2.38885
0.394147
0.832514
1.0047
0.87618
0.949413
0.511472
1.74608
1.88229
2.94591
2.56146
0.227345
1.4975
0.466182
0.673403
2.1589
1.24046
1.60526
1.21149
1.50348
1.057
0.822602
2.90404
1.1539
2.0373
0.542576
2.39526
0.825593
1.08793
0.886435
2.99803
0.551463
0.397479
1.02623
2.58154
2.36663
2.73262
1.04751
2.33416
2.57043
1.4012
0.207862
1.138
1.95313
0.322367
2.87891
0.492245
1.17569
0.238453
2.85935
1.52348
0.288528
0.507541
2.14719
2.22042
0.377825
2.91446
1.25764
1.62978
1.12715
2.53668
0.374065
2.35228
0.680581
2.50352
1.62158
1.27404
2.79697
1.28609
1.34702
1.87409
1.27977
0.554369
1.89733
1.64115
2.67357
1.8405
0.979919
1.94202
1.21149
0.844563
2.09472
2.27528
0.603247
0.821491
1.32463
1.04939
2.25067
0.685025
2.37261
1.22303
1.27686
1.66815
1.13142
0.943773
2.35954
2.17522
2.87541
1.12459
1.55262
2.26614
2.16018
1.69387
2.08601
1.40718
2.51874
1.65695
1.93006
2.52788
0.44106
2.7075
1.51211
0.420722
2.32527
0.725016
2.97342
1.12168
1.68601
1.29771
1.75257
2.7081
2.11087
1.60491
0.684768
0.952232
2.04884
2.80107
2.60291
0.668276
1.72053
0.834993
0.4279
0.989233
1.43692
0.244008
1.93809
2.61205
1.21406
1.65926
1.80137
2.44807
1.77172
1.96056
2.46131
1.31651
2.80252
2.61846
2.062
1.31874
1.4
0.759111
0.601453
1.72993
0.533262
0.492843
1.29857
0.846272
2.45439
2.23999
2.36296
1.42598
2.52711
1.99457
0.954967
1.95971
0.364666
0.262209
1.72275
2.20923
1.76317
2.20923
1.30387
2.45217
0.318522
0.361162
2.77979
2.46892
1.81538
2.58846
0.669814
2.11053
1.8728
1.51536
1.65285
1.08434
2.33826
1.29199
2.0032
2.59513
2.11361
0.664003
0.929502
1.67917
0.302884
0.680154
1.60312
2.06917
0.568297
0.373724
0.664003
0.426276
1.38291
1.15561
1.99124
1.37872
0.265883
2.85644
2.32621
2.20248
2.29032
0.955651
1.33506
2.18248
2.14796
1.53544
0.499423
0.692801
2.86148
1.89477
1.42128
2.63102
1.22952
0.964025
1.5298
0.846016
0.293057
1.45614
0.579321
1.79684
1.31036
0.691433
1.92356
2.47849
1.92801
2.03465
2.35501
1.65396
0.635548
1.88084
2.09652
1.02905
0.591369
0.928306
0.733305
1.00752
1.70677
0.275881
2.27178
2.66426
2.07644
0.281008
0.712711
0.973766
0.442683
1.91852
2.92856
0.532322
1.18039
0.574364
1.42803
2.40944
2.29058
2.81568
1.40051
1.7683
1.49049
2.87011
0.62367
0.89122
0.886691
2.55676
1.42418
1.64832
0.519932
0.201965
0.877804
1.64619
0.467721
1.48075
2.03747
2.89507
1.79385
2.91848
0.775262
1.23089
0.831062
0.993249
2.22794
1.73138
0.684939
2.77432
1.8311
0.361077
0.846358
1.43401
1.73147
2.28588
2.80004
1.77317
0.363811
0.29169
0.916257
0.293741
0.780303
0.547276
2.11506
2.15975
0.719291
2.34646
1.58714
1.9815
1.60209
2.26896
2.86217
2.36185
2.24401
2.19701
1.11023
2.74185
0.467806
2.02388
1.16467
1.68259
2.00799
1.29361
0.352702
1.12194
1.09049
1.80897
2.02354
2.54258
2.07917
1.84409
1.05836
0.389019
1.77334
2.00038
1.65311
1.87221
1.74591
2.1436
0.258535
2.89729
1.10852
1.05751
2.36714
2.45379
2.69126
0.654518
0.433198
2.005
2.62546
1.17808
1.21457
2.21367
1.9157
0.436103
1.82205
2.34219
1.58928
0.302713
2.76578
0.664516
0.410895
2.72425
2.0849
1.2273
1.5492
1.26969
2.84815
2.89754
2.38338
0.860628
0.513095
1.23457
1.837
1.71959
2.03217
1.52425
2.22726
2.57325
1.19056
0.711258
0.81551
1.1498
1.26746
0.969494
1.24858
2.20547
1.10408
1.44503
0.876949
2.71972
2.06875
2.91284
0.938047
0.895834
2.40508
2.68067
1.1915
1.4047
2.85148
0.481051
0.794659
1.9081
1.21961
1.08742
0.605469
0.501389
2.61803
0.790643
0.699551
0.710489
0.610254
2.27665
2.29032
0.482247
0.793548
0.239222
2.23862
0.605554
2.88652
1.86836
0.540098
2.2
1.61209
2.14864
0.576757
0.709977
0.865584
0.508737
2.92121
2.04234
0.652211
1.15629
0.480709
1.08391
1.68404
2.43747
0.969323
1.43709
1.12305
1.55809
0.4931
2.61119
1.95783
0.404315
1.43948
2.7063
1.10058
2.40004
1.25524
1.62841
1.09391
2.93736
0.502841
2.47131
2.11292
2.5207
1.5809
1.70515
2.35091
0.358769
1.69669
2.20726
2.67682
0.343559
1.87973
0.573424
1.65012
1.15356
2.02149
2.34792
1.98329
2.41893
0.930613
2.60743
0.536253
1.48545
2.19034
2.34014
2.53369
1.51587
2.80543
0.852937
1.28891
2.66477
1.82692
1.04879
0.525657
2.66529
0.341679
1.40752
0.982739
0.965477
2.01406
0.311344
0.389105
1.95116
2.36714
0.549754
1.299
2.99248
1.19218
0.442683
0.271694
2.05319
1.07204
1.41923
0.486178
2.19829
1.20765
1.68943
1.67567
2.93899
2.73348
0.246059
1.07135
0.551036
1.11126
0.434993
1.24268
1.30609
1.38812
0.930613
2.52036
2.55104
1.10681
2.55428
1.09066
1.57449
1.85631
1.97321
1.24926
1.19799
2.64939
0.717924
1.29951
2.02833
2.51506
0.553856
0.785601
0.70878
1.89366
2.44755
2.54668
0.908396
2.22145
2.56189
1.27857
0.383807
1.69267
2.52019
2.09336
2.85439
0.586328
2.17556
1.96039
1.22491
2.94599
0.522837
2.72057
0.496774
2.79799
0.991797
2.55727
1.7019
0.498398
1.9574
1.01487
1.19936
0.994531
2.30622
0.850032
2.27041
0.387994
2.89532
2.60444
0.951122
2.18872
2.94215
0.385601
1.83862
2.44508
2.98197
2.74484
0.608802
1.94031
2.23085
0.337321
2.98453
1.43999
1.99175
2.25503
2.88866
1.78009
2.94104
1.11639
0.723136
1.1821
2.33271
2.80363
1.30874
0.383123
1.35847
0.532493
2.42405
2.36817
0.700833
1.14416
0.281521
0.49216
2.916
2.90481
0.477889
0.580175
2.48532
1.90169
1.95569
0.791156
1.77257
1.92288
1.31429
2.83491
2.92292
1.30822
1.80812
0.72852
2.74373
1.65798
1.56825
1.08101
2.20248
0.689041
1.3865
1.49092
1.58056
2.92352
0.99812
0.648622
1.31993
2.09857
1.80154
0.326383
2.00013
2.58599
1.75232
2.8473
1.08306
2.906
0.368682
0.617774
2.26435
0.226319
2.38663
0.514035
1.4658
0.531468
1.60081
1.30643
1.71036
0.950609
0.631275
0.512754
1.31318
1.73215
0.550096
2.0655
2.02978
0.350993
2.10857
0.381756
1.19594
2.83798
2.90036
1.82324
0.498654
2.01662
1.3994
0.332621
1.0153
2.53736
0.609058
1.83649
0.357146
0.394403
2.66101
2.99863
0.757488
2.41389
1.09989
2.11455
1.93886
1.80051
1.39376
0.93292
1.59876
0.831147
0.804486
2.39184
2.55095
2.38073
2.95881
2.25742
1.75958
2.56992
1.05486
2.05208
2.30357
1.42153
2.24452
2.06071
1.10963
2.21299
1.92561
1.80111
1.88972
2.41149
2.88473
0.346977
0.522581
2.88173
2.02602
1.49092
0.714762
1.85127
0.424738
2.13429
1.58056
0.32194
1.44221
2.49259
0.976415
2.21555
2.23965
2.50267
1.02897
2.33971
2.22948
0.619825
0.893783
1.46332
0.200427
1.39291
2.38116
2.38731
0.85439
0.402863
2.28802
1.09912
2.49233
0.555223
2.67298
2.49917
0.587097
0.311258
1.71104
1.98398
1.38077
2.24717
1.96757
1.57783
1.84315
2.12771
1.52596
1.89596
2.92967
1.28225
2.01013
2.23008
1.27601
2.47114
1.73617
0.441658
1.06759
1.2285
2.4326
2.5524
2.41944
2.8708
0.565648
2.91694
2.40611
1.5568
2.90814
0.867464
1.47887
1.98885
0.988122
0.717325
1.0059
0.5395
2.85601
2.20966
1.47486
0.794745
0.806879
1.10015
1.0946
2.69853
1.49613
1.3612
1.5339
1.08767
2.68494
2.69417
0.933604
2.80406
1.05401
1.23798
0.531553
2.97086
2.12369
0.761333
2.23572
2.42277
1.91519
2.22581
1.08451
1.2743
0.993847
2.60761
0.331681
0.216663
0.929844
1.66576
2.69229
0.528819
1.81419
2.74356
2.6881
0.791156
1.26781
0.69075
0.829865
0.889084
2.38159
1.79556
2.97394
2.89361
0.223072
1.61115
0.389789
2.60709
1.95074
1.96689
0.278188
0.561461
2.56855
1.4505
1.47451
1.0558
2.16377
1.44828
1.87716
2.82158
0.660414
1.232
2.33792
0.302542
2.72997
1.77915
1.15082
1.93749
2.49344
0.214014
2.67836
0.432087
0.255373
2.95838
0.6511
2.2088
1.30498
0.276308
1.68037
0.620765
1.42273
0.305191
1.91844
2.91908
1.53031
0.855586
2.00696
1.15911
2.92079
2.67067
1.24875
2.63452
0.306729
1.23175
2.94172
1.62593
2.5242
1.99756
2.61145
2.45225
2.92873
1.76385
2.28118
0.811322
2.12318
0.632301
2.91574
2.59889
2.25238
1.27575
1.37684
1.19064
2.70348
1.18569
2.82841
0.778936
0.449947
1.79248
2.12754
1.14723
2.47541
0.943175
1.14065
0.673318
0.315018
1.02572
1.52126
2.94651
0.954027
2.0267
0.685708
2.58752
2.51703
0.610083
0.527708
2.85875
0.589062
0.905063
0.605383
1.45033
0.40517
2.089
2.14061
2.63316
0.34373
2.05499
2.96787
0.562145
0.364409
1.85016
1.36924
0.321
0.825422
2.57223
2.93446
1.89348
0.519333
1.81248
0.781329
2.44926
1.36454
0.932237
1.67712
0.933262
0.588891
2.26084
1.19483
1.54347
0.244691
1.90135
2.8455
2.88746
0.89122
2.03303
1.12032
0.201965
0.882418
0.797479
0.98385
1.42717
1.6984
0.455159
2.15283
0.51865
1.55646
0.30126
1.09904
1.18782
2.94104
1.0276
0.714591
0.856868
2.28793
1.01709
2.17659
2.81662
1.46281
2.86114
2.54693
2.77278
0.86943
2.18359
0.648622
0.971545
2.62564
2.26264
1.15219
2.88849
0.445418
1.33489
2.61128
0.870028
1.46375
1.6714
1.38633
0.515659
0.641444
1.31164
2.79098
2.98667
0.588806
0.744584
1.40103
1.42948
0.243922
2.22188
0.26238
0.702286
0.444478
0.393548
2.93583
0.990942
0.229737
0.751677
0.515403
2.10207
1.111
2.96975
2.35997
2.62145
1.54638
2.42653
1.07212
0.324162
1.66003
0.200171
1.66533
1.62542
0.440803
2.02192
2.65443
1.65798
2.6593
2.07421
0.207947
1.56441
0.939927
2.12455
1.10066
2.19265
0.627088
0.27853
0.800726
1.57988
2.48011
2.64307
2.03337
2.61555
2.43747
0.583935
2.15488
2.26717
1.88631
0.469088
2.27614
2.36065
0.874215
0.980773
2.87302
2.09857
1.30241
2.08814
2.42081
1.10699
0.936167
2.36492
2.9906
1.19688
2.47088
1.54065
2.94471
2.0273
1.69156
1.37377
0.268618
1.25909
1.36197
2.13266
0.677932
2.78594
0.882675
1.77248
0.835676
1.62952
2.75381
0.696902
2.42047
2.28784
2.68092
2.38945
2.17983
2.72314
1.56185
1.60414
2.50916
0.776714
0.590942
0.80235
1.69122
2.79944
0.918906
1.72318
2.73544
1.68361
2.70596
1.57441
2.75398
2.08558
2.60461
2.33279
1.81179
1.22499
1.31173
1.03982
1.58859
0.249733
0.624866
0.381841
1.9897
2.15189
1.642
1.84025
2.44405
1.22491
0.341935
1.10092
2.02611
1.24747
0.582482
1.21004
2.33988
2.98214
1.55398
1.56279
1.7013
0.976244
2.12617
0.61316
1.35847
0.253493
1.52476
1.19338
1.08537
0.481906
2.3774
0.328092
2.08737
0.206665
1.16321
2.83311
2.95616
2.33621
2.90711
1.38453
1.01111
0.66708
0.353215
1.54723
1.56569
1.43717
2.05721
0.84875
2.65401
0.892331
2.03345
0.38731
2.55821
0.857466
0.5953
2.86029
0.47148
2.89515
2.62666
2.70194
1.23636
1.44315
2.11968
0.616834
2.89319
0.516599
2.41987
0.597351
0.379278
1.56185
2.61316
2.1113
0.914292
1.05042
2.29366
1.5492
0.409357
1.40103
2.74894
1.61688
0.438581
1.01547
0.801923
0.762444
1.10946
0.617005
0.944371
0.52335
1.77001
2.87968
2.80192
2.88319
0.890023
0.53292
0.766118
1.92322
1.85477
2.73348
0.433283
0.659047
2.00654
2.4872
1.88477
1.34711
2.47421
2.11301
2.04858
2.95044
2.12634
2.33211
2.57915
1.6502
1.98628
1.97381
2.69195
2.89113
0.246144
0.682205
2.59154
1.64781
1.4182
1.21414
2.52976
0.999658
2.95932
0.912839
0.732109
0.50173
2.50848
2.54839
0.429695
2.03995
0.272378
0.50831
1.2338
1.05589
0.49874
0.530442
1.89101
2.43217
0.572997
0.960692
0.856526
0.921982
2.47686
2.12754
2.12318
1.81393
1.54672
2.61786
1.54245
2.11626
1.26806
1.4429
0.276821
2.35125
0.644349
1.28208
1.02017
2.84465
2.87789
0.990173
2.82277
1.39915
0.299039
0.558812
0.559838
2.23905
1.08374
1.11604
2.08139
2.71297
2.29348
0.754582
1.87768
1.2432
2.77791
2.37415
2.70314
1.4088
2.47703
0.725871
1.59047
2.44892
0.458834
1.24807
0.897458
1.47528
2.63307
1.47716
2.82047
0.481307
1.07417
1.62534
0.413202
1.43358
0.296133
0.309464
1.95005
2.13557
2.01218
2.82055
0.867635
1.34899
1.31916
0.719291
0.926426
0.662123
1.04435
0.548643
0.426362
0.391412
1.9903
1.64636
0.3163
2.20342
1.0176
0.848836
1.63328
1.74676
2.30066
2.47225
1.11049
0.778936
0.896261
2.15753
0.789959
2.47755
2.76099
1.36898
1.27866
2.62196
1.15467
1.53194
2.88532
1.93399
1.56928
0.997693
1.07409
1.86469
1.11869
2.62384
0.475497
0.714676
0.527708
1.95638
0.288272
2.77518
2.25845
0.202307
0.513523
1.37804
2.90993
0.778851
1.45554
1.74215
0.630335
2.82807
1.12886
2.50276
0.47806
0.883273
2.20795
1.81205
2.06934
1.27609
2.35723
2.899
2.85037
2.87003
1.97971
0.974108
1.33087
0.309464
0.420124
1.96911
2.81765
2.17078
0.662123
1.79667
0.783294
1.80291
1.95484
1.81897
0.811151
2.44636
0.408161
0.413031
1.45007
0.815766
2.19368
2.71852
1.71968
2.73578
2.18727
2.45755
2.80184
0.215979
2.694
0.312711
0.85627
0.354155
2.68955
1.55125
2.89848
1.85332
1.41777
1.38282
1.0758
1.14159
2.78116
1.53826
1.68165
2.28246
2.76142
2.1571
2.2423
0.661098
2.30861
1.27105
1.81675
1.437
2.73527
1.97159
2.24546
0.74749
0.853536
0.747148
1.4852
1.85255
2.49336
1.88135
1.16877
2.60573
1.63739
0.594531
1.52638
1.24038
2.61307
2.22136
0.205896
1.65883
1.77599
0.507627
1.73019
0.810468
0.524973
1.91715
0.928391
0.947447
2.48447
2.2335
0.279043
1.34548
2.29237
2.34621
2.10258
1.07708
2.83157
0.307498
1.94006
1.02384
1.14091
1.74847
2.45678
0.317154
2.24486
2.53976
1.40709
0.593164
1.13843
2.58761
0.998633
2.04969
0.56505
1.84999
0.593335
1.89391
2.02474
1.06161
0.482333
1.5668
1.25072
0.254775
1.07323
2.53266
1.19098
0.764153
2.82568
2.62034
0.933091
1.00256
2.47447
0.705448
1.60953
2.89532
2.07686
2.11925
1.7207
2.4602
1.22064
1.7718
0.513694
1.02213
2.93266
1.77872
1.45401
2.14805
0.822944
1.3771
0.827387
2.79047
0.404572
1.91844
1.11015
2.52711
2.92301
1.12715
0.544713
2.98488
1.83683
2.61085
1.35779
1.73377
1.48408
0.810724
2.05977
0.340312
1.67302
0.979577
2.26135
2.8667
2.53446
0.773724
2.24623
2.1031
1.37351
1.44837
0.536167
2.62213
2.25845
0.442085
2.4872
2.34091
1.68267
2.53899
1.15296
1.27994
1.83956
1.39539
2.25469
1.20491
0.845845
2.21957
1.29259
0.440034
0.25204
0.990344
1.43939
0.73997
1.57689
2.20376
2.65067
2.50771
1.4035
1.7342
0.230677
2.44593
1.57501
2.79842
1.69225
0.729716
2.02662
2.80833
2.14565
0.988037
1.1921
2.30237
2.65665
1.78052
2.32177
1.74112
0.609314
2.05875
0.249904
0.955052
2.91207
2.49789
2.94907
0.632301
2.28408
2.78774
0.807477
1.03444
1.05999
1.96894
2.37031
2.92566
0.349541
1.90357
1.87785
0.305789
2.5906
1.36616
2.94181
0.732536
1.33215
0.444136
2.89549
1.22038
0.686392
2.73339
0.555651
0.305704
1.88485
1.41794
1.93365
2.26323
2.17812
1.12117
2.6329
1.66251
2.31664
2.81474
2.67135
2.25213
0.64828
0.873788
1.66482
2.35817
0.872591
0.766631
2.11045
0.785601
0.286734
2.8643
2.30587
0.2094
2.36338
2.85926
1.04324
0.44217
0.894894
1.8805
1.21517
0.567956
1.94476
1.19192
0.869173
2.32775
2.84038
2.56155
0.849434
2.94403
2.84755
0.389618
0.762444
0.574535
1.16193
0.683145
1.20457
0.579235
0.857125
2.56326
0.788763
0.990002
2.42431
2.59419
0.308097
1.37069
2.74347
2.42064
2.57317
2.25426
2.7222
1.60167
0.661354
2.94429
0.240077
0.927451
1.91621
1.26934
2.43576
0.907797
2.03175
0.277505
0.374664
1.11869
1.3624
0.257253
1.73489
1.89536
2.99453
0.674001
2.94805
2.85883
0.7163
1.60859
2.0338
2.56351
2.82559
1.28601
0.764068
2.15317
1.9104
1.68079
2.19598
0.513779
0.943089
1.98825
2.60957
0.608802
0.221876
0.346721
0.68887
0.48652
2.30032
0.401239
0.583593
2.64555
1.04025
1.09306
0.888314
1.24619
0.727067
2.66503
2.17753
0.456355
0.58385
1.66875
2.73348
1.01752
1.82239
2.3621
1.10451
2.71946
0.56787
0.483358
0.331339
1.87161
1.39658
0.391241
1.67909
0.657765
0.820978
1.95586
2.31169
1.86161
0.66332
1.39086
1.54723
0.2511
0.652467
1.21226
2.1313
2.90899
2.18231
0.712284
2.76561
2.99658
0.569921
1.33514
1.9292
0.839009
0.550523
1.14347
0.831404
2.41918
1.54595
1.56125
0.330998
2.36714
1.44546
0.582141
2.06242
1.93356
1.83555
1.23012
0.203589
1.83461
1.81649
1.05947
2.126
0.854305
2.54326
2.68289
2.76022
1.69455
1.22764
2.71348
1.31933
1.75719
2.3404
1.91015
2.01423
1.14809
2.34937
2.31211
0.598975
2.78987
0.932237
0.550865
1.98509
0.529844
0.60094
1.92732
0.760393
2.93309
2.87524
2.84072
0.651869
1.84435
2.14275
