252 
0: 1 42 86 169 211 240 
1: 0 211 240 
2: 3 34 43 85 143 169 199 
3: 2 142 143 
4: 5 37 84 145 169 213 
5: 4 144 145 
6: 7 36 38 83 146 169 213 
7: 6 146 147 
8: 9 55 93 170 214 241 
9: 8 214 241 
10: 11 47 56 92 149 170 178 
11: 10 148 149 
12: 13 50 91 151 170 216 
13: 12 150 151 
14: 15 49 51 90 152 170 216 
15: 14 152 153 
16: 17 68 100 172 217 242 
17: 16 217 242 
18: 19 60 69 99 155 172 184 
19: 18 154 155 
20: 21 63 98 157 172 219 
21: 20 156 157 
22: 23 62 64 97 158 172 219 
23: 22 158 159 
24: 25 107 220 243 
25: 24 220 243 
26: 27 77 106 190 222 
27: 26 79 222 
28: 29 73 78 105 161 164 221 
29: 28 160 161 
30: 31 72 74 104 162 
31: 30 162 163 
32: 33 143 
33: 32 41 44 142 213 
34: 2 142 
35: 36 145 
36: 6 35 40 144 
37: 4 144 
38: 6 147 
39: 40 146 
40: 36 39 41 53 82 88 89 95 96 102 103 109 147 194 
41: 33 40 212 
42: 0 165 
43: 2 165 211 212 
44: 33 211 
45: 46 149 
46: 45 54 57 148 216 
47: 10 148 
48: 49 151 
49: 14 48 53 150 
50: 12 150 
51: 14 153 
52: 53 152 
53: 40 49 52 54 66 153 165 
54: 46 53 215 
55: 8 166 
56: 10 166 214 215 
57: 46 214 
58: 59 155 
59: 58 67 70 154 219 
60: 18 154 
61: 62 157 
62: 22 61 66 156 
63: 20 156 
64: 22 159 
65: 66 158 
66: 53 62 65 67 76 159 166 
67: 59 66 218 
68: 16 167 
69: 18 167 217 218 
70: 59 217 
71: 72 161 
72: 30 71 76 81 160 223 
73: 28 160 
74: 30 163 
75: 76 162 
76: 66 72 75 163 167 
77: 26 80 220 223 
78: 28 223 
79: 27 80 
80: 77 79 164 
81: 72 164 221 
82: 40 192 
83: 6 88 192 
84: 4 111 244 
85: 2 113 
86: 0 199 
87: 88 244 
88: 40 83 87 111 
89: 40 174 
90: 14 95 174 
91: 12 175 245 
92: 10 176 
93: 8 178 
94: 95 245 
95: 40 90 94 175 
96: 40 180 
97: 22 102 180 
98: 20 181 246 
99: 18 182 
100: 16 184 
101: 102 246 
102: 40 97 101 181 
103: 40 186 
104: 30 109 186 
105: 28 187 247 
106: 26 188 
107: 24 190 
108: 109 247 
109: 40 104 108 187 
110: 111 225 
111: 84 88 110 
112: 113 224 
113: 85 112 244 
114: 115 225 
115: 114 
116: 117 224 
117: 116 
118: 119 227 
119: 118 169 175 
120: 121 226 
121: 120 169 176 
122: 123 227 
123: 122 
124: 125 226 
125: 124 
126: 127 229 
127: 126 168 181 
128: 129 228 
129: 128 168 182 
130: 131 229 
131: 130 
132: 133 228 
133: 132 
134: 135 231 
135: 134 171 187 
136: 137 230 
137: 136 171 188 
138: 139 231 
139: 138 
140: 141 230 
141: 140 
142: 3 33 34 
143: 2 3 32 
144: 5 36 37 
145: 4 5 35 
146: 6 7 39 
147: 7 38 40 
148: 11 46 47 
149: 10 11 45 
150: 13 49 50 
151: 12 13 48 
152: 14 15 52 
153: 15 51 53 
154: 19 59 60 
155: 18 19 58 
156: 21 62 63 
157: 20 21 61 
158: 22 23 65 
159: 23 64 66 
160: 29 72 73 
161: 28 29 71 
162: 30 31 75 
163: 31 74 76 
164: 28 80 81 
165: 42 43 53 213 
166: 55 56 66 216 
167: 68 69 76 219 
168: 127 129 169 170 171 179 183 
169: 0 2 4 6 119 121 168 173 177 
170: 8 10 12 14 168 
171: 135 137 168 172 185 189 
172: 16 18 20 22 171 
173: 169 174 196 
174: 89 90 173 
175: 91 95 119 
176: 92 121 245 
177: 169 178 203 
178: 10 93 177 245 
179: 168 180 201 
180: 96 97 179 
181: 98 102 127 
182: 99 129 246 
183: 168 184 207 
184: 18 100 183 246 
185: 171 186 205 
186: 103 104 185 
187: 105 109 135 
188: 106 137 247 
189: 171 190 209 
190: 26 107 189 247 
191: 192 193 248 
192: 82 83 191 
193: 191 
194: 40 195 248 
195: 194 
196: 173 197 249 
197: 196 
198: 199 200 249 
199: 2 86 198 244 
200: 198 
201: 179 202 250 
202: 201 
203: 177 204 250 
204: 203 
205: 185 206 251 
206: 205 
207: 183 208 251 
208: 207 
209: 189 210 239 
210: 209 
211: 0 1 43 44 
212: 41 43 213 240 
213: 4 6 33 165 212 
214: 8 9 56 57 
215: 54 56 216 241 
216: 12 14 46 166 215 
217: 16 17 69 70 
218: 67 69 219 242 
219: 20 22 59 167 218 
220: 24 25 77 221 
221: 28 81 220 222 
222: 26 27 221 
223: 72 77 78 243 
224: 112 116 233 
225: 110 114 233 
226: 120 124 234 
227: 118 122 234 
228: 128 132 236 
229: 126 130 236 
230: 136 140 238 
231: 134 138 238 
232: 233 234 235 
233: 224 225 232 248 
234: 226 227 232 249 
235: 232 236 237 
236: 228 229 235 250 
237: 235 238 239 
238: 230 231 237 251 
239: 209 237 
240: 0 1 212 
241: 8 9 215 
242: 16 17 218 
243: 24 25 223 
244: 84 87 113 199 
245: 91 94 176 178 
246: 98 101 182 184 
247: 105 108 188 190 
248: 191 194 233 
249: 196 198 234 
250: 201 203 236 
251: 205 207 238 
