328 
0: 18 117 155 167 
1: 291 
2: 45 112 167 229 
3: 6 9 
4: 117 221 229 321 
5: 245 
6: 3 
7: 321 
8: 45 229 321 
9: 3 229 
10: 45 112 
11: 12 18 
12: 11 18 229 
13: 14 45 
14: 13 15 16 17 45 
15: 14 45 
16: 14 45 
17: 14 45 
18: 0 11 12 34 52 53 57 86 112 113 121 122 132 139 144 166 176 198 232 284 289 
19: 24 
20: 24 
21: 24 
22: 24 
23: 24 
24: 19 20 21 22 23 38 
25: 321 
26: 321 
27: 321 
28: 275 
29: 112 
30: 321 
31: 32 33 280 
32: 31 
33: 31 
34: 18 35 
35: 34 
36: 37 45 98 112 157 221 
37: 36 45 155 
38: 24 155 
39: 45 123 
40: 279 
41: 264 
42: 45 
43: 44 65 75 160 215 229 276 288 305 316 
44: 43 
45: 2 8 10 13 14 15 16 17 36 37 39 42 51 55 57 58 59 67 68 83 87 98 105 113 119 120 123 124 126 133 134 136 139 140 141 143 144 147 149 170 175 188 189 190 192 193 194 196 201 202 211 217 218 234 236 249 253 258 272 274 279 284 293 294 297 301 306 308 309 311 322 324 
46: 47 239 
47: 46 239 
48: 153 157 
49: 278 
50: 264 
51: 45 
52: 18 112 
53: 18 112 
54: 59 233 234 249 279 306 309 
55: 45 
56: 278 
57: 18 45 280 325 
58: 45 112 221 325 
59: 45 54 60 
60: 59 234 306 
61: 112 221 
62: 230 279 
63: 279 
64: 155 229 245 
65: 43 
66: 67 
67: 45 66 
68: 45 69 
69: 68 
70: 278 
71: 278 
72: 278 
73: 278 
74: 278 
75: 43 278 
76: 278 
77: 278 
78: 278 
79: 155 
80: 148 
81: 123 
82: 237 238 
83: 45 
84: 237 
85: 88 
86: 18 88 
87: 45 88 239 
88: 85 86 87 167 313 
89: 96 280 
90: 112 221 
91: 92 
92: 91 123 
93: 123 
94: 123 
95: 123 
96: 89 161 164 280 
97: 123 
98: 36 45 
99: 278 
100: 105 
101: 105 106 
102: 106 
103: 106 
104: 105 106 
105: 45 100 101 104 106 109 110 111 157 239 
106: 101 102 103 104 105 107 108 109 110 111 157 215 296 305 
107: 106 
108: 106 
109: 105 106 
110: 105 106 
111: 105 106 
112: 2 10 18 29 36 52 53 58 61 90 113 115 139 164 166 219 220 223 227 232 284 297 
113: 18 45 112 155 221 
114: 197 291 
115: 112 221 325 
116: 117 
117: 0 4 116 166 250 258 266 
118: 229 269 
119: 45 120 
120: 45 119 
121: 18 
122: 18 197 275 291 
123: 39 45 81 92 93 94 95 97 289 302 
124: 45 125 275 
125: 124 126 
126: 45 125 211 
127: 129 
128: 129 
129: 127 128 183 264 
130: 216 
131: 132 
132: 18 131 155 
133: 45 
134: 45 
135: 217 
136: 45 138 216 280 
137: 264 
138: 136 155 280 
139: 18 45 112 142 
140: 45 142 
141: 45 142 
142: 139 140 141 143 
143: 45 142 
144: 18 45 
145: 183 
146: 208 264 
147: 45 148 
148: 80 147 149 
149: 45 148 
150: 245 
151: 279 
152: 264 
153: 48 
154: 279 
155: 0 37 38 64 79 113 132 138 156 161 164 219 220 232 237 238 239 242 255 289 297 
156: 155 
157: 36 48 105 106 225 241 270 295 
158: 279 
159: 279 
160: 43 278 
161: 96 155 280 
162: 326 
163: 280 
164: 96 112 155 
165: 279 
166: 18 112 117 
167: 0 2 88 
168: 183 
169: 275 
170: 45 
171: 229 245 
172: 183 
173: 278 
174: 175 
175: 45 174 
176: 18 
177: 321 
178: 321 
179: 183 
180: 183 
181: 279 
182: 278 
183: 129 145 168 172 179 180 187 237 238 240 241 283 285 295 
184: 185 
185: 184 297 
186: 321 
187: 183 
188: 45 193 
189: 45 194 
190: 45 193 
191: 193 
192: 45 193 
193: 45 188 190 191 192 195 212 
194: 45 189 
195: 193 
196: 45 212 217 
197: 114 122 224 275 289 327 
198: 18 
199: 275 
200: 278 
201: 45 202 
202: 45 201 
203: 207 208 
204: 207 
205: 207 
206: 208 
207: 203 204 205 208 
208: 146 203 206 207 
209: 321 
210: 321 
211: 45 126 
212: 193 196 257 258 
213: 279 
214: 279 
215: 43 106 
216: 130 136 265 280 
217: 45 135 196 218 
218: 45 217 
219: 112 155 221 
220: 112 155 221 
221: 4 36 58 61 90 113 115 219 220 227 231 232 303 
222: 229 
223: 112 
224: 197 275 291 
225: 157 226 229 
226: 225 
227: 112 221 
228: 278 
229: 2 4 8 9 12 43 64 118 171 222 225 241 243 253 
230: 62 321 
231: 221 
232: 18 112 155 221 
233: 54 
234: 45 54 60 
235: 280 
236: 45 
237: 82 84 155 183 239 
238: 82 155 183 239 
239: 46 47 87 105 155 237 238 
240: 183 
241: 157 183 229 
242: 155 
243: 229 
244: 278 
245: 5 64 150 171 
246: 321 
247: 321 
248: 321 
249: 45 54 
250: 117 
251: 321 
252: 321 
253: 45 229 321 
254: 264 
255: 155 256 280 
256: 255 
257: 212 
258: 45 117 212 
259: 264 
260: 264 
261: 264 
262: 264 
263: 264 
264: 41 50 129 137 146 152 254 259 260 261 262 263 267 268 292 319 
265: 216 
266: 117 
267: 264 
268: 264 
269: 118 315 
270: 157 
271: 278 
272: 45 273 
273: 272 274 
274: 45 273 
275: 28 122 124 169 197 199 224 289 317 318 320 327 
276: 43 
277: 278 
278: 49 56 70 71 72 73 74 75 76 77 78 99 160 173 182 200 228 244 271 277 279 288 312 316 
279: 40 45 54 62 63 151 154 158 159 165 181 213 214 278 
280: 31 57 89 96 136 138 161 163 216 235 255 282 326 
281: 282 
282: 280 281 
283: 183 
284: 18 45 112 321 
285: 183 
286: 321 
287: 321 
288: 43 278 
289: 18 123 155 197 275 291 
290: 291 
291: 1 114 122 224 289 290 327 
292: 264 
293: 45 
294: 45 
295: 157 183 
296: 106 
297: 45 112 155 185 298 
298: 297 
299: 321 
300: 321 
301: 45 
302: 123 
303: 221 304 
304: 303 
305: 43 106 
306: 45 54 60 
307: 321 
308: 45 
309: 45 54 
310: 311 
311: 45 310 
312: 278 
313: 88 
314: 321 
315: 269 
316: 43 278 
317: 275 
318: 275 
319: 264 
320: 275 
321: 4 7 8 25 26 27 30 177 178 186 209 210 230 246 247 248 251 252 253 284 286 287 299 300 307 314 
322: 45 
323: 324 
324: 45 323 
325: 57 58 115 
326: 162 280 
327: 197 275 291 
