3000
0: 2071 1646 1522 1202 1169 1124 1081 1035 853 
1: 2316 2028 1497 1368 1361 966 841 468 436 
2: 2797 2531 2249 2080 1907 1047 785 545 280 
3: 2934 2696 2414 2310 1813 1236 796 779 424 
4: 1556 901 874 799 798 572 538 316 
5: 2978 964 951 759 716 691 510 223 
6: 2952 1761 1020 943 934 933 721 162 
7: 1995 1821 1332 1067 1065 405 372 97 
8: 2144 1850 1687 1185 1162 960 804 505 
9: 2926 1861 1598 1475 843 842 614 236 
10: 2155 1966 1640 1599 1066 1060 907 325 
11: 2460 2022 1872 1618 1186 476 279 119 
12: 2888 2120 1882 1371 1152 1049 1039 85 
13: 2678 2143 1780 856 848 778 392 289 
14: 2212 2211 1889 1386 859 786 78 62 
15: 2680 2225 1170 323 302 262 253 164 
16: 2402 2264 1674 1508 1258 1111 418 22 
17: 2672 2266 2089 1931 550 538 281 227 
18: 2357 2330 1995 1622 968 862 784 714 
19: 2887 2370 1725 1448 1038 678 262 30 
20: 2871 2528 2065 2064 2040 1075 850 229 
21: 2786 2627 1897 1572 815 658 535 169 
22: 2808 2670 1750 1407 1112 940 99 16 
23: 2798 2727 2726 886 884 804 641 514 
24: 2966 2740 2461 2233 1384 977 950 826 
25: 2915 2763 1395 1269 918 399 379 301 
26: 2954 2847 2356 2355 1689 1596 964 749 
27: 2885 2884 2459 2309 1442 778 586 93 
28: 1715 922 894 421 213 197 34 
29: 1538 1025 1007 827 519 314 300 
30: 1327 1061 750 444 159 51 19 
31: 2235 1120 1000 892 875 529 460 
32: 1656 1443 1301 1239 1069 411 241 
33: 2024 1471 994 957 616 514 247 
34: 2943 1569 1044 799 619 73 28 
35: 2730 1594 793 697 581 92 62 
36: 2857 1666 1138 1073 537 536 237 
37: 1955 1670 981 815 634 244 235 
38: 1771 1690 1105 1056 785 357 151 
39: 1753 1693 903 807 381 116 58 
40: 2169 1703 1108 1028 347 131 78 
41: 1752 1733 1544 1499 1139 751 279 
42: 2094 1782 1053 1037 159 130 116 
43: 2132 1808 994 860 857 339 302 
44: 1978 1827 929 858 780 461 157 
45: 2464 1858 1660 918 598 317 112 
46: 1875 1863 1180 1042 310 266 183 
47: 2008 1900 1075 853 563 257 230 
48: 2582 1936 1589 741 545 289 66 
49: 2215 1937 1697 1592 859 788 555 
50: 2576 1948 1809 1162 1063 993 866 
51: 2066 1953 1066 840 243 218 30 
52: 2087 2039 1045 729 539 526 175 
53: 2561 2060 2059 1757 936 662 97 
54: 2241 2078 1476 1394 1014 629 197 
55: 2983 2079 1224 1160 974 322 59 
56: 2761 2097 1352 808 744 657 322 
57: 2491 2110 1918 1823 1467 400 351 
58: 2721 2117 2060 1351 288 141 39 
59: 2392 2133 1893 487 405 290 55 
60: 2723 2133 1859 938 602 338 284 
61: 2422 2187 1614 1612 777 769 62 
62: 2702 2207 1299 478 61 35 14 
63: 2642 2208 845 806 734 333 277 
64: 2735 2232 1714 1627 1037 977 380 
65: 2319 2318 1896 1877 916 752 182 
66: 2482 2339 1808 1513 732 155 48 
67: 2604 2346 1730 795 667 452 355 
68: 2481 2348 2170 1644 1151 644 583 
69: 2724 2355 2344 1245 1229 661 338 
70: 2504 2470 2010 1829 1828 1359 218 
71: 2674 2512 1831 1830 1223 622 93 
72: 2818 2547 1886 811 715 544 86 
73: 2987 2562 1878 1434 871 321 34 
74: 2656 2574 2230 2181 1423 649 177 
75: 2645 2575 1992 1342 1051 624 294 
76: 2839 2575 1077 967 907 876 142 
77: 2581 2580 2399 1216 1024 448 243 
78: 2654 2594 1961 675 562 40 14 
79: 2683 2597 1285 1070 852 504 252 
80: 2913 2681 1596 1506 900 565 341 
81: 2869 2784 2225 1333 1326 1309 707 
82: 2945 2803 2242 1745 1174 793 792 
83: 2927 2843 2842 2217 1932 1916 313 
84: 2904 2874 1059 984 937 204 140 
85: 2953 481 463 440 384 12 
86: 1164 522 414 342 236 72 
87: 1380 601 519 291 240 199 
88: 2418 652 637 531 378 178 
89: 1109 784 748 534 247 185 
90: 1587 830 653 265 262 125 
91: 2305 835 792 402 211 92 
92: 2413 838 756 521 91 35 
93: 890 841 513 374 71 27 
94: 1677 875 874 771 740 348 
95: 1977 898 430 332 295 112 
96: 1841 909 799 751 492 203 
97: 1580 920 619 615 53 7 
98: 1389 932 893 892 878 861 
99: 2388 942 462 350 128 22 
100: 1251 980 949 879 811 195 
101: 1176 1029 923 623 386 304 
102: 1318 1036 735 715 622 349 
103: 1901 1046 975 741 420 267 
104: 1405 1050 795 393 374 122 
105: 2837 1070 1056 833 497 249 
106: 2237 1071 966 468 438 199 
107: 2259 1072 992 724 554 163 
108: 2096 1082 879 578 301 124 
109: 1679 1127 863 861 782 310 
110: 1574 1128 880 813 755 271 
111: 1706 1131 1130 1011 723 651 
112: 1450 1145 548 161 95 45 
113: 1963 1175 1013 726 589 132 
114: 2282 1217 1123 761 578 175 
115: 2251 1232 1136 826 646 254 
116: 1852 1238 399 382 42 39 
117: 1540 1244 1146 885 541 510 
118: 2551 1263 1243 1103 845 833 
119: 2473 1276 776 266 165 11 
120: 1576 1283 806 643 604 144 
121: 1537 1294 880 637 490 136 
122: 2198 1347 1211 968 860 104 
123: 1357 1348 1198 1086 463 438 
124: 2555 1355 1241 810 809 108 
125: 2503 1369 1308 1020 359 90 
126: 1810 1383 990 867 847 489 
127: 2198 1421 1124 1079 709 445 
128: 2599 1427 1400 1016 451 99 
129: 2312 1432 459 363 303 287 
130: 2619 1441 1253 1089 203 42 
131: 2156 1447 1375 1089 409 40 
132: 2726 1455 1064 747 511 113 
133: 2046 1472 809 358 161 143 
134: 1944 1480 1358 783 388 331 
135: 2386 1496 1257 787 286 137 
136: 1784 1496 1335 1122 839 121 
137: 1723 1506 1299 1277 272 135 
138: 1976 1528 914 692 449 206 
139: 2600 1529 839 609 564 321 
140: 2381 1543 1362 569 290 84 
141: 2578 1545 904 881 791 58 
142: 1772 1558 1453 691 501 76 
143: 1837 1584 969 328 286 133 
144: 2021 1591 1331 951 237 120 
145: 1957 1599 457 427 369 191 
146: 2380 1606 1302 1155 891 319 
147: 1855 1624 1156 825 800 283 
148: 2688 1625 1509 1083 392 348 
149: 1854 1637 1618 1550 1046 525 
150: 2033 1641 902 464 274 220 
151: 1925 1652 1206 784 287 38 
152: 1673 1657 1458 1448 1158 650 
153: 2046 1659 1272 801 772 299 
154: 1793 1686 1177 967 819 817 
155: 2859 1720 796 754 309 66 
156: 2802 1724 1685 1062 458 424 
157: 2879 1730 1607 783 782 44 
158: 2045 1732 1623 1515 1179 524 
159: 2036 1757 1581 1196 42 30 
160: 2269 1778 779 728 506 237 
161: 2866 1786 1705 268 133 112 
162: 1839 1812 790 695 410 6 
163: 2113 1815 1346 1281 753 107 
164: 2697 1824 877 747 211 15 
165: 2131 1827 1805 1220 284 119 
166: 1900 1833 1832 1041 658 429 
167: 2583 1836 1638 1311 891 295 
168: 2896 1839 1132 791 336 224 
169: 2488 1840 1357 776 599 21 
170: 2516 1843 1550 887 456 308 
171: 2962 1848 1758 1694 963 801 
172: 2989 1856 1431 1303 1156 281 
173: 2016 1858 1354 897 848 282 
174: 2022 1875 1346 630 627 462 
175: 2116 1876 931 806 114 52 
176: 2068 1880 909 779 565 267 
177: 2132 1885 988 933 583 74 
178: 2612 1886 1839 879 824 88 
179: 1946 1888 1338 917 698 494 
180: 2118 1891 1772 1590 1115 552 
181: 1939 1894 1785 1389 521 449 
182: 2207 1895 1756 546 407 65 
183: 2981 1899 1454 1026 344 46 
184: 2027 1903 1025 737 600 445 
185: 2315 1910 1473 403 282 89 
186: 2890 1912 1060 927 561 291 
187: 2109 1915 1882 1008 945 878 
188: 2858 1919 1088 1087 365 313 
189: 1993 1929 889 718 337 329 
190: 2507 1935 1557 1111 788 321 
191: 1949 1948 1322 200 195 145 
192: 2543 1956 1928 1452 971 652 
193: 2230 1968 842 802 334 278 
194: 2646 1968 1188 1008 985 387 
195: 2327 1968 1197 902 191 100 
196: 2030 1971 1725 1305 587 361 
197: 2698 1991 1820 395 54 28 
198: 2003 2002 1804 876 630 544 
199: 2338 2016 1493 1477 106 87 
200: 2992 2017 765 509 413 191 
201: 2345 2018 1541 1387 379 208 
202: 2025 2024 1980 1926 1027 337 
203: 2351 2061 1722 1416 130 96 
204: 2814 2063 1445 1336 232 84 
205: 2917 2068 1394 1018 884 855 
206: 2220 2069 1491 954 852 138 
207: 2190 2076 1905 963 618 576 
208: 2961 2090 939 870 433 201 
209: 2492 2107 2106 925 777 443 
210: 2182 2108 1984 837 669 361 
211: 2306 2108 1022 703 164 91 
212: 2267 2114 2004 1043 897 288 
213: 2924 2123 1985 1984 371 28 
214: 2875 2130 1428 952 916 395 
215: 2505 2140 1418 1403 1061 775 
216: 2911 2141 1620 1242 896 725 
217: 2701 2142 1783 920 370 285 
218: 2245 2146 566 280 70 51 
219: 2167 2147 2136 1626 1292 305 
220: 2794 2147 790 381 245 150 
221: 2368 2155 2049 946 934 921 
222: 2270 2166 1647 1407 417 300 
223: 2172 2171 965 727 718 5 
224: 2577 2185 1315 1295 412 168 
225: 2759 2189 1110 962 298 285 
226: 2479 2191 877 645 549 251 
227: 2498 2192 2109 1271 361 17 
228: 2393 2195 1675 1658 1372 778 
229: 2824 2203 1878 1247 336 20 
230: 2944 2204 1676 1025 814 47 
231: 2663 2221 1845 1297 746 596 
232: 2942 2253 1873 687 628 204 
233: 2359 2321 2320 2084 1128 909 
234: 2960 2334 2333 1937 1271 702 
235: 2442 2343 2093 1972 296 37 
236: 2568 2360 1390 624 86 9 
237: 2958 2369 780 160 144 36 
238: 2618 2378 2285 1879 785 442 
239: 2458 2384 1270 901 832 831 
240: 2739 2397 2027 1439 1228 87 
241: 2468 2403 2329 2223 366 32 
242: 2445 2411 2287 1402 455 347 
243: 2791 2428 2009 276 77 51 
244: 2572 2438 1879 960 451 37 
245: 2615 2439 2346 1096 330 220 
246: 2453 2449 2012 1510 1421 311 
247: 2499 2455 1059 665 89 33 
248: 2852 2469 2175 1926 1011 856 
249: 2667 2474 2205 2204 308 105 
250: 2637 2476 1583 757 528 346 
251: 2661 2478 1655 956 422 226 
252: 2570 2495 975 915 844 79 
253: 2842 2496 1846 557 518 15 
254: 2676 2527 1542 803 626 115 
255: 2889 2539 2538 1774 1067 543 
256: 2560 2559 570 428 375 363 
257: 2800 2596 2571 2229 1074 47 
258: 2618 2617 2424 1479 635 597 
259: 2789 2630 1913 1484 1091 634 
260: 2880 2649 1877 1876 758 480 
261: 2929 2685 2082 2081 1769 477 
262: 2812 2703 962 90 19 15 
263: 2728 2727 1735 1676 1344 648 
264: 2751 2750 2580 2415 1642 882 
265: 2998 2751 1851 330 316 90 
266: 2833 2755 2754 2101 119 46 
267: 2817 2760 1077 414 176 103 
268: 2901 2765 2181 962 287 161 
269: 2774 2773 2725 2395 346 336 
270: 2844 2779 2778 2391 1044 282 
271: 2960 2782 2610 1234 1030 110 
272: 2893 2792 1524 1159 354 137 
273: 2996 2799 2666 1743 972 947 
274: 2832 2831 2748 1800 1101 150 
275: 2861 2860 2538 1012 416 376 
276: 2933 2870 2567 2260 993 243 
277: 2894 2870 2869 2427 1144 63 
278: 2977 2975 1849 1794 1350 193 
279: 499 367 309 41 11 
280: 441 398 314 218 2 
281: 1956 398 367 172 17 
282: 2070 413 270 185 173 
283: 2938 435 418 409 147 
284: 1341 473 466 165 60 
285: 1096 475 383 225 217 
286: 2320 481 297 143 135 
287: 2180 487 268 151 129 
288: 2552 503 359 212 58 
289: 1838 561 332 48 13 
290: 2798 572 294 140 59 
291: 863 592 293 186 87 
292: 1698 616 611 437 377 
293: 899 631 353 338 291 
294: 1435 649 319 290 75 
295: 1155 656 532 167 95 
296: 1798 662 606 372 235 
297: 2810 683 472 377 286 
298: 1752 691 511 493 225 
299: 2394 700 655 311 153 
300: 800 722 540 222 29 
301: 1959 746 420 108 25 
302: 2774 775 484 43 15 
303: 1377 781 578 393 129 
304: 2654 781 446 352 101 
305: 2863 792 766 602 219 
306: 2673 798 752 731 421 
307: 1136 803 802 552 406 
308: 2035 805 802 249 170 
309: 2807 807 800 279 155 
310: 2300 814 344 109 46 
311: 1999 815 525 299 246 
312: 2396 816 560 431 422 
313: 1166 823 549 188 83 
314: 1890 828 318 280 29 
315: 1176 829 644 613 327 
316: 2421 831 357 265 4 
317: 2743 834 658 364 45 
318: 1449 846 560 447 314 
319: 1443 847 343 294 146 
320: 1264 851 850 739 587 
321: 2019 853 190 139 73 
322: 2622 854 733 56 55 
323: 1088 858 459 457 15 
324: 1726 860 854 586 348 
325: 2776 861 432 360 10 
326: 1184 862 511 426 388 
327: 1781 864 750 696 315 
328: 2275 869 705 623 143 
329: 1298 872 871 829 189 
330: 1883 876 368 265 245 
331: 969 882 416 369 134 
332: 2196 889 690 289 95 
333: 2292 893 777 448 63 
334: 939 895 595 473 193 
335: 2509 897 894 669 442 
336: 2613 904 269 229 168 
337: 2020 905 595 202 189 
338: 1895 910 293 69 60 
339: 924 917 717 528 43 
340: 2518 929 906 513 431 
341: 1557 932 499 446 80 
342: 2122 932 868 670 86 
343: 953 933 892 458 319 
344: 1776 935 914 310 183 
345: 2704 937 789 488 440 
346: 2237 948 423 269 250 
347: 2168 958 456 242 40 
348: 1842 959 324 148 94 
349: 2185 959 398 366 102 
350: 2581 961 960 677 99 
351: 2186 961 855 593 57 
352: 2162 969 912 631 304 
353: 1568 970 782 781 293 
354: 999 978 905 357 272 
355: 1352 1001 998 670 67 
356: 2276 1009 988 664 570 
357: 2357 1015 354 316 38 
358: 2005 1016 1015 454 133 
359: 2466 1017 719 288 125 
360: 2823 1019 573 421 325 
361: 1430 1034 227 210 196 
362: 2426 1036 1035 850 728 
363: 2444 1036 945 256 129 
364: 1709 1040 989 803 317 
365: 1252 1041 1039 647 188 
366: 1643 1044 546 349 241 
367: 1734 1047 674 281 279 
368: 1959 1064 843 472 330 
369: 1181 1071 577 331 145 
370: 2364 1092 1004 713 217 
371: 2778 1100 885 848 213 
372: 2475 1102 465 296 7 
373: 2030 1107 1009 894 586 
374: 2552 1115 853 104 93 
375: 2137 1119 766 540 256 
376: 2337 1125 775 476 275 
377: 2736 1125 643 297 292 
378: 1282 1131 630 396 88 
379: 1419 1139 776 201 25 
380: 2733 1139 1124 819 64 
381: 2340 1142 978 220 39 
382: 2089 1143 1130 919 116 
383: 2018 1147 989 842 285 
384: 1535 1148 1113 818 85 
385: 1862 1152 1058 822 509 
386: 2714 1163 814 432 101 
387: 2284 1168 915 657 194 
388: 1983 1178 1167 326 134 
389: 2299 1190 1023 1002 547 
390: 1265 1191 1133 1095 408 
391: 2815 1192 839 478 458 
392: 2127 1194 1146 148 13 
393: 1519 1198 425 303 104 
394: 2130 1200 1116 614 440 
395: 1977 1201 810 214 197 
396: 2417 1203 883 507 378 
397: 2547 1204 825 555 453 
398: 2008 1209 349 281 280 
399: 2074 1221 834 116 25 
400: 1847 1225 973 801 57 
401: 1631 1226 1205 1079 656 
402: 2849 1228 590 508 91 
403: 2744 1229 1042 998 185 
404: 1505 1230 959 849 848 
405: 2142 1241 703 59 7 
406: 1577 1248 910 534 307 
407: 1300 1250 970 556 182 
408: 1491 1250 1195 711 390 
409: 1276 1272 575 283 131 
410: 2648 1275 1260 1109 162 
411: 1651 1277 792 791 32 
412: 1745 1278 1035 567 224 
413: 2272 1280 517 282 200 
414: 1504 1284 1114 267 86 
415: 2849 1289 986 625 485 
416: 2762 1291 594 331 275 
417: 2620 1293 990 663 222 
418: 2304 1301 1004 283 16 
419: 1427 1303 1017 568 439 
420: 2210 1308 881 301 103 
421: 1475 1317 360 306 28 
422: 2733 1325 921 312 251 
423: 2075 1329 1101 832 346 
424: 2531 1331 742 156 3 
425: 2054 1334 913 665 393 
426: 2178 1342 943 941 326 
427: 2225 1360 859 809 145 
428: 1964 1363 973 639 256 
429: 2669 1376 1251 1083 166 
430: 2949 1378 1162 1161 95 
431: 2397 1397 617 340 312 
432: 1876 1398 1055 386 325 
433: 2014 1401 1001 753 208 
434: 2076 1405 925 915 605 
435: 2939 1411 1134 751 283 
436: 2747 1412 888 745 1 
437: 1870 1412 1208 513 292 
438: 2706 1413 798 123 106 
439: 2211 1415 1391 567 419 
440: 1716 1425 394 345 85 
441: 2534 1429 1423 620 280 
442: 2997 1434 1010 335 238 
443: 1749 1437 858 857 209 
444: 2255 1438 1288 987 30 
445: 2148 1451 1353 184 127 
446: 2758 1455 541 341 304 
447: 2308 1460 1005 632 318 
448: 2187 1462 493 333 77 
449: 1895 1482 476 181 138 
450: 1982 1482 1004 542 504 
451: 1867 1484 1137 244 128 
452: 2468 1494 1343 832 67 
453: 2073 1495 1420 833 397 
454: 1897 1498 526 462 358 
455: 2334 1501 1457 1177 242 
456: 2259 1504 854 347 170 
457: 1932 1523 787 323 145 
458: 1898 1525 391 343 156 
459: 2659 1526 1204 323 129 
460: 2183 1526 585 538 31 
461: 1580 1539 1472 1247 44 
462: 1986 1543 454 174 99 
463: 1996 1548 588 123 85 
464: 2377 1551 1259 838 150 
465: 2476 1553 1027 676 372 
466: 2969 1555 1518 877 284 
467: 1837 1563 1227 944 482 
468: 2107 1564 1224 106 1 
469: 2829 1566 1469 1164 1108 
470: 2211 1570 996 922 846 
471: 2899 1575 1452 1153 797 
472: 2809 1578 673 368 297 
473: 1669 1582 1471 334 284 
474: 2922 1583 1038 928 492 
475: 2026 1584 671 638 285 
476: 2694 1587 449 376 11 
477: 1921 1605 788 624 261 
478: 2763 1607 1103 391 62 
479: 2681 1609 1401 742 640 
480: 2428 1613 1085 1028 260 
481: 2951 1631 807 286 85 
482: 1836 1633 1502 1036 467 
483: 2254 1634 1323 1262 1186 
484: 2891 1635 1118 1003 302 
485: 2957 1642 1235 1002 415 
486: 2865 1645 1329 1138 1112 
487: 2557 1650 497 287 59 
488: 2705 1653 1403 543 345 
489: 1928 1661 1192 976 126 
490: 2766 1663 1611 821 121 
491: 2689 1668 1341 1114 1024 
492: 2587 1668 1196 474 96 
493: 2556 1674 978 448 298 
494: 2385 1680 1280 498 179 
495: 1919 1682 1531 1216 682 
496: 1855 1689 1634 1586 1533 
497: 2295 1692 635 487 105 
498: 1806 1695 985 812 494 
499: 2804 1699 906 341 279 
500: 1721 1700 1432 1045 794 
501: 2175 1707 1305 849 142 
502: 2162 1708 1610 1431 950 
503: 2100 1717 1399 997 288 
504: 2629 1728 1093 450 79 
505: 2519 1729 1099 1084 8 
506: 2741 1731 850 849 160 
507: 2011 1736 1107 1006 396 
508: 2446 1736 693 562 402 
509: 1774 1741 1433 385 200 
510: 2336 1742 704 117 5 
511: 2128 1748 326 298 132 
512: 1847 1751 930 926 857 
513: 2565 1753 437 340 93 
514: 2023 1755 811 33 23 
515: 2625 1760 1193 689 606 
516: 1892 1761 1116 909 553 
517: 1833 1762 1017 786 413 
518: 2963 1763 1091 672 253 
519: 1845 1777 1126 87 29 
520: 2773 1779 1307 823 684 
521: 2188 1787 590 181 92 
522: 1984 1792 902 677 86 
523: 2124 1794 1365 947 633 
524: 2044 1796 1645 744 158 
525: 2588 1803 808 311 149 
526: 1896 1807 750 454 52 
527: 1859 1817 1193 887 810 
528: 2737 1826 1320 339 250 
529: 2898 1826 1003 797 31 
530: 2965 1827 1090 855 558 
531: 2289 1828 998 981 88 
532: 2940 1830 1205 836 295 
533: 2501 1832 1500 1084 844 
534: 2164 1835 948 406 89 
535: 2236 1836 1498 1473 21 
536: 2205 1841 1813 1399 36 
537: 2906 1842 1626 865 36 
538: 2262 1844 460 17 4 
539: 1966 1848 875 805 52 
540: 1866 1849 1183 375 300 
541: 2401 1853 808 446 117 
542: 1920 1856 879 684 450 
543: 2973 1861 1170 488 255 
544: 2450 1862 780 198 72 
545: 1881 1865 813 48 2 
546: 2796 1868 1154 366 182 
547: 2777 1869 1456 1068 389 
548: 2577 1874 620 603 112 
549: 2006 1881 1571 313 226 
550: 2165 1883 1882 1833 17 
551: 2247 1887 1117 824 552 
552: 2925 1890 551 307 180 
553: 2322 1891 1135 1032 516 
554: 2970 1893 942 731 107 
555: 2546 1894 1185 397 49 
556: 2157 1900 1899 1585 407 
557: 1909 1906 1016 843 253 
558: 2394 1909 1074 1024 530 
559: 2258 1910 1253 991 831 
560: 2607 1911 1166 318 312 
561: 2604 1911 822 289 186 
562: 2744 1923 1719 508 78 
563: 2137 1924 899 840 47 
564: 2783 1924 653 603 139 
565: 2231 1932 1097 176 80 
566: 2711 1936 1935 1527 218 
567: 1940 1939 1579 439 412 
568: 2515 1941 1021 856 419 
569: 2366 1942 1059 730 140 
570: 2567 1943 1071 356 256 
571: 1946 1945 1879 719 681 
572: 2799 1945 866 290 4 
573: 2085 1946 1415 646 360 
574: 2356 1947 965 883 882 
575: 2745 1951 1288 731 409 
576: 2090 1951 992 867 207 
577: 2601 1956 1856 931 369 
578: 2462 1960 303 114 108 
579: 2199 1963 1961 1285 1171 
580: 2450 1965 1376 1320 1062 
581: 2900 1970 1237 1221 35 
582: 2348 1971 1803 883 642 
583: 2256 1979 957 177 68 
584: 2032 1981 997 903 872 
585: 2268 1983 1613 1468 460 
586: 2031 1987 373 324 27 
587: 2650 1989 901 320 196 
588: 2002 1995 1149 908 463 
589: 2146 1997 1140 766 113 
590: 2072 2000 1026 521 402 
591: 2374 2003 1326 1287 1165 
592: 2028 2017 1048 817 291 
593: 2582 2033 1615 1430 351 
594: 2205 2035 1231 1072 416 
595: 2644 2036 1560 337 334 
596: 2563 2042 2041 922 231 
597: 2820 2044 2043 844 258 
598: 2793 2050 1417 1147 45 
599: 2176 2051 1140 908 169 
600: 2709 2052 1902 1328 184 
601: 2704 2052 2051 1509 87 
602: 2354 2055 1029 305 60 
603: 2314 2056 706 564 548 
604: 2177 2061 2060 1158 120 
605: 2115 2079 1829 1233 434 
606: 2481 2081 1045 515 296 
607: 2786 2082 1382 970 783 
608: 2902 2093 2092 1746 906 
609: 2096 2095 1662 611 139 
610: 2846 2097 1428 823 611 
611: 2465 2098 610 609 292 
612: 2546 2103 1920 1503 851 
613: 2150 2103 1588 1378 315 
614: 2105 2104 971 394 9 
615: 2511 2105 873 828 97 
616: 2665 2106 1334 292 33 
617: 2115 2114 2001 1063 431 
618: 2118 2117 1469 1110 207 
619: 2432 2118 1996 97 34 
620: 2816 2123 932 548 441 
621: 2749 2128 1662 1630 734 
622: 2964 2132 2131 102 71 
623: 2168 2135 852 328 101 
624: 2713 2136 477 236 75 
625: 2254 2139 1316 803 415 
626: 2785 2140 1593 1062 254 
627: 2658 2143 1791 1594 174 
628: 2948 2144 1940 944 232 
629: 2506 2145 1840 944 54 
630: 2152 2151 378 198 174 
631: 2660 2151 1258 352 293 
632: 2711 2160 1950 1616 447 
633: 2677 2161 1254 1130 523 
634: 2278 2171 2170 259 37 
635: 2176 2175 2134 497 258 
636: 2912 2177 1610 1400 824 
637: 2412 2179 1220 121 88 
638: 2425 2186 1908 999 475 
639: 2188 2187 1933 868 428 
640: 2189 2188 1740 936 479 
641: 2533 2197 1292 1212 23 
642: 2200 2199 1293 650 582 
643: 2204 2203 1076 377 120 
644: 2349 2206 1037 315 68 
645: 2213 2212 1600 1182 226 
646: 2222 2221 983 573 115 
647: 2385 2222 1887 1181 365 
648: 2276 2228 1179 974 263 
649: 2393 2229 1561 294 74 
650: 2243 2233 1531 642 152 
651: 2502 2235 1411 1060 111 
652: 2239 2238 2198 192 88 
653: 2243 2242 1324 564 90 
654: 2999 2243 2090 946 919 
655: 2861 2246 1880 830 299 
656: 2251 2250 1033 401 295 
657: 2255 2254 923 387 56 
658: 2614 2257 317 166 21 
659: 2699 2258 2214 1628 1088 
660: 2407 2269 2268 1159 688 
661: 2271 2270 2161 2119 69 
662: 2441 2273 1353 296 53 
663: 2405 2274 1508 1055 417 
664: 2289 2277 1094 869 356 
665: 2281 2280 958 425 247 
666: 2282 2281 2058 1518 755 
667: 2416 2285 2284 1087 67 
668: 2286 2285 1654 1148 892 
669: 2868 2287 893 335 210 
670: 2756 2288 935 355 342 
671: 2446 2290 1688 1362 475 
672: 2406 2291 1847 1018 518 
673: 2352 2294 2293 2153 472 
674: 2297 2296 2059 1026 367 
675: 2932 2296 1417 1214 78 
676: 2921 2298 1738 1257 465 
677: 2404 2301 1356 522 350 
678: 2781 2301 1643 1467 19 
679: 2738 2326 2325 1684 941 
680: 2333 2332 1076 995 919 
681: 2480 2338 2337 2260 571 
682: 2883 2342 1687 1261 495 
683: 2345 2344 1672 896 297 
684: 2346 2345 1463 542 520 
685: 2649 2349 1691 1108 961 
686: 2352 2351 2015 1713 996 
687: 2357 2356 1373 1129 232 
688: 2873 2363 2362 1167 660 
689: 2624 2387 1819 743 515 
690: 2541 2390 1053 884 332 
691: 2881 2392 298 142 5 
692: 2417 2416 2098 1570 138 
693: 2743 2418 2044 1034 508 
694: 2727 2420 2419 1252 1113 
695: 2432 2431 1370 997 162 
696: 2456 2435 1073 818 327 
697: 2462 2437 2255 1043 35 
698: 2624 2442 1119 982 179 
699: 2584 2443 1829 1639 1294 
700: 2722 2451 1653 1187 299 
701: 2938 2452 1915 1126 1013 
702: 2930 2454 2453 1768 234 
703: 2630 2462 1393 405 211 
704: 2487 2463 1916 1002 510 
705: 2990 2477 1838 789 328 
706: 2578 2483 2149 1395 603 
707: 2874 2484 1719 1005 81 
708: 2728 2488 1695 1576 1052 
709: 2665 2493 1273 865 127 
710: 2652 2510 2461 1426 1113 
711: 2511 2510 1782 1201 408 
712: 2810 2521 1248 1215 1197 
713: 2773 2532 1593 1355 370 
714: 2576 2535 2248 1163 18 
715: 2831 2536 979 102 72 
716: 2845 2542 1297 1063 5 
717: 2666 2545 1638 1237 339 
718: 2790 2550 1930 223 189 
719: 2729 2551 722 571 359 
720: 2557 2556 2490 2454 916 
721: 2561 2560 1754 1344 6 
722: 2772 2562 1068 719 300 
723: 2793 2579 2578 2064 111 
724: 2638 2583 1450 1445 107 
725: 2862 2591 1132 1052 216 
726: 2623 2608 1962 898 113 
727: 2752 2609 1468 736 223 
728: 2612 2611 1552 362 160 
729: 2613 2612 2240 1681 52 
730: 2631 2616 2615 911 569 
731: 2947 2617 575 554 306 
732: 2826 2633 2161 2160 66 
733: 2770 2640 1670 1054 322 
734: 2748 2651 1908 621 63 
735: 2656 2655 1608 1125 102 
736: 2697 2660 1078 1021 727 
737: 2755 2664 2663 1168 184 
738: 2669 2668 2542 2529 1007 
739: 2675 2674 2224 1077 320 
740: 2918 2675 2134 938 94 
741: 2928 2677 2676 103 48 
742: 2956 2682 1884 479 424 
743: 2995 2682 1661 851 689 
744: 2923 2684 1925 524 56 
745: 2968 2692 1120 889 436 
746: 2693 2692 1890 301 231 
747: 2746 2698 1648 164 132 
748: 2713 2712 2396 987 89 
749: 2715 2714 2009 1191 26 
750: 2720 2719 526 327 30 
751: 2785 2719 435 96 41 
752: 2725 2724 2720 306 65 
753: 2731 2730 2408 433 163 
754: 2732 2731 2606 2280 155 
755: 2748 2747 2736 666 110 
756: 2750 2749 2361 1891 92 
757: 2841 2764 1169 1030 250 
758: 2848 2767 2685 1365 260 
759: 2769 2768 2592 2417 5 
760: 2937 2771 1769 1604 786 
761: 2777 2776 2244 2200 114 
762: 2790 2789 2643 1911 878 
763: 2886 2795 1864 1219 812 
764: 2892 2803 2802 1375 1268 
765: 2827 2805 2649 1110 200 
766: 2884 2819 589 375 305 
767: 2849 2848 1684 1525 1040 
768: 2868 2867 2321 1903 1260 
769: 2941 2876 1176 1065 61 
770: 2884 2883 2042 1180 787 
771: 2888 2887 1793 1325 94 
772: 2939 2897 1212 1151 153 
773: 2949 2948 2941 2305 1012 
774: 2994 2993 2209 2051 895 
775: 2323 376 302 215 
776: 2358 379 169 119 
777: 2429 333 209 61 
778: 1243 228 27 13 
779: 2367 176 160 3 
780: 2718 544 237 44 
781: 2856 353 304 303 
782: 1264 353 157 109 
783: 2265 607 157 134 
784: 1949 151 89 18 
785: 1830 238 38 2 
786: 1834 760 517 14 
787: 788 770 457 135 
788: 787 477 190 49 
789: 2379 790 705 345 
790: 2174 789 220 162 
791: 1649 411 168 141 
792: 411 305 91 82 
793: 1485 794 82 35 
794: 1958 795 793 500 
795: 1797 794 104 67 
796: 2303 797 155 3 
797: 1843 796 529 471 
798: 1541 438 306 4 
799: 1844 96 34 4 
800: 1806 309 300 147 
801: 1462 400 171 153 
802: 2717 308 307 193 
803: 625 364 307 254 
804: 888 805 23 8 
805: 1860 804 539 308 
806: 1080 175 120 63 
807: 816 481 309 39 
808: 1855 541 525 56 
809: 2436 427 133 124 
810: 1951 527 395 124 
811: 1863 514 100 72 
812: 1006 813 763 498 
813: 2994 812 545 110 
814: 2648 386 310 230 
815: 1486 311 37 21 
816: 1880 817 807 312 
817: 2589 816 592 154 
818: 1860 820 696 384 
819: 1954 820 380 154 
820: 1232 821 819 818 
821: 2448 822 820 490 
822: 2333 821 561 385 
823: 895 610 520 313 
824: 2982 636 551 178 
825: 890 827 397 147 
826: 1850 827 115 24 
827: 828 826 825 29 
828: 1161 827 615 314 
829: 1859 830 329 315 
830: 1892 829 655 90 
831: 926 559 316 239 
832: 1092 452 423 239 
833: 2154 453 118 105 
834: 979 835 399 317 
835: 2629 836 834 91 
836: 1218 837 835 532 
837: 1222 838 836 210 
838: 2489 837 464 92 
839: 2787 391 139 136 
840: 2102 841 563 51 
841: 1517 840 93 1 
842: 2916 383 193 9 
843: 1446 557 368 9 
844: 1909 597 533 252 
845: 2549 846 118 63 
846: 847 845 470 318 
847: 2420 846 319 126 
848: 404 371 173 13 
849: 1031 506 501 404 
850: 506 362 320 20 
851: 2221 743 612 320 
852: 2308 623 206 79 
853: 374 321 47 0 
854: 2775 456 324 322 
855: 1078 530 351 205 
856: 2662 568 248 13 
857: 1931 512 443 43 
858: 2065 443 323 44 
859: 1936 427 49 14 
860: 1422 324 122 43 
861: 1141 325 109 98 
862: 2569 864 326 18 
863: 2566 864 291 109 
864: 1202 863 862 327 
865: 982 866 709 537 
866: 2302 865 572 50 
867: 2331 868 576 126 
868: 1952 867 639 342 
869: 1920 870 664 328 
870: 1057 871 869 208 
871: 2907 870 329 73 
872: 2252 873 584 329 
873: 926 874 872 615 
874: 1602 873 94 4 
875: 876 539 94 31 
876: 875 330 198 76 
877: 1961 466 226 164 
878: 1520 762 187 98 
879: 542 178 108 100 
880: 2769 881 121 110 
881: 1521 880 420 141 
882: 1970 574 331 264 
883: 2043 582 574 396 
884: 1976 690 205 23 
885: 1230 886 371 117 
886: 927 887 885 23 
887: 888 886 527 170 
888: 1490 887 804 436 
889: 1982 745 332 189 
890: 1889 891 825 93 
891: 956 890 167 146 
892: 668 343 98 31 
893: 1440 669 333 98 
894: 2526 373 335 28 
895: 896 823 774 334 
896: 1581 895 683 216 
897: 2005 335 212 173 
898: 1255 900 726 95 
899: 1896 900 563 293 
900: 1194 899 898 80 
901: 2031 587 239 4 
902: 903 522 195 150 
903: 2801 902 584 39 
904: 2967 905 336 141 
905: 2035 904 354 337 
906: 2046 608 499 340 
907: 1967 908 76 10 
908: 2050 907 599 588 
909: 516 233 176 96 
910: 1760 911 406 338 
911: 1339 912 910 730 
912: 2056 913 911 352 
913: 1454 914 912 425 
914: 2068 913 344 138 
915: 1054 434 387 252 
916: 953 720 214 65 
917: 2431 918 339 179 
918: 2083 917 45 25 
919: 2525 680 654 382 
920: 1172 921 217 97 
921: 1266 920 422 221 
922: 923 596 470 28 
923: 924 922 657 101 
924: 1406 925 923 339 
925: 2119 924 434 209 
926: 928 873 831 512 
927: 1981 928 886 186 
928: 2586 927 926 474 
929: 1923 930 340 44 
930: 1208 931 929 512 
931: 2121 930 577 175 
932: 620 342 341 98 
933: 1213 343 177 6 
934: 1667 935 221 6 
935: 936 934 670 344 
936: 2133 935 640 53 
937: 1947 938 345 84 
938: 2111 937 740 60 
939: 2091 940 334 208 
940: 1592 941 939 22 
941: 2077 940 679 426 
942: 989 943 554 99 
943: 2140 942 426 6 
944: 1426 629 628 467 
945: 1600 946 363 187 
946: 974 945 654 221 
947: 2806 948 523 273 
948: 949 947 534 346 
949: 1914 950 948 100 
950: 1846 949 502 24 
951: 1440 952 144 5 
952: 2166 954 951 214 
953: 2077 955 916 343 
954: 2540 955 952 206 
955: 2558 956 954 953 
956: 2167 955 891 251 
957: 1980 958 583 33 
958: 2167 957 665 347 
959: 2184 404 349 348 
960: 2185 350 244 8 
961: 2057 685 351 350 
962: 2190 268 262 225 
963: 1022 964 207 171 
964: 2191 963 26 5 
965: 2192 966 574 223 
966: 1144 965 106 1 
967: 2197 968 154 76 
968: 1068 967 122 18 
969: 2206 352 331 143 
970: 2206 607 407 353 
971: 1955 972 614 192 
972: 2207 973 971 273 
973: 1922 972 428 400 
974: 2227 946 648 55 
975: 1061 976 252 103 
976: 1393 977 975 489 
977: 1678 976 64 24 
978: 1322 493 381 354 
979: 1979 980 834 715 
980: 1191 981 979 100 
981: 2237 980 531 37 
982: 1717 983 865 698 
983: 1240 984 982 646 
984: 2441 986 983 84 
985: 2082 986 498 194 
986: 2253 985 984 415 
987: 2655 988 748 444 
988: 2256 987 356 177 
989: 2256 942 383 364 
990: 2398 991 417 126 
991: 2634 992 990 559 
992: 993 991 576 107 
993: 2514 992 276 50 
994: 2184 995 43 33 
995: 1831 996 994 680 
996: 2260 995 686 470 
997: 2274 695 584 503 
998: 1691 531 403 355 
999: 1366 1000 638 354 
1000: 2517 1001 999 31 
1001: 2292 1000 433 355 
1002: 1003 704 485 389 
1003: 1369 1002 529 484 
1004: 1379 450 418 370 
1005: 1744 1006 707 447 
1006: 1007 1005 812 507 
1007: 2309 1006 738 29 
1008: 1898 1010 194 187 
1009: 2335 1010 373 356 
1010: 1545 1009 1008 442 
1011: 2349 1012 248 111 
1012: 2350 1011 773 275 
1013: 2145 1014 701 113 
1014: 2146 1015 1013 54 
1015: 2860 1014 358 357 
1016: 2878 557 358 128 
1017: 1019 517 419 359 
1018: 1315 1019 672 205 
1019: 1020 1018 1017 360 
1020: 2995 1019 125 6 
1021: 1137 1023 736 568 
1022: 2390 1023 963 211 
1023: 1673 1022 1021 389 
1024: 1263 558 491 77 
1025: 2397 230 184 29 
1026: 1424 674 590 183 
1027: 2427 1028 465 202 
1028: 1741 1027 480 40 
1029: 2433 1031 602 101 
1030: 1465 1032 757 271 
1031: 1080 1033 1029 849 
1032: 2169 1033 1030 553 
1033: 1034 1032 1031 656 
1034: 2441 1033 693 361 
1035: 2636 412 362 0 
1036: 482 363 362 102 
1037: 2457 644 64 42 
1038: 2459 1039 474 19 
1039: 1738 1038 365 12 
1040: 1402 1041 767 364 
1041: 2460 1040 365 166 
1042: 1834 1043 403 46 
1043: 2463 1042 697 212 
1044: 2467 366 270 34 
1045: 1046 606 500 52 
1046: 2482 1045 149 103 
1047: 1521 1048 367 2 
1048: 1321 1049 1047 592 
1049: 2959 1050 1048 12 
1050: 1211 1051 1049 104 
1051: 2291 1052 1050 75 
1052: 2489 1051 725 708 
1053: 2456 1054 690 42 
1054: 2491 1053 915 733 
1055: 1516 1057 663 432 
1056: 1705 1058 105 38 
1057: 2197 1058 1055 870 
1058: 2498 1057 1056 385 
1059: 1871 569 247 84 
1060: 2501 651 186 10 
1061: 2504 975 215 30 
1062: 2530 626 580 156 
1063: 1715 716 617 50 
1064: 1568 1065 368 132 
1065: 2545 1064 769 7 
1066: 1236 1067 51 10 
1067: 1095 1066 255 7 
1068: 1069 968 722 547 
1069: 1688 1070 1068 32 
1070: 2563 1069 105 79 
1071: 2568 570 369 106 
1072: 2570 1073 594 107 
1073: 1074 1072 696 36 
1074: 2993 1073 558 257 
1075: 1383 1076 47 20 
1076: 1310 1075 680 643 
1077: 1310 739 267 76 
1078: 2412 1079 855 736 
1079: 1460 1078 401 127 
1080: 1085 1081 1031 806 
1081: 1459 1082 1080 0 
1082: 2594 1083 1081 108 
1083: 1084 1082 429 148 
1084: 1284 1083 533 505 
1085: 2440 1086 1080 480 
1086: 2621 1087 1085 123 
1087: 2219 1086 667 188 
1088: 2622 659 323 188 
1089: 1131 1090 131 130 
1090: 1456 1091 1089 530 
1091: 1094 1090 518 259 
1092: 2141 1093 832 370 
1093: 1249 1094 1092 504 
1094: 2317 1093 1091 664 
1095: 2325 1097 1067 390 
1096: 1404 1098 285 245 
1097: 2556 1098 1095 565 
1098: 1658 1099 1097 1096 
1099: 2595 1100 1098 505 
1100: 2238 1102 1099 371 
1101: 1603 1104 423 274 
1102: 1837 1104 1100 372 
1103: 2364 1105 478 118 
1104: 2048 1106 1102 1101 
1105: 2145 1106 1103 38 
1106: 2365 1107 1105 1104 
1107: 2636 1106 507 373 
1108: 1109 685 469 40 
1109: 2621 1108 410 89 
1110: 2650 765 618 225 
1111: 1671 1112 190 16 
1112: 2654 1111 486 22 
1113: 2660 710 694 384 
1114: 1390 1115 491 414 
1115: 1732 1114 374 180 
1116: 1532 1117 516 394 
1117: 1435 1118 1116 551 
1118: 1892 1121 1117 484 
1119: 2623 1121 698 375 
1120: 1296 1122 745 31 
1121: 1842 1123 1119 1118 
1122: 2768 1123 1120 136 
1123: 2730 1122 1121 114 
1124: 1490 380 127 0 
1125: 2735 735 377 376 
1126: 1381 1127 701 519 
1127: 1914 1129 1126 109 
1128: 2753 1129 233 110 
1129: 2754 1128 1127 687 
1130: 2760 633 382 111 
1131: 1134 1089 378 111 
1132: 2472 1133 725 168 
1133: 2592 1134 1132 390 
1134: 1135 1133 1131 435 
1135: 2443 1136 1134 553 
1136: 2761 1135 307 115 
1137: 2069 1138 1021 451 
1138: 1298 1137 486 36 
1139: 1382 380 379 41 
1140: 2522 1141 599 589 
1141: 2639 1142 1140 861 
1142: 1834 1143 1141 381 
1143: 1534 1145 1142 382 
1144: 2193 1145 966 277 
1145: 1150 1144 1143 112 
1146: 1532 1147 392 117 
1147: 1150 1146 598 383 
1148: 2078 1149 668 384 
1149: 2661 1150 1148 588 
1150: 2520 1149 1147 1145 
1151: 1235 1153 772 68 
1152: 1307 1154 385 12 
1153: 2985 1154 1151 471 
1154: 2797 1153 1152 546 
1155: 1517 1157 295 146 
1156: 1927 1157 172 147 
1157: 2799 1158 1156 1155 
1158: 2800 1157 604 152 
1159: 2771 1160 660 272 
1160: 1868 1161 1159 55 
1161: 1791 1160 828 430 
1162: 2900 430 50 8 
1163: 1256 1165 714 386 
1164: 1795 1165 469 86 
1165: 1340 1164 1163 591 
1166: 2905 1167 560 313 
1167: 2906 1166 688 388 
1168: 2077 1171 737 387 
1169: 1680 1172 757 0 
1170: 2122 1173 543 15 
1171: 1860 1173 1168 579 
1172: 1226 1174 1169 920 
1173: 2991 1175 1171 1170 
1174: 2409 1175 1172 82 
1175: 2912 1174 1173 113 
1176: 1178 769 315 101 
1177: 2286 1178 455 154 
1178: 2940 1177 1176 388 
1179: 1359 1180 648 158 
1180: 2942 1179 770 46 
1181: 1622 1182 647 369 
1182: 1865 1183 1181 645 
1183: 1391 1184 1182 540 
1184: 2502 1187 1183 326 
1185: 1458 1188 555 8 
1186: 2478 1189 483 11 
1187: 2125 1189 1184 700 
1188: 2158 1190 1185 194 
1189: 2967 1190 1187 1186 
1190: 2968 1189 1188 389 
1191: 1192 980 749 390 
1192: 1193 1191 489 391 
1193: 2982 1192 527 515 
1194: 1364 1195 900 392 
1195: 1938 1196 1194 408 
1196: 2716 1195 492 159 
1197: 1444 1199 712 195 
1198: 2585 1199 393 123 
1199: 1528 1200 1198 1197 
1200: 1328 1203 1199 394 
1201: 2028 1206 711 395 
1202: 1244 1207 864 0 
1203: 1222 1207 1200 396 
1204: 2671 1209 459 397 
1205: 2955 1210 532 401 
1206: 2029 1210 1201 151 
1207: 2217 1213 1203 1202 
1208: 2507 1214 930 437 
1209: 1267 1215 1204 398 
1210: 2212 1217 1206 1205 
1211: 1345 1218 1050 122 
1212: 2058 1219 772 641 
1213: 2126 1223 1207 933 
1214: 1850 1225 1208 675 
1215: 1488 1227 1209 712 
1216: 2634 1231 495 77 
1217: 2152 1233 1210 114 
1218: 2290 1234 1211 836 
1219: 1667 1238 1212 763 
1220: 1857 1239 637 165 
1221: 1330 1240 581 399 
1222: 2218 1242 1203 837 
1223: 1801 1245 1213 71 
1224: 1852 1246 468 55 
1225: 2508 1249 1214 400 
1226: 1351 1254 1172 401 
1227: 1766 1255 1215 467 
1228: 1262 1256 402 240 
1229: 2343 1259 403 69 
1230: 1775 1261 885 404 
1231: 2633 1265 1216 594 
1232: 2684 1266 820 115 
1233: 1807 1267 1217 605 
1234: 1270 1268 1218 271 
1235: 1983 1274 1151 485 
1236: 2555 1275 1066 3 
1237: 2296 1278 717 581 
1238: 1489 1279 1219 116 
1239: 1990 1283 1220 32 
1240: 2208 1286 1221 983 
1241: 2461 1286 405 124 
1242: 1809 1287 1222 216 
1243: 2821 1289 778 118 
1244: 1947 1290 1202 117 
1245: 1967 1291 1223 69 
1246: 2666 1295 1273 1224 
1247: 1488 1296 461 229 
1248: 1577 1300 712 406 
1249: 2566 1302 1225 1093 
1250: 1937 1304 408 407 
1251: 2935 1304 429 100 
1252: 2324 1306 694 365 
1253: 1828 1309 559 130 
1254: 2911 1311 1226 633 
1255: 2434 1312 1227 898 
1256: 2577 1312 1228 1163 
1257: 1603 1313 676 135 
1258: 2112 1313 631 16 
1259: 1898 1314 1229 464 
1260: 2602 1314 768 410 
1261: 2828 1316 1230 682 
1262: 1612 1317 1228 483 
1263: 2395 1318 1024 118 
1264: 2981 1319 782 320 
1265: 1340 1319 1231 390 
1266: 2683 1323 1232 921 
1267: 1811 1324 1233 1209 
1268: 2168 1327 1234 764 
1269: 2787 1330 1321 25 
1270: 2961 1332 1234 239 
1271: 1975 1333 234 227 
1272: 1487 1335 409 153 
1273: 1569 1337 1246 709 
1274: 2413 1338 1282 1235 
1275: 2027 1343 1236 410 
1276: 2598 1345 409 119 
1277: 2183 1347 411 137 
1278: 2506 1348 1237 412 
1279: 2261 1349 1290 1238 
1280: 2803 1350 494 413 
1281: 2311 1354 1337 163 
1282: 2190 1356 1274 378 
1283: 1991 1358 1239 120 
1284: 1466 1361 1084 414 
1285: 1962 1363 579 79 
1286: 2209 1366 1241 1240 
1287: 2687 1370 1242 591 
1288: 1374 1372 575 444 
1289: 1744 1373 1243 415 
1290: 2809 1374 1279 1244 
1291: 2125 1379 1245 416 
1292: 2196 1384 641 219 
1293: 2760 1386 642 417 
1294: 1865 1387 699 121 
1295: 2443 1388 1246 224 
1296: 2729 1388 1247 1120 
1297: 2288 1392 716 231 
1298: 2770 1392 1138 329 
1299: 1869 1396 137 62 
1300: 2252 1396 1248 407 
1301: 1478 1397 418 32 
1302: 1652 1398 1249 146 
1303: 1929 1404 419 172 
1304: 2195 1408 1251 1250 
1305: 2174 1409 501 196 
1306: 1601 1410 1408 1252 
1307: 2628 1414 1152 520 
1308: 2358 1414 420 125 
1309: 2067 1416 1253 81 
1310: 2700 1420 1077 1076 
1311: 1986 1422 1254 167 
1312: 1681 1424 1256 1255 
1313: 2659 1425 1258 1257 
1314: 2601 1433 1260 1259 
1315: 1925 1436 1018 224 
1316: 2364 1437 1261 625 
1317: 2817 1438 1262 421 
1318: 2236 1439 1263 102 
1319: 1615 1442 1265 1264 
1320: 2513 1444 580 528 
1321: 2655 1447 1269 1048 
1322: 2234 1453 978 191 
1323: 1778 1461 1266 483 
1324: 2714 1463 1267 653 
1325: 2362 1464 771 422 
1326: 2226 1464 591 81 
1327: 2843 1465 1268 30 
1328: 2131 1470 1200 600 
1329: 2514 1470 486 423 
1330: 2788 1477 1269 1221 
1331: 1718 1479 424 144 
1332: 1533 1480 1270 7 
1333: 1974 1481 1271 81 
1334: 2216 1481 616 425 
1335: 2045 1483 1272 136 
1336: 1500 1486 1485 204 
1337: 2322 1489 1281 1273 
1338: 1884 1492 1274 179 
1339: 2006 1495 1360 911 
1340: 1637 1497 1265 1165 
1341: 2413 1503 491 284 
1342: 2587 1505 426 75 
1343: 1547 1507 1275 452 
1344: 2703 1510 721 263 
1345: 1702 1512 1276 1211 
1346: 2112 1514 174 163 
1347: 2182 1515 1277 122 
1348: 2507 1516 1278 123 
1349: 2808 1520 1418 1279 
1350: 2804 1523 1280 278 
1351: 2283 1524 1226 58 
1352: 1987 1527 355 56 
1353: 1704 1530 662 445 
1354: 2321 1530 1281 173 
1355: 2772 1534 713 124 
1356: 2732 1535 1282 677 
1357: 1572 1536 169 123 
1358: 2691 1536 1283 134 
1359: 2941 1537 1179 70 
1360: 1621 1539 1339 427 
1361: 1938 1542 1284 1 
1362: 2341 1544 671 140 
1363: 2208 1546 1285 428 
1364: 2430 1548 1385 1194 
1365: 2684 1549 758 523 
1366: 2938 1551 1286 999 
1367: 2423 1553 1552 1519 
1368: 1917 1554 1381 1 
1369: 2039 1554 1003 125 
1370: 2434 1555 1287 695 
1371: 2777 1559 1556 12 
1372: 1789 1562 1288 228 
1373: 2670 1562 1289 687 
1374: 2234 1563 1290 1288 
1375: 2701 1565 764 131 
1376: 2196 1567 580 429 
1377: 2491 1573 1558 303 
1378: 2227 1574 613 430 
1379: 2305 1575 1291 1004 
1380: 2775 1578 1565 87 
1381: 1918 1579 1368 1126 
1382: 1844 1582 1139 607 
1383: 2574 1586 1075 126 
1384: 2554 1591 1292 24 
1385: 2363 1595 1538 1364 
1386: 2759 1597 1293 14 
1387: 1604 1602 1294 201 
1388: 2170 1605 1296 1295 
1389: 2852 1606 181 98 
1390: 2176 1609 1114 236 
1391: 2003 1617 1183 439 
1392: 2908 1619 1298 1297 
1393: 1927 1621 976 703 
1394: 2229 1623 205 54 
1395: 2699 1624 706 25 
1396: 2500 1627 1300 1299 
1397: 2999 1628 1301 431 
1398: 2565 1629 1302 432 
1399: 1985 1632 536 503 
1400: 2280 1633 636 128 
1401: 2539 1635 479 433 
1402: 2257 1639 1040 242 
1403: 2643 1641 488 215 
1404: 1928 1644 1303 1096 
1405: 2312 1647 434 104 
1406: 2679 1648 1441 924 
1407: 1692 1649 222 22 
1408: 1973 1654 1306 1304 
1409: 2159 1656 1474 1305 
1410: 1679 1659 1419 1306 
1411: 2353 1660 651 435 
1412: 2331 1664 437 436 
1413: 2766 1664 1451 438 
1414: 2369 1665 1308 1307 
1415: 2379 1669 573 439 
1416: 1762 1671 1309 203 
1417: 2931 1675 675 598 
1418: 2960 1677 1349 215 
1419: 2406 1683 1410 379 
1420: 2415 1683 1310 453 
1421: 1764 1690 246 127 
1422: 1942 1696 1311 860 
1423: 2444 1696 441 74 
1424: 1743 1697 1312 1026 
1425: 1853 1700 1313 440 
1426: 2460 1701 944 710 
1427: 2609 1703 419 128 
1428: 2500 1707 610 214 
1429: 2524 1708 1619 441 
1430: 2232 1724 593 361 
1431: 2591 1726 502 172 
1432: 2978 1727 500 129 
1433: 2598 1728 1314 509 
1434: 2668 1729 442 73 
1435: 2307 1731 1117 294 
1436: 2057 1737 1559 1315 
1437: 2363 1737 1316 443 
1438: 2818 1739 1317 444 
1439: 2718 1740 1318 240 
1440: 1915 1747 951 893 
1441: 2032 1747 1406 130 
1442: 2679 1748 1319 27 
1443: 2371 1750 319 32 
1444: 1873 1754 1320 1197 
1445: 1872 1759 724 204 
1446: 2537 1759 1713 843 
1447: 1765 1763 1321 131 
1448: 2157 1766 152 19 
1449: 2494 1767 1702 318 
1450: 2584 1768 724 112 
1451: 2366 1770 1413 445 
1452: 2059 1773 471 192 
1453: 1818 1773 1322 142 
1454: 2053 1775 913 183 
1455: 1962 1781 446 132 
1456: 1870 1783 1090 547 
1457: 2812 1784 1706 455 
1458: 2486 1789 1185 152 
1459: 1832 1790 1511 1081 
1460: 2589 1790 1079 447 
1461: 2477 1792 1494 1323 
1462: 2186 1795 801 448 
1463: 2713 1798 1324 684 
1464: 2106 1799 1326 1325 
1465: 2350 1802 1327 1030 
1466: 2020 1805 1595 1284 
1467: 2109 1814 678 57 
1468: 2608 1816 727 585 
1469: 2902 1819 618 469 
1470: 2515 1820 1329 1328 
1471: 2004 1825 473 33 
1472: 2763 1831 461 133 
1473: 2603 1835 535 185 
1474: 2923 1835 1701 1409 
1475: 2218 1838 421 9 
1476: 2277 1841 1840 54 
1477: 2239 1843 1330 199 
1478: 2306 1849 1848 1301 
1479: 1897 1851 1331 258 
1480: 1852 1851 1332 134 
1481: 2332 1854 1334 1333 
1482: 2620 1857 450 449 
1483: 1867 1866 1710 1335 
1484: 2769 1866 451 259 
1485: 2038 1867 1336 793 
1486: 2499 1868 1336 815 
1487: 2936 1869 1672 1272 
1488: 2007 1877 1247 1215 
1489: 2467 1878 1337 1238 
1490: 2734 1881 1124 888 
1491: 1884 1883 408 206 
1492: 2449 1885 1776 1338 
1493: 2984 1888 1887 199 
1494: 2950 1893 1461 452 
1495: 2335 1894 1339 453 
1496: 2832 1899 136 135 
1497: 2595 1901 1340 1 
1498: 1905 1904 535 454 
1499: 2471 1906 1905 41 
1500: 2708 1910 1336 533 
1501: 1969 1914 1913 455 
1502: 2782 1921 1549 482 
1503: 1923 1922 1341 612 
1504: 2201 1924 456 414 
1505: 2586 1929 1342 404 
1506: 2602 1933 137 80 
1507: 1934 1933 1812 1343 
1508: 2404 1934 663 16 
1509: 2936 1941 601 148 
1510: 2702 1948 1344 246 
1511: 1950 1949 1822 1459 
1512: 2788 1950 1811 1345 
1513: 1953 1952 1912 66 
1514: 2626 1954 1953 1346 
1515: 1955 1954 1347 158 
1516: 2013 1958 1348 1055 
1517: 2373 1959 1155 841 
1518: 2834 1960 666 466 
1519: 1965 1964 1367 393 
1520: 2946 1967 1349 878 
1521: 2809 1969 1047 881 
1522: 2811 1973 1972 0 
1523: 1974 1973 1350 457 
1524: 2722 1974 1351 272 
1525: 1978 1977 767 458 
1526: 2062 1982 460 459 
1527: 2657 1988 1352 566 
1528: 2451 1988 1199 138 
1529: 2104 1989 1988 139 
1530: 2199 1990 1354 1353 
1531: 2244 1992 650 495 
1532: 2158 1993 1146 1116 
1533: 2731 1994 1332 496 
1534: 2792 1994 1355 1143 
1535: 1998 1997 1356 384 
1536: 2692 1998 1358 1357 
1537: 2006 2005 1359 121 
1538: 2553 2007 1385 29 
1539: 2014 2013 1360 461 
1540: 2189 2016 2015 117 
1541: 2121 2019 798 201 
1542: 2840 2021 1361 254 
1543: 2293 2023 462 140 
1544: 2498 2024 1362 41 
1545: 2336 2025 1010 141 
1546: 2263 2026 2025 1363 
1547: 2194 2026 1640 1343 
1548: 2030 2029 1364 463 
1549: 2783 2029 1502 1365 
1550: 2319 2034 170 149 
1551: 2937 2034 1366 464 
1552: 2750 2037 1367 728 
1553: 2105 2038 1367 465 
1554: 2286 2040 1369 1368 
1555: 2433 2041 1370 466 
1556: 2778 2045 1371 4 
1557: 2554 2047 341 190 
1558: 2492 2054 1377 142 
1559: 2591 2056 1436 1371 
1560: 2836 2067 2066 595 
1561: 2664 2070 2069 649 
1562: 2632 2074 1373 1372 
1563: 2405 2075 1374 467 
1564: 2686 2078 1686 468 
1565: 2702 2083 1380 1375 
1566: 2085 2084 1957 469 
1567: 2092 2091 1825 1376 
1568: 2544 2092 1064 353 
1569: 2094 2093 1273 34 
1570: 2261 2095 692 470 
1571: 2382 2097 2096 549 
1572: 2099 2098 1357 21 
1573: 2200 2099 1614 1377 
1574: 2855 2102 1378 110 
1575: 2104 2103 1379 471 
1576: 2108 2107 708 120 
1577: 2111 2110 1248 406 
1578: 2774 2110 1380 472 
1579: 2114 2113 1381 567 
1580: 2762 2113 461 97 
1581: 2117 2116 896 159 
1582: 2120 2119 1382 473 
1583: 2502 2120 474 250 
1584: 2122 2121 475 143 
1585: 2734 2125 2124 556 
1586: 2398 2126 1383 496 
1587: 2129 2128 476 90 
1588: 2522 2129 1625 613 
1589: 2910 2130 2129 48 
1590: 2139 2138 1657 180 
1591: 2555 2138 1384 144 
1592: 2530 2139 940 49 
1593: 2590 2141 713 626 
1594: 2611 2142 627 35 
1595: 2144 2143 1466 1385 
1596: 2150 2149 80 26 
1597: 2753 2152 1598 1386 
1598: 2838 2153 1597 9 
1599: 2154 2153 145 10 
1600: 2721 2154 945 645 
1601: 2757 2156 2155 1306 
1602: 2971 2163 1387 874 
1603: 2297 2163 1257 1101 
1604: 2228 2164 1387 760 
1605: 2635 2169 1388 477 
1606: 2851 2171 1389 146 
1607: 2764 2172 478 157 
1608: 2629 2173 1733 735 
1609: 2854 2177 1390 479 
1610: 2318 2178 636 502 
1611: 2929 2180 1720 490 
1612: 2850 2193 1262 61 
1613: 2195 2194 585 480 
1614: 2505 2201 1573 61 
1615: 2202 2201 1319 593 
1616: 2712 2202 1666 632 
1617: 2867 2210 1797 1391 
1618: 2214 2213 149 11 
1619: 2715 2220 1429 1392 
1620: 2224 2223 1665 216 
1621: 2440 2224 1393 1360 
1622: 2384 2226 1181 18 
1623: 2986 2228 1394 158 
1624: 2700 2238 1395 147 
1625: 2521 2250 1588 148 
1626: 2252 2251 537 219 
1627: 2344 2253 1396 64 
1628: 2895 2259 1397 659 
1629: 2263 2262 1712 1398 
1630: 2264 2263 2067 621 
1631: 2588 2271 481 401 
1632: 2864 2273 1685 1399 
1633: 2695 2279 1400 482 
1634: 2399 2281 496 483 
1635: 2523 2291 1401 484 
1636: 2295 2294 2127 1799 
1637: 2903 2294 1340 149 
1638: 2479 2295 717 167 
1639: 2442 2297 1402 699 
1640: 2299 2298 1547 10 
1641: 2644 2299 1403 150 
1642: 2467 2300 485 264 
1643: 2419 2302 678 366 
1644: 2303 2302 1404 68 
1645: 2653 2304 524 486 
1646: 2579 2312 2311 0 
1647: 2328 2313 1405 222 
1648: 2314 2313 1406 747 
1649: 2621 2313 1407 791 
1650: 2316 2315 2279 487 
1651: 2318 2317 2091 411 
1652: 2323 2322 1302 151 
1653: 2503 2324 700 488 
1654: 2571 2325 1408 668 
1655: 2327 2326 1975 251 
1656: 2922 2326 1409 32 
1657: 2335 2334 1590 152 
1658: 2457 2347 1098 228 
1659: 2348 2347 1410 153 
1660: 2478 2352 1411 45 
1661: 2994 2353 743 489 
1662: 2359 2358 621 609 
1663: 2767 2365 1771 490 
1664: 2605 2367 1413 1412 
1665: 2679 2368 1620 1414 
1666: 2375 2374 1616 36 
1667: 2466 2375 1219 934 
1668: 2999 2376 492 491 
1669: 2972 2380 1415 473 
1670: 2490 2383 733 37 
1671: 2390 2389 1416 1111 
1672: 2937 2389 1487 683 
1673: 2616 2391 1023 152 
1674: 2447 2391 493 16 
1675: 2537 2394 1417 228 
1676: 2544 2398 263 230 
1677: 2959 2400 1418 94 
1678: 2403 2402 1800 977 
1679: 2754 2407 1410 109 
1680: 2409 2408 1169 494 
1681: 2705 2414 1312 729 
1682: 2749 2415 2414 495 
1683: 2813 2416 1420 1419 
1684: 2429 2428 767 679 
1685: 2435 2434 1632 156 
1686: 2439 2438 1564 154 
1687: 2445 2444 682 8 
1688: 2524 2445 1069 671 
1689: 2447 2446 496 26 
1690: 2974 2450 1421 38 
1691: 2453 2452 998 685 
1692: 2456 2455 1407 497 
1693: 2466 2465 2053 39 
1694: 2469 2468 2004 171 
1695: 2475 2474 708 498 
1696: 2533 2475 1423 1422 
1697: 2477 2476 1424 49 
1698: 2483 2482 2410 292 
1699: 2485 2484 1788 499 
1700: 2486 2485 1425 500 
1701: 2490 2489 1474 1426 
1702: 2780 2493 1449 1345 
1703: 2495 2494 1427 40 
1704: 2496 2495 1930 1353 
1705: 2573 2497 1056 161 
1706: 2811 2497 1457 111 
1707: 2932 2501 1428 501 
1708: 2534 2523 1429 502 
1709: 2528 2527 1779 364 
1710: 2988 2529 2528 1483 
1711: 2535 2534 2037 1722 
1712: 2593 2536 2535 1629 
1713: 2903 2536 1446 686 
1714: 2835 2538 2537 64 
1715: 2822 2543 1063 28 
1716: 2624 2549 2548 440 
1717: 2553 2552 982 503 
1718: 2559 2558 2485 1331 
1719: 2875 2559 707 562 
1720: 2928 2560 1611 155 
1721: 2977 2564 1814 500 
1722: 2574 2573 1711 203 
1723: 2779 2580 2579 137 
1724: 2920 2583 1430 156 
1725: 2590 2589 196 19 
1726: 2872 2590 1431 324 
1727: 2851 2594 2593 1432 
1728: 2877 2599 1433 504 
1729: 2601 2600 1434 505 
1730: 2710 2605 157 67 
1731: 2608 2607 1435 506 
1732: 2690 2625 1115 158 
1733: 2882 2628 1608 41 
1734: 2742 2633 2632 367 
1735: 2885 2635 2634 263 
1736: 2905 2637 508 507 
1737: 2641 2640 1437 1436 
1738: 2642 2641 1039 676 
1739: 2647 2646 1917 1438 
1740: 2719 2647 1439 640 
1741: 2794 2653 1028 509 
1742: 2825 2659 2658 510 
1743: 2980 2667 1424 273 
1744: 2690 2669 1289 1005 
1745: 2676 2675 412 82 
1746: 2678 2677 2548 608 
1747: 2830 2678 1441 1440 
1748: 2693 2680 1442 511 
1749: 2689 2688 2047 443 
1750: 2998 2691 1443 22 
1751: 2707 2694 2693 512 
1752: 2696 2695 298 41 
1753: 2706 2705 513 39 
1754: 2707 2706 1444 721 
1755: 2708 2707 2213 514 
1756: 2709 2708 2055 182 
1757: 2716 2715 159 53 
1758: 2718 2717 1904 171 
1759: 2735 2734 1446 1445 
1760: 2737 2736 910 515 
1761: 2738 2737 516 6 
1762: 2742 2741 1416 517 
1763: 2752 2751 1447 518 
1764: 2753 2752 2641 1421 
1765: 2756 2755 2332 1447 
1766: 2762 2761 1448 1227 
1767: 2768 2767 2347 1449 
1768: 2771 2770 1450 702 
1769: 2931 2772 760 261 
1770: 2776 2775 2689 1451 
1771: 2791 2790 1663 38 
1772: 2919 2791 180 142 
1773: 2796 2792 1453 1452 
1774: 2914 2793 509 255 
1775: 2798 2797 1454 1230 
1776: 2802 2801 1492 344 
1777: 2979 2808 2807 519 
1778: 2819 2818 1323 160 
1779: 2822 2821 1709 520 
1780: 2824 2823 2712 13 
1781: 2826 2825 1455 327 
1782: 2830 2829 711 42 
1783: 2834 2833 1456 217 
1784: 2835 2834 1457 136 
1785: 2836 2835 1802 181 
1786: 2837 2836 1952 161 
1787: 2909 2838 2837 521 
1788: 2840 2839 2023 1699 
1789: 2841 2840 1458 1372 
1790: 2847 2846 1460 1459 
1791: 2899 2853 1161 627 
1792: 2855 2854 1461 522 
1793: 2857 2856 771 154 
1794: 2858 2857 523 278 
1795: 2860 2859 1462 1164 
1796: 2864 2863 1960 524 
1797: 2866 2865 1617 795 
1798: 2867 2866 1463 296 
1799: 2873 2872 1636 1464 
1800: 2877 2876 1678 274 
1801: 2879 2878 2508 1223 
1802: 2880 2879 1785 1465 
1803: 2891 2890 582 525 
1804: 2896 2895 2372 198 
1805: 2901 2900 1466 165 
1806: 2905 2904 800 498 
1807: 2907 2906 1233 526 
1808: 2908 2907 66 43 
1809: 2922 2921 1242 50 
1810: 2926 2925 2494 126 
1811: 2927 2926 1512 1267 
1812: 2928 2927 1507 162 
1813: 2931 2930 536 3 
1814: 2933 2932 1721 1467 
1815: 2935 2934 1864 163 
1816: 2946 2945 2850 1468 
1817: 2947 2946 1987 527 
1818: 2965 2964 2298 1453 
1819: 2969 2968 1469 689 
1820: 2973 2972 1470 197 
1821: 2974 2973 2086 7 
1822: 2975 2974 2088 1511 
1823: 2977 2976 1902 57 
1824: 2983 2982 2976 164 
1825: 2984 2983 1567 1471 
1826: 2988 2987 529 528 
1827: 530 165 44 
1828: 1253 531 70 
1829: 699 605 70 
1830: 785 532 71 
1831: 1472 995 71 
1832: 1459 533 166 
1833: 550 517 166 
1834: 1142 1042 786 
1835: 1474 1473 534 
1836: 535 482 167 
1837: 1102 467 143 
1838: 1475 705 289 
1839: 178 168 162 
1840: 1476 629 169 
1841: 1476 536 96 
1842: 1121 537 348 
1843: 1477 797 170 
1844: 1382 799 538 
1845: 1846 519 231 
1846: 1845 950 253 
1847: 672 512 400 
1848: 1478 539 171 
1849: 1478 540 278 
1850: 1214 826 8 
1851: 1480 1479 265 
1852: 1480 1224 116 
1853: 1854 1425 541 
1854: 1853 1481 149 
1855: 808 496 147 
1856: 577 542 172 
1857: 1858 1482 1220 
1858: 1857 173 45 
1859: 829 527 60 
1860: 1171 818 805 
1861: 1862 543 9 
1862: 1861 544 385 
1863: 1864 811 46 
1864: 1863 1815 763 
1865: 1294 1182 545 
1866: 1484 1483 540 
1867: 1485 1483 451 
1868: 1486 1160 546 
1869: 1487 1299 547 
1870: 1871 1456 437 
1871: 1872 1870 1059 
1872: 1871 1445 11 
1873: 1874 1444 232 
1874: 1875 1873 548 
1875: 1874 174 46 
1876: 432 260 175 
1877: 1488 260 65 
1878: 1489 229 73 
1879: 571 244 238 
1880: 816 655 176 
1881: 1490 549 545 
1882: 550 187 12 
1883: 1491 550 330 
1884: 1491 1338 742 
1885: 1886 1492 177 
1886: 1885 178 72 
1887: 1493 647 551 
1888: 1889 1493 179 
1889: 1888 890 14 
1890: 746 552 314 
1891: 756 553 180 
1892: 1118 830 516 
1893: 1494 554 59 
1894: 1495 555 181 
1895: 449 338 182 
1896: 899 526 65 
1897: 1479 454 21 
1898: 1259 1008 458 
1899: 1496 556 183 
1900: 556 166 47 
1901: 1902 1497 103 
1902: 1901 1823 600 
1903: 1904 768 184 
1904: 1903 1758 1498 
1905: 1499 1498 207 
1906: 1907 1499 557 
1907: 1908 1906 2 
1908: 1907 734 638 
1909: 844 558 557 
1910: 1500 559 185 
1911: 762 561 560 
1912: 1913 1513 186 
1913: 1912 1501 259 
1914: 1501 1127 949 
1915: 1440 701 187 
1916: 1917 704 83 
1917: 1916 1739 1368 
1918: 1919 1381 57 
1919: 1918 495 188 
1920: 869 612 542 
1921: 1922 1502 477 
1922: 1921 1503 973 
1923: 1503 929 562 
1924: 1504 564 563 
1925: 1315 744 151 
1926: 1927 248 202 
1927: 1926 1393 1156 
1928: 1404 489 192 
1929: 1505 1303 189 
1930: 1931 1704 718 
1931: 1930 857 17 
1932: 565 457 83 
1933: 1507 1506 639 
1934: 1935 1508 1507 
1935: 1934 566 190 
1936: 859 566 48 
1937: 1250 234 49 
1938: 1939 1361 1195 
1939: 1938 567 181 
1940: 1941 628 567 
1941: 1940 1509 568 
1942: 1943 1422 569 
1943: 1944 1942 570 
1944: 1945 1943 134 
1945: 1944 572 571 
1946: 573 571 179 
1947: 1244 937 574 
1948: 1510 191 50 
1949: 1511 784 191 
1950: 1512 1511 632 
1951: 810 576 575 
1952: 1786 1513 868 
1953: 1514 1513 51 
1954: 1515 1514 819 
1955: 1515 971 37 
1956: 577 281 192 
1957: 1958 1566 145 
1958: 1957 1516 794 
1959: 1517 368 301 
1960: 1796 1518 578 
1961: 877 579 78 
1962: 1455 1285 726 
1963: 1964 579 113 
1964: 1963 1519 428 
1965: 1966 1519 580 
1966: 1965 539 10 
1967: 1520 1245 907 
1968: 195 194 193 
1969: 1970 1521 1501 
1970: 1969 882 581 
1971: 1972 582 196 
1972: 1971 1522 235 
1973: 1523 1522 1408 
1974: 1524 1523 1333 
1975: 1976 1655 1271 
1976: 1975 884 138 
1977: 1525 395 95 
1978: 1979 1525 44 
1979: 1978 979 583 
1980: 1981 957 202 
1981: 1980 927 584 
1982: 1526 889 450 
1983: 1235 585 388 
1984: 522 213 210 
1985: 1986 1399 213 
1986: 1985 1311 462 
1987: 1817 1352 586 
1988: 1529 1528 1527 
1989: 1990 1529 587 
1990: 1989 1530 1239 
1991: 1992 1283 197 
1992: 1991 1531 75 
1993: 1994 1532 189 
1994: 1993 1534 1533 
1995: 588 18 7 
1996: 1997 619 463 
1997: 1996 1535 589 
1998: 1999 1536 1535 
1999: 2000 1998 311 
2000: 2001 1999 590 
2001: 2002 2000 617 
2002: 2001 588 198 
2003: 1391 591 198 
2004: 1694 1471 212 
2005: 1537 897 358 
2006: 1537 1339 549 
2007: 2008 1538 1488 
2008: 2007 398 47 
2009: 2010 749 243 
2010: 2011 2009 70 
2011: 2012 2010 507 
2012: 2013 2011 246 
2013: 2012 1539 1516 
2014: 2015 1539 433 
2015: 2014 1540 686 
2016: 1540 199 173 
2017: 2018 592 200 
2018: 2017 383 201 
2019: 2020 1541 321 
2020: 2019 1466 337 
2021: 2022 1542 144 
2022: 2021 174 11 
2023: 1788 1543 514 
2024: 1544 202 33 
2025: 1546 1545 202 
2026: 1547 1546 475 
2027: 1275 240 184 
2028: 1201 592 1 
2029: 1549 1548 1206 
2030: 1548 373 196 
2031: 2032 901 586 
2032: 2031 1441 584 
2033: 2034 593 150 
2034: 2033 1551 1550 
2035: 905 594 308 
2036: 2037 595 159 
2037: 2036 1711 1552 
2038: 2039 1553 1485 
2039: 2038 1369 52 
2040: 2041 1554 20 
2041: 2040 1555 596 
2042: 2043 770 596 
2043: 2042 883 597 
2044: 693 597 524 
2045: 1556 1335 158 
2046: 906 153 133 
2047: 2048 1749 1557 
2048: 2049 2047 1104 
2049: 2050 2048 221 
2050: 2049 908 598 
2051: 774 601 599 
2052: 2053 601 600 
2053: 2052 1693 1454 
2054: 2055 1558 425 
2055: 2054 1756 602 
2056: 1559 912 603 
2057: 2058 1436 961 
2058: 2057 1212 666 
2059: 1452 674 53 
2060: 604 58 53 
2061: 2062 604 203 
2062: 2063 2061 1526 
2063: 2064 2062 204 
2064: 2063 723 20 
2065: 2066 858 20 
2066: 2065 1560 51 
2067: 1630 1560 1309 
2068: 914 205 176 
2069: 1561 1137 206 
2070: 2071 1561 282 
2071: 2072 2070 0 
2072: 2073 2071 590 
2073: 2074 2072 453 
2074: 2073 1562 399 
2075: 2076 1563 423 
2076: 2075 434 207 
2077: 1168 953 941 
2078: 1564 1148 54 
2079: 2080 605 55 
2080: 2081 2079 2 
2081: 2080 606 261 
2082: 985 607 261 
2083: 2084 1565 918 
2084: 2083 1566 233 
2085: 2086 1566 573 
2086: 2087 2085 1821 
2087: 2088 2086 52 
2088: 2089 2087 1822 
2089: 2088 382 17 
2090: 654 576 208 
2091: 1651 1567 939 
2092: 1568 1567 608 
2093: 1569 608 235 
2094: 2095 1569 42 
2095: 2094 1570 609 
2096: 1571 609 108 
2097: 1571 610 56 
2098: 1572 692 611 
2099: 2100 1573 1572 
2100: 2101 2099 503 
2101: 2102 2100 266 
2102: 2101 1574 840 
2103: 1575 613 612 
2104: 1575 1529 614 
2105: 1553 615 614 
2106: 1464 616 209 
2107: 1576 468 209 
2108: 1576 211 210 
2109: 1467 227 187 
2110: 1578 1577 57 
2111: 2112 1577 938 
2112: 2111 1346 1258 
2113: 1580 1579 163 
2114: 1579 617 212 
2115: 2116 617 605 
2116: 2115 1581 175 
2117: 1581 618 58 
2118: 619 618 180 
2119: 1582 925 661 
2120: 1583 1582 12 
2121: 1584 1541 931 
2122: 1584 1170 342 
2123: 2124 620 213 
2124: 2123 1585 523 
2125: 1585 1291 1187 
2126: 2127 1586 1213 
2127: 2126 1636 392 
2128: 1587 621 511 
2129: 1589 1588 1587 
2130: 1589 394 214 
2131: 1328 622 165 
2132: 622 177 43 
2133: 936 60 59 
2134: 2135 740 635 
2135: 2136 2134 623 
2136: 2135 624 219 
2137: 2138 563 375 
2138: 2137 1591 1590 
2139: 1592 1590 625 
2140: 943 626 215 
2141: 1593 1092 216 
2142: 1594 405 217 
2143: 1595 627 13 
2144: 1595 628 8 
2145: 1105 1013 629 
2146: 1014 589 218 
2147: 2148 220 219 
2148: 2149 2147 445 
2149: 2148 1596 706 
2150: 2151 1596 613 
2151: 2150 631 630 
2152: 1597 1217 630 
2153: 1599 1598 673 
2154: 1600 1599 833 
2155: 1601 221 10 
2156: 2157 1601 131 
2157: 2156 1448 556 
2158: 2159 1532 1188 
2159: 2160 2158 1409 
2160: 2159 732 632 
2161: 732 661 633 
2162: 2163 502 352 
2163: 2162 1603 1602 
2164: 2165 1604 534 
2165: 2166 2164 550 
2166: 2165 952 222 
2167: 958 956 219 
2168: 1268 623 347 
2169: 1605 1032 40 
2170: 1388 634 68 
2171: 1606 634 223 
2172: 2173 1607 223 
2173: 2174 2172 1608 
2174: 2173 1305 790 
2175: 635 501 248 
2176: 1390 635 599 
2177: 1609 636 604 
2178: 2179 1610 426 
2179: 2180 2178 637 
2180: 2179 1611 287 
2181: 2182 268 74 
2182: 2181 1347 210 
2183: 2184 1277 460 
2184: 2183 994 959 
2185: 960 349 224 
2186: 1462 638 351 
2187: 639 448 61 
2188: 640 639 521 
2189: 1540 640 225 
2190: 1282 962 207 
2191: 2192 964 226 
2192: 2191 965 227 
2193: 2194 1612 1144 
2194: 2193 1613 1547 
2195: 1613 1304 228 
2196: 1376 1292 332 
2197: 1057 967 641 
2198: 652 127 122 
2199: 1530 642 579 
2200: 1573 761 642 
2201: 1615 1614 1504 
2202: 2203 1616 1615 
2203: 2202 643 229 
2204: 643 249 230 
2205: 594 536 249 
2206: 970 969 644 
2207: 972 182 62 
2208: 1363 1240 63 
2209: 2210 1286 774 
2210: 2209 1617 420 
2211: 470 439 14 
2212: 1210 645 14 
2213: 1755 1618 645 
2214: 2215 1618 659 
2215: 2216 2214 49 
2216: 2217 2215 1334 
2217: 2216 1207 83 
2218: 2219 1475 1222 
2219: 2220 2218 1087 
2220: 2219 1619 206 
2221: 851 646 231 
2222: 2223 647 646 
2223: 2222 1620 241 
2224: 1621 1620 739 
2225: 427 81 15 
2226: 2227 1622 1326 
2227: 2226 1378 974 
2228: 1623 1604 648 
2229: 1394 649 257 
2230: 2231 193 74 
2231: 2232 2230 565 
2232: 2231 1430 64 
2233: 2234 650 24 
2234: 2233 1374 1322 
2235: 2236 651 31 
2236: 2235 1318 535 
2237: 981 346 106 
2238: 1624 1100 652 
2239: 2240 1477 652 
2240: 2241 2239 729 
2241: 2242 2240 54 
2242: 2241 653 82 
2243: 654 653 650 
2244: 2245 1531 761 
2245: 2246 2244 218 
2246: 2247 2245 655 
2247: 2248 2246 551 
2248: 2249 2247 714 
2249: 2250 2248 2 
2250: 2249 1625 656 
2251: 1626 656 115 
2252: 1626 1300 872 
2253: 1627 986 232 
2254: 657 625 483 
2255: 697 657 444 
2256: 989 988 583 
2257: 2258 1402 658 
2258: 2257 659 559 
2259: 1628 456 107 
2260: 996 681 276 
2261: 2262 1570 1279 
2262: 2261 1629 538 
2263: 1630 1629 1546 
2264: 2265 1630 16 
2265: 2266 2264 783 
2266: 2267 2265 17 
2267: 2268 2266 212 
2268: 2267 660 585 
2269: 2270 660 160 
2270: 2269 661 222 
2271: 2272 1631 661 
2272: 2273 2271 413 
2273: 2272 1632 662 
2274: 2275 997 663 
2275: 2276 2274 328 
2276: 2275 648 356 
2277: 2278 1476 664 
2278: 2279 2277 634 
2279: 2278 1650 1633 
2280: 1400 754 665 
2281: 1634 666 665 
2282: 2283 666 114 
2283: 2284 2282 1351 
2284: 2283 667 387 
2285: 668 667 238 
2286: 1554 1177 668 
2287: 2288 669 242 
2288: 2287 1297 670 
2289: 2290 664 531 
2290: 2289 1218 671 
2291: 1635 1051 672 
2292: 2293 1001 333 
2293: 2292 1543 673 
2294: 1637 1636 673 
2295: 1638 1636 497 
2296: 1237 675 674 
2297: 1639 1603 674 
2298: 1818 1640 676 
2299: 1641 1640 389 
2300: 2301 1642 310 
2301: 2300 678 677 
2302: 1644 1643 866 
2303: 2304 1644 796 
2304: 2303 1645 418 
2305: 1379 773 91 
2306: 2307 1478 211 
2307: 2308 2306 1435 
2308: 2307 852 447 
2309: 2310 1007 27 
2310: 2311 2309 3 
2311: 2310 1646 1281 
2312: 1646 1405 129 
2313: 1649 1648 1647 
2314: 2315 1648 603 
2315: 2314 1650 185 
2316: 2317 1650 1 
2317: 2316 1651 1094 
2318: 1651 1610 65 
2319: 2320 1550 65 
2320: 2319 286 233 
2321: 1354 768 233 
2322: 1652 1337 553 
2323: 2324 1652 775 
2324: 2323 1653 1252 
2325: 1654 1095 679 
2326: 1656 1655 679 
2327: 2328 1655 195 
2328: 2329 2327 1647 
2329: 2330 2328 241 
2330: 2331 2329 18 
2331: 2330 1412 867 
2332: 1765 1481 680 
2333: 822 680 234 
2334: 1657 455 234 
2335: 1657 1495 1009 
2336: 2337 1545 510 
2337: 2336 681 376 
2338: 2339 681 199 
2339: 2340 2338 66 
2340: 2341 2339 381 
2341: 2342 2340 1362 
2342: 2343 2341 682 
2343: 2342 1229 235 
2344: 1627 683 69 
2345: 684 683 201 
2346: 684 245 67 
2347: 1767 1659 1658 
2348: 1659 582 68 
2349: 1011 685 644 
2350: 2351 1465 1012 
2351: 2350 686 203 
2352: 1660 686 673 
2353: 2354 1661 1411 
2354: 2355 2353 602 
2355: 2354 69 26 
2356: 687 574 26 
2357: 687 357 18 
2358: 1662 1308 776 
2359: 2360 1662 233 
2360: 2361 2359 236 
2361: 2362 2360 756 
2362: 2361 1325 688 
2363: 1437 1385 688 
2364: 1316 1103 370 
2365: 2366 1663 1106 
2366: 2365 1451 569 
2367: 2368 1664 779 
2368: 2367 1665 221 
2369: 2370 1414 237 
2370: 2371 2369 19 
2371: 2372 2370 1443 
2372: 2373 2371 1804 
2373: 2374 2372 1517 
2374: 2373 1666 591 
2375: 2376 1667 1666 
2376: 2377 2375 1668 
2377: 2378 2376 464 
2378: 2379 2377 238 
2379: 2378 1415 789 
2380: 2381 1669 146 
2381: 2382 2380 140 
2382: 2383 2381 1571 
2383: 2384 2382 1670 
2384: 2383 1622 239 
2385: 2386 647 494 
2386: 2387 2385 135 
2387: 2388 2386 689 
2388: 2389 2387 99 
2389: 2388 1672 1671 
2390: 1671 1022 690 
2391: 1674 1673 270 
2392: 2393 691 59 
2393: 2392 649 228 
2394: 1675 558 299 
2395: 2396 1263 269 
2396: 2395 748 312 
2397: 1025 431 240 
2398: 1676 1586 990 
2399: 2400 1634 77 
2400: 2401 2399 1677 
2401: 2402 2400 541 
2402: 2401 1678 16 
2403: 2404 1678 241 
2404: 2403 1508 677 
2405: 2406 1563 663 
2406: 2405 1419 672 
2407: 2408 1679 660 
2408: 2407 1680 753 
2409: 2410 1680 1174 
2410: 2411 2409 1698 
2411: 2412 2410 242 
2412: 2411 1078 637 
2413: 1341 1274 92 
2414: 1682 1681 3 
2415: 1682 1420 264 
2416: 1683 692 667 
2417: 759 692 396 
2418: 2419 693 88 
2419: 2418 1643 694 
2420: 2421 847 694 
2421: 2422 2420 316 
2422: 2423 2421 61 
2423: 2424 2422 1367 
2424: 2425 2423 258 
2425: 2426 2424 638 
2426: 2427 2425 362 
2427: 2426 1027 277 
2428: 1684 480 243 
2429: 2430 1684 777 
2430: 2431 2429 1364 
2431: 2430 917 695 
2432: 2433 695 619 
2433: 2432 1555 1029 
2434: 1685 1370 1255 
2435: 2436 1685 696 
2436: 2437 2435 809 
2437: 2438 2436 697 
2438: 2437 1686 244 
2439: 2440 1686 245 
2440: 2439 1621 1085 
2441: 1034 984 662 
2442: 1639 698 235 
2443: 1295 1135 699 
2444: 1687 1423 363 
2445: 1688 1687 242 
2446: 1689 671 508 
2447: 2448 1689 1674 
2448: 2449 2447 821 
2449: 2448 1492 246 
2450: 1690 580 544 
2451: 2452 1528 700 
2452: 2451 1691 701 
2453: 1691 702 246 
2454: 2455 720 702 
2455: 2454 1692 247 
2456: 1692 1053 696 
2457: 2458 1658 1037 
2458: 2459 2457 239 
2459: 2458 1038 27 
2460: 1426 1041 11 
2461: 1241 710 24 
2462: 703 697 578 
2463: 2464 1043 704 
2464: 2465 2463 45 
2465: 2464 1693 611 
2466: 1693 1667 359 
2467: 1642 1489 1044 
2468: 1694 452 241 
2469: 2470 1694 248 
2470: 2471 2469 70 
2471: 2472 2470 1499 
2472: 2473 2471 1132 
2473: 2474 2472 119 
2474: 2473 1695 249 
2475: 1696 1695 372 
2476: 1697 465 250 
2477: 1697 1461 705 
2478: 1660 1186 251 
2479: 2480 1638 226 
2480: 2481 2479 681 
2481: 2480 606 68 
2482: 1698 1046 66 
2483: 2484 1698 706 
2484: 2483 1699 707 
2485: 1718 1700 1699 
2486: 2487 1700 1458 
2487: 2488 2486 704 
2488: 2487 708 169 
2489: 1701 1052 838 
2490: 1701 1670 720 
2491: 1377 1054 57 
2492: 2493 1558 209 
2493: 2492 1702 709 
2494: 1810 1703 1449 
2495: 1704 1703 252 
2496: 2497 1704 253 
2497: 2496 1706 1705 
2498: 1544 1058 227 
2499: 2500 1486 247 
2500: 2499 1428 1396 
2501: 1707 1060 533 
2502: 1583 1184 651 
2503: 2504 1653 125 
2504: 2503 1061 70 
2505: 2506 1614 215 
2506: 2505 1278 629 
2507: 1348 1208 190 
2508: 2509 1801 1225 
2509: 2510 2508 335 
2510: 2509 711 710 
2511: 2512 711 615 
2512: 2513 2511 71 
2513: 2514 2512 1320 
2514: 2513 1329 993 
2515: 2516 1470 568 
2516: 2517 2515 170 
2517: 2518 2516 1000 
2518: 2519 2517 340 
2519: 2520 2518 505 
2520: 2521 2519 1150 
2521: 2520 1625 712 
2522: 2523 1588 1140 
2523: 2522 1708 1635 
2524: 2525 1688 1429 
2525: 2526 2524 919 
2526: 2527 2525 894 
2527: 2526 1709 254 
2528: 1710 1709 20 
2529: 2530 1710 738 
2530: 2529 1592 1062 
2531: 2532 424 2 
2532: 2533 2531 713 
2533: 2532 1696 641 
2534: 1711 1708 441 
2535: 1712 1711 714 
2536: 1713 1712 715 
2537: 1714 1675 1446 
2538: 1714 275 255 
2539: 2540 1401 255 
2540: 2541 2539 954 
2541: 2542 2540 690 
2542: 2541 738 716 
2543: 2544 1715 192 
2544: 2543 1676 1568 
2545: 2546 1065 717 
2546: 2545 612 555 
2547: 2548 397 72 
2548: 2547 1746 1716 
2549: 2550 1716 845 
2550: 2551 2549 718 
2551: 2550 719 118 
2552: 1717 374 288 
2553: 2554 1717 1538 
2554: 2553 1557 1384 
2555: 1591 1236 124 
2556: 1097 720 493 
2557: 2558 720 487 
2558: 2557 1718 955 
2559: 1719 1718 256 
2560: 1720 721 256 
2561: 2562 721 53 
2562: 2561 722 73 
2563: 2564 1070 596 
2564: 2565 2563 1721 
2565: 2564 1398 513 
2566: 2567 1249 863 
2567: 2566 570 276 
2568: 2569 1071 236 
2569: 2570 2568 862 
2570: 2569 1072 252 
2571: 2572 1654 257 
2572: 2573 2571 244 
2573: 2572 1722 1705 
2574: 1722 1383 74 
2575: 2576 76 75 
2576: 2575 714 50 
2577: 1256 548 224 
2578: 723 706 141 
2579: 1723 1646 723 
2580: 1723 264 77 
2581: 2582 350 77 
2582: 2581 593 48 
2583: 1724 724 167 
2584: 2585 1450 699 
2585: 2586 2584 1198 
2586: 2585 1505 928 
2587: 2588 1342 492 
2588: 2587 1631 525 
2589: 1725 1460 817 
2590: 1726 1725 1593 
2591: 1559 1431 725 
2592: 2593 1133 759 
2593: 2592 1727 1712 
2594: 1727 1082 78 
2595: 2596 1497 1099 
2596: 2597 2595 257 
2597: 2598 2596 79 
2598: 2597 1433 1276 
2599: 2600 1728 128 
2600: 2599 1729 139 
2601: 1729 1314 577 
2602: 2603 1506 1260 
2603: 2604 2602 1473 
2604: 2603 561 67 
2605: 2606 1730 1664 
2606: 2607 2605 754 
2607: 2606 1731 560 
2608: 1731 1468 726 
2609: 2610 1427 727 
2610: 2611 2609 271 
2611: 2610 1594 728 
2612: 729 728 178 
2613: 2614 729 336 
2614: 2615 2613 658 
2615: 2614 730 245 
2616: 2617 1673 730 
2617: 2616 731 258 
2618: 2619 258 238 
2619: 2620 2618 130 
2620: 2619 1482 417 
2621: 1649 1109 1086 
2622: 2623 1088 322 
2623: 2622 1119 726 
2624: 1716 698 689 
2625: 2626 1732 515 
2626: 2627 2625 1514 
2627: 2628 2626 21 
2628: 2627 1733 1307 
2629: 1608 835 504 
2630: 2631 703 259 
2631: 2632 2630 730 
2632: 2631 1734 1562 
2633: 1734 1231 732 
2634: 1735 1216 991 
2635: 2636 1735 1605 
2636: 2635 1107 1035 
2637: 2638 1736 250 
2638: 2639 2637 724 
2639: 2640 2638 1141 
2640: 2639 1737 733 
2641: 1764 1738 1737 
2642: 2643 1738 63 
2643: 2642 1403 762 
2644: 2645 1641 595 
2645: 2646 2644 75 
2646: 2645 1739 194 
2647: 2648 1740 1739 
2648: 2647 814 410 
2649: 765 685 260 
2650: 2651 1110 587 
2651: 2652 2650 734 
2652: 2653 2651 710 
2653: 2652 1741 1645 
2654: 1112 304 78 
2655: 1321 987 735 
2656: 2657 735 74 
2657: 2658 2656 1527 
2658: 2657 1742 627 
2659: 1742 1313 459 
2660: 1113 736 631 
2661: 2662 1149 251 
2662: 2663 2661 856 
2663: 2662 737 231 
2664: 2665 1561 737 
2665: 2664 709 616 
2666: 1246 717 273 
2667: 2668 1743 249 
2668: 2667 1434 738 
2669: 1744 738 429 
2670: 2671 1373 22 
2671: 2672 2670 1204 
2672: 2673 2671 17 
2673: 2674 2672 306 
2674: 2673 739 71 
2675: 1745 740 739 
2676: 1745 741 254 
2677: 1746 741 633 
2678: 1747 1746 13 
2679: 1665 1442 1406 
2680: 2681 1748 15 
2681: 2680 479 80 
2682: 2683 743 742 
2683: 2682 1266 79 
2684: 1365 1232 744 
2685: 2686 758 261 
2686: 2687 2685 1564 
2687: 2688 2686 1287 
2688: 2687 1749 148 
2689: 1770 1749 491 
2690: 2691 1744 1732 
2691: 2690 1750 1358 
2692: 1536 746 745 
2693: 1751 1748 746 
2694: 2695 1751 476 
2695: 2694 1752 1633 
2696: 2697 1752 3 
2697: 2696 736 164 
2698: 2699 747 197 
2699: 2698 1395 659 
2700: 2701 1624 1310 
2701: 2700 1375 217 
2702: 1565 1510 62 
2703: 2704 1344 262 
2704: 2703 601 345 
2705: 1753 1681 488 
2706: 1754 1753 438 
2707: 1755 1754 1751 
2708: 1756 1755 1500 
2709: 2710 1756 600 
2710: 2711 2709 1730 
2711: 2710 632 566 
2712: 1780 1616 748 
2713: 1463 748 624 
2714: 1324 749 386 
2715: 1757 1619 749 
2716: 2717 1757 1196 
2717: 2716 1758 802 
2718: 1758 1439 780 
2719: 1740 751 750 
2720: 2721 752 750 
2721: 2720 1600 58 
2722: 2723 1524 700 
2723: 2724 2722 60 
2724: 2723 752 69 
2725: 2726 752 269 
2726: 2725 132 23 
2727: 694 263 23 
2728: 2729 708 263 
2729: 2728 1296 719 
2730: 1123 753 35 
2731: 1533 754 753 
2732: 2733 1356 754 
2733: 2732 422 380 
2734: 1759 1585 1490 
2735: 1759 1125 64 
2736: 1760 755 377 
2737: 1761 1760 528 
2738: 2739 1761 679 
2739: 2740 2738 240 
2740: 2741 2739 24 
2741: 2740 1762 506 
2742: 2743 1762 1734 
2743: 2742 693 317 
2744: 2745 562 403 
2745: 2746 2744 575 
2746: 2747 2745 747 
2747: 2746 755 436 
2748: 755 734 274 
2749: 1682 756 621 
2750: 1552 756 264 
2751: 1763 265 264 
2752: 1764 1763 727 
2753: 1764 1597 1128 
2754: 1679 1129 266 
2755: 1765 737 266 
2756: 2757 1765 670 
2757: 2758 2756 1601 
2758: 2759 2757 446 
2759: 2758 1386 225 
2760: 1293 1130 267 
2761: 1766 1136 56 
2762: 1766 1580 416 
2763: 1472 478 25 
2764: 2765 1607 757 
2765: 2766 2764 268 
2766: 2765 1413 490 
2767: 1767 1663 758 
2768: 1767 1122 759 
2769: 1484 880 759 
2770: 1768 1298 733 
2771: 1768 1159 760 
2772: 1769 1355 722 
2773: 713 520 269 
2774: 1578 302 269 
2775: 1770 1380 854 
2776: 1770 761 325 
2777: 1371 761 547 
2778: 1556 371 270 
2779: 2780 1723 270 
2780: 2781 2779 1702 
2781: 2782 2780 678 
2782: 2781 1502 271 
2783: 2784 1549 564 
2784: 2785 2783 81 
2785: 2784 751 626 
2786: 2787 607 21 
2787: 2786 1269 839 
2788: 2789 1512 1330 
2789: 2788 762 259 
2790: 1771 762 718 
2791: 1772 1771 243 
2792: 1773 1534 272 
2793: 1774 723 598 
2794: 2795 1741 220 
2795: 2796 2794 763 
2796: 2795 1773 546 
2797: 1775 1154 2 
2798: 1775 290 23 
2799: 1157 572 273 
2800: 2801 1158 257 
2801: 2800 1776 903 
2802: 1776 764 156 
2803: 1280 764 82 
2804: 2805 1350 499 
2805: 2806 2804 765 
2806: 2807 2805 947 
2807: 2806 1777 309 
2808: 1777 1349 22 
2809: 1521 1290 472 
2810: 2811 712 297 
2811: 2810 1706 1522 
2812: 2813 1457 262 
2813: 2814 2812 1683 
2814: 2815 2813 204 
2815: 2816 2814 391 
2816: 2817 2815 620 
2817: 2816 1317 267 
2818: 1778 1438 72 
2819: 2820 1778 766 
2820: 2821 2819 597 
2821: 2820 1779 1243 
2822: 2823 1779 1715 
2823: 2822 1780 360 
2824: 2825 1780 229 
2825: 2824 1781 1742 
2826: 2827 1781 732 
2827: 2828 2826 765 
2828: 2829 2827 1261 
2829: 2828 1782 469 
2830: 2831 1782 1747 
2831: 2830 715 274 
2832: 2833 1496 274 
2833: 2832 1783 266 
2834: 1784 1783 1518 
2835: 1785 1784 1714 
2836: 1786 1785 1560 
2837: 1787 1786 105 
2838: 2839 1787 1598 
2839: 2838 1788 76 
2840: 1789 1788 1542 
2841: 2842 1789 757 
2842: 2841 253 83 
2843: 2844 1327 83 
2844: 2845 2843 270 
2845: 2846 2844 716 
2846: 2845 1790 610 
2847: 2848 1790 26 
2848: 2847 767 758 
2849: 767 415 402 
2850: 2851 1816 1612 
2851: 2850 1727 1606 
2852: 2853 1389 248 
2853: 2854 2852 1791 
2854: 2853 1792 1609 
2855: 2856 1792 1574 
2856: 2855 1793 781 
2857: 1794 1793 36 
2858: 2859 1794 188 
2859: 2858 1795 155 
2860: 1795 1015 275 
2861: 2862 655 275 
2862: 2863 2861 725 
2863: 2862 1796 305 
2864: 2865 1796 1632 
2865: 2864 1797 486 
2866: 1798 1797 161 
2867: 1798 1617 768 
2868: 2869 768 669 
2869: 2868 277 81 
2870: 2871 277 276 
2871: 2872 2870 20 
2872: 2871 1799 1726 
2873: 2874 1799 688 
2874: 2873 707 84 
2875: 2876 1719 214 
2876: 2875 1800 769 
2877: 2878 1800 1728 
2878: 2877 1801 1016 
2879: 1802 1801 157 
2880: 2881 1802 260 
2881: 2882 2880 691 
2882: 2883 2881 1733 
2883: 2882 770 682 
2884: 770 766 27 
2885: 2886 1735 27 
2886: 2887 2885 763 
2887: 2886 771 19 
2888: 2889 771 12 
2889: 2890 2888 255 
2890: 2889 1803 186 
2891: 2892 1803 484 
2892: 2893 2891 764 
2893: 2894 2892 272 
2894: 2895 2893 277 
2895: 2894 1804 1628 
2896: 2897 1804 168 
2897: 2898 2896 772 
2898: 2899 2897 529 
2899: 2898 1791 471 
2900: 1805 1162 581 
2901: 2902 1805 268 
2902: 2901 1469 608 
2903: 2904 1713 1637 
2904: 2903 1806 84 
2905: 1806 1736 1166 
2906: 1807 1167 537 
2907: 1808 1807 871 
2908: 2909 1808 1392 
2909: 2910 2908 1787 
2910: 2911 2909 1589 
2911: 2910 1254 216 
2912: 2913 1175 636 
2913: 2914 2912 80 
2914: 2915 2913 1774 
2915: 2916 2914 25 
2916: 2917 2915 842 
2917: 2918 2916 205 
2918: 2919 2917 740 
2919: 2920 2918 1772 
2920: 2921 2919 1724 
2921: 2920 1809 676 
2922: 1809 1656 474 
2923: 2924 1474 744 
2924: 2925 2923 213 
2925: 2924 1810 552 
2926: 1811 1810 9 
2927: 1812 1811 83 
2928: 1812 1720 741 
2929: 2930 1611 261 
2930: 2929 1813 702 
2931: 1813 1769 1417 
2932: 1814 1707 675 
2933: 2934 1814 276 
2934: 2933 1815 3 
2935: 2936 1815 1251 
2936: 2935 1509 1487 
2937: 1672 1551 760 
2938: 1366 701 283 
2939: 2940 772 435 
2940: 2939 1178 532 
2941: 1359 773 769 
2942: 2943 1180 232 
2943: 2944 2942 34 
2944: 2945 2943 230 
2945: 2944 1816 82 
2946: 1817 1816 1520 
2947: 2948 1817 731 
2948: 2947 773 628 
2949: 2950 773 430 
2950: 2951 2949 1494 
2951: 2952 2950 481 
2952: 2953 2951 6 
2953: 2954 2952 85 
2954: 2955 2953 26 
2955: 2956 2954 1205 
2956: 2957 2955 742 
2957: 2958 2956 485 
2958: 2959 2957 237 
2959: 2958 1677 1049 
2960: 1418 271 234 
2961: 2962 1270 208 
2962: 2963 2961 171 
2963: 2964 2962 518 
2964: 2963 1818 622 
2965: 2966 1818 530 
2966: 2967 2965 24 
2967: 2966 1189 904 
2968: 1819 1190 745 
2969: 2970 1819 466 
2970: 2971 2969 554 
2971: 2972 2970 1602 
2972: 2971 1820 1669 
2973: 1821 1820 543 
2974: 1822 1821 1690 
2975: 2976 1822 278 
2976: 2975 1824 1823 
2977: 1823 1721 278 
2978: 2979 1432 5 
2979: 2980 2978 1777 
2980: 2981 2979 1743 
2981: 2980 1264 183 
2982: 1824 1193 824 
2983: 1825 1824 55 
2984: 2985 1825 1493 
2985: 2986 2984 1153 
2986: 2987 2985 1623 
2987: 2986 1826 73 
2988: 2989 1826 1710 
2989: 2990 2988 172 
2990: 2991 2989 705 
2991: 2992 2990 1173 
2992: 2993 2991 200 
2993: 2992 1074 774 
2994: 1661 813 774 
2995: 2996 1020 743 
2996: 2997 2995 273 
2997: 2998 2996 442 
2998: 2997 1750 265 
2999: 1668 1397 654 
