3000
0: 2879 2044 1894 1820 1586 1203 1010 515 310 71 20 
1: 2724 2393 2135 2057 1849 1771 1681 1446 1433 151 109 
2: 2801 1805 1073 601 428 298 121 74 4 
3: 2415 1922 1873 1872 1866 1653 719 337 155 
4: 1610 1188 1181 849 688 485 214 2 
5: 1923 1740 1434 1317 1238 1129 374 38 
6: 2704 1820 1336 1230 957 919 802 696 
7: 2628 1985 1962 1362 793 310 250 66 
8: 2035 2034 1580 1120 1004 970 742 394 
9: 2496 2106 1660 1629 1340 604 505 260 
10: 2208 2170 1994 1056 966 375 239 195 
11: 2594 2218 1683 1536 615 566 181 116 
12: 2408 2227 1774 1579 1490 675 19 13 
13: 2998 2311 2273 1559 1274 1259 506 12 
14: 2452 2320 2019 1813 1756 1341 794 61 
15: 2720 2382 948 638 563 396 355 348 
16: 2652 2417 2133 1875 1062 648 168 70 
17: 2590 2565 2406 1810 1809 1196 952 79 
18: 2828 2607 2264 2025 1005 986 984 977 
19: 2785 2698 468 377 375 363 104 12 
20: 2731 2709 940 911 425 98 49 0 
21: 2915 2744 1209 1095 454 389 279 53 
22: 2841 2770 1868 1798 1540 1522 391 336 
23: 2974 2821 2265 807 691 476 443 271 
24: 2990 2868 2303 1470 1291 465 277 85 
25: 2132 693 283 226 175 111 51 
26: 2123 900 591 531 514 414 406 
27: 2460 922 849 507 285 222 119 
28: 2769 1070 612 311 128 44 31 
29: 1842 1108 850 668 659 280 256 
30: 2281 1125 957 695 537 299 182 
31: 1538 1134 1018 400 298 94 28 
32: 2801 1248 737 506 274 243 232 
33: 1832 1349 1124 1085 1010 324 214 
34: 2011 1405 1141 858 502 383 96 
35: 2152 1537 1198 1034 812 649 187 
36: 2682 1539 1407 637 530 265 60 
37: 1903 1604 1595 1482 856 453 404 
38: 2120 1619 1370 1228 325 142 5 
39: 1697 1620 1563 1547 1546 1024 918 
40: 1901 1627 1027 823 673 361 192 
41: 2379 1633 1122 641 464 326 136 
42: 2762 1662 1432 1301 1129 293 75 
43: 1842 1721 1094 727 161 159 134 
44: 2960 1759 1268 932 422 103 28 
45: 2593 1800 907 555 346 229 95 
46: 2040 1816 1413 497 421 297 101 
47: 2942 1850 449 335 318 300 97 
48: 2314 1922 1709 1632 870 271 212 
49: 2967 1928 1631 1368 1275 1227 20 
50: 2612 1944 1449 1312 378 308 215 
51: 1995 1947 1907 1747 1103 112 25 
52: 2577 1948 1082 921 283 125 109 
53: 2455 1967 1138 897 545 72 21 
54: 2955 1983 1966 1662 1524 1442 470 
55: 2054 2021 1157 689 621 207 83 
56: 2597 2034 1958 1726 1176 934 705 
57: 2340 2079 1494 338 327 296 113 
58: 2805 2087 1303 1217 1121 914 288 
59: 2135 2134 2100 1871 634 293 235 
60: 2581 2181 1760 1033 661 282 36 
61: 2410 2181 1682 1025 937 586 14 
62: 2301 2183 1811 1806 1453 749 581 
63: 2899 2200 2199 826 789 332 98 
64: 2962 2211 1941 1634 1468 665 429 
65: 2335 2215 1119 873 796 795 344 
66: 2506 2235 1987 1867 336 273 7 
67: 2625 2239 2065 1822 1486 679 180 
68: 2515 2259 1834 840 811 748 403 
69: 2707 2285 2179 946 872 792 98 
70: 2616 2323 1429 874 675 82 16 
71: 2750 2361 2218 1534 969 885 0 
72: 2685 2362 2017 1787 549 152 53 
73: 2599 2403 1933 1773 1745 1292 961 
74: 2934 2416 1729 648 478 454 2 
75: 2622 2445 2211 2210 787 257 42 
76: 2504 2449 1959 1859 1479 951 129 
77: 2835 2451 1256 969 536 282 99 
78: 2554 2464 2208 1558 1154 1002 493 
79: 2555 2471 2182 1863 274 243 17 
80: 2877 2473 1883 1497 315 252 119 
81: 2533 2492 2241 1357 981 964 242 
82: 2820 2502 1510 678 398 291 70 
83: 2859 2509 2082 1603 1070 378 55 
84: 2931 2527 2425 1957 1440 1252 562 
85: 2689 2541 1524 392 318 182 24 
86: 2982 2664 1963 801 348 297 296 
87: 2885 2700 1869 1853 1182 1139 498 
88: 2895 2786 2556 2076 444 276 130 
89: 2816 2815 2507 1721 1680 1232 925 
90: 2854 2853 2653 1087 793 766 617 
91: 2954 2947 2611 1225 628 346 338 
92: 1902 509 453 190 176 166 
93: 1224 600 329 277 271 252 
94: 2536 711 553 339 317 31 
95: 2461 761 458 278 234 45 
96: 943 803 609 502 281 34 
97: 2804 808 694 492 448 47 
98: 1385 834 524 69 63 20 
99: 991 857 848 254 209 77 
100: 969 872 854 592 463 284 
101: 1960 893 336 132 110 46 
102: 1934 913 894 791 208 122 
103: 1817 931 642 288 137 44 
104: 1169 935 859 839 467 19 
105: 2191 950 892 409 213 179 
106: 2881 955 946 617 574 241 
107: 2585 957 757 329 273 143 
108: 1127 984 806 795 651 290 
109: 1473 998 918 140 52 1 
110: 2655 1016 665 630 264 101 
111: 1278 1022 425 309 245 25 
112: 1330 1038 586 457 278 51 
113: 1185 1049 866 749 360 57 
114: 2108 1110 881 797 786 276 
115: 1131 1130 928 923 687 351 
116: 2858 1151 889 826 141 11 
117: 1438 1156 1107 975 595 386 
118: 2682 1201 1158 1015 415 240 
119: 2180 1213 1039 559 80 27 
120: 2216 1221 993 991 937 322 
121: 1955 1223 720 549 243 2 
122: 2322 1257 555 526 289 102 
123: 2860 1263 944 476 359 279 
124: 2526 1265 1217 1180 654 287 
125: 1824 1294 1220 300 138 52 
126: 2026 1305 1055 897 819 385 
127: 1315 1310 1116 867 600 387 
128: 1668 1311 1039 954 497 28 
129: 2531 1330 1157 868 359 76 
130: 2358 1331 930 731 214 88 
131: 2526 1355 1279 758 676 516 
132: 2696 1377 1238 798 190 101 
133: 1861 1388 1255 870 869 225 
134: 1611 1411 995 962 926 43 
135: 1884 1414 1071 340 245 138 
136: 2359 1436 1192 1100 526 41 
137: 1815 1445 1250 827 502 103 
138: 2055 1481 820 183 135 125 
139: 1909 1500 1198 833 623 174 
140: 2391 1503 465 342 300 109 
141: 2619 1507 1315 899 771 116 
142: 2409 1520 1401 1192 399 38 
143: 2178 1530 1344 610 320 107 
144: 2964 1545 1086 995 946 391 
145: 2240 1547 1375 906 801 170 
146: 2517 1552 1092 615 567 272 
147: 2657 1557 1026 793 423 321 
148: 2991 1573 1166 976 930 929 
149: 2298 1575 956 878 710 641 
150: 2106 1583 890 842 802 551 
151: 2787 1601 992 517 227 1 
152: 2996 1614 959 326 275 72 
153: 2818 1658 846 840 815 772 
154: 1835 1661 1408 1069 1043 416 
155: 2010 1674 1602 829 457 3 
156: 2910 1694 1568 1562 811 334 
157: 2126 1696 1292 847 682 320 
158: 1843 1707 907 850 630 575 
159: 1841 1718 1105 1015 795 43 
160: 2823 1739 1188 1186 1059 491 
161: 1829 1741 804 571 273 43 
162: 2686 1755 580 570 544 276 
163: 1899 1757 1734 1354 743 394 
164: 1868 1763 1100 1020 829 545 
165: 1954 1799 1618 1102 791 529 
166: 2557 1814 1194 898 797 92 
167: 2054 1815 1543 912 615 286 
168: 2355 1816 1380 1337 541 16 
169: 2039 1817 1606 1323 439 297 
170: 2122 1819 1737 251 215 145 
171: 2591 1836 974 814 554 206 
172: 2891 1840 778 723 365 187 
173: 2467 1846 792 700 547 282 
174: 2186 1847 1427 824 494 139 
175: 2656 1850 1784 1037 196 25 
176: 2800 1855 1829 1439 240 92 
177: 2965 1858 942 941 707 183 
178: 2983 1870 830 825 521 224 
179: 2719 1872 1871 1186 1160 105 
180: 2189 1873 831 657 352 67 
181: 2716 1895 1776 1487 851 11 
182: 2020 1902 819 818 85 30 
183: 2270 1904 1165 504 177 138 
184: 2963 1916 1672 1322 856 828 
185: 2927 1923 1425 1215 939 871 
186: 2637 1932 1744 1228 956 879 
187: 2908 1943 933 369 172 35 
188: 2371 1949 1897 853 662 445 
189: 2695 1951 984 690 534 334 
190: 2598 1953 1952 555 132 92 
191: 2836 1968 1179 1157 997 988 
192: 1974 1973 1851 1190 238 40 
193: 2742 1977 1115 292 248 221 
194: 2884 1978 1295 1160 987 255 
195: 2925 1982 1637 799 606 10 
196: 2499 1984 833 788 388 175 
197: 2582 2008 1136 888 887 402 
198: 2200 2016 1175 1026 838 217 
199: 2958 2018 1877 1864 557 280 
200: 2139 2027 1989 918 587 287 
201: 2921 2028 2027 1921 1895 1634 
202: 2779 2030 1651 1489 1201 295 
203: 2045 2036 1374 1115 951 700 
204: 2184 2042 1553 1456 1356 681 
205: 2608 2049 1381 922 597 295 
206: 2862 2052 1574 1244 370 171 
207: 2199 2055 1914 1387 566 55 
208: 2410 2065 2064 1511 339 102 
209: 2889 2066 2065 589 475 99 
210: 2668 2112 2111 1245 1163 357 
211: 2563 2141 2140 2093 1806 1796 
212: 2280 2145 1828 879 654 48 
213: 2837 2148 1814 1762 1106 105 
214: 2562 2149 832 130 33 4 
215: 2949 2150 640 290 170 50 
216: 2683 2171 1298 1087 896 393 
217: 2219 2175 1783 1535 1277 198 
218: 2736 2207 1728 1342 386 325 
219: 2220 2209 1533 1261 1069 390 
220: 2706 2217 1143 881 805 421 
221: 2476 2220 1741 1494 333 193 
222: 2350 2237 2196 1793 1248 27 
223: 2603 2239 1189 1188 442 304 
224: 2842 2246 2245 1005 550 178 
225: 2710 2262 868 582 482 133 
226: 2339 2319 2300 2299 365 25 
227: 2326 2321 2250 994 308 151 
228: 2330 2329 1945 1615 1085 530 
229: 2938 2331 1828 661 330 45 
230: 2630 2331 2119 1784 1014 995 
231: 2892 2333 2246 1561 992 481 
232: 2843 2349 2164 916 496 32 
233: 2761 2356 2084 1184 1066 629 
234: 2703 2357 869 353 350 95 
235: 2781 2370 2069 1833 1347 59 
236: 2721 2377 1935 1847 998 351 
237: 2871 2380 2157 1916 952 305 
238: 2459 2398 2397 1011 466 192 
239: 2438 2401 1212 1021 341 10 
240: 2876 2405 1499 853 176 118 
241: 2924 2407 2061 1001 288 106 
242: 2662 2409 2333 743 709 81 
243: 2461 2448 1347 121 79 32 
244: 2518 2458 1467 1052 978 484 
245: 2467 2466 2289 683 135 111 
246: 2613 2468 2392 2094 648 432 
247: 2532 2485 671 519 477 294 
248: 2848 2489 1715 1041 813 193 
249: 2504 2503 1766 1471 645 407 
250: 2625 2522 1565 1094 635 7 
251: 2588 2538 1059 790 411 170 
252: 2869 2546 2150 533 93 80 
253: 2810 2554 2553 2357 779 311 
254: 2980 2560 1845 709 593 99 
255: 2976 2560 1274 987 450 194 
256: 2973 2567 1523 1073 355 29 
257: 2769 2592 1148 1126 1082 75 
258: 2919 2595 2329 2328 1841 462 
259: 2989 2600 2255 1220 807 397 
260: 2967 2618 2610 404 287 9 
261: 2923 2623 1465 1091 996 891 
262: 2694 2632 2631 2004 1348 309 
263: 2640 2639 1031 912 330 279 
264: 2792 2649 2442 1816 1375 110 
265: 2652 2651 1288 1127 371 36 
266: 2768 2673 1914 866 778 490 
267: 2932 2692 2691 2077 1649 338 
268: 2964 2693 1621 862 643 273 
269: 2858 2857 2580 1883 1541 1105 
270: 2863 2862 2614 2318 1118 818 
271: 2956 2882 1821 93 48 23 
272: 2937 2930 1838 1416 565 146 
273: 2363 268 161 107 66 
274: 2802 374 304 79 32 
275: 681 379 376 293 152 
276: 2586 399 162 114 88 
277: 1824 442 314 93 24 
278: 1147 461 310 112 95 
279: 1246 487 263 123 21 
280: 1878 498 328 199 29 
281: 2101 501 410 305 96 
282: 983 518 173 77 60 
283: 2305 537 384 52 25 
284: 1266 556 406 367 100 
285: 831 567 375 329 27 
286: 2533 591 537 514 167 
287: 2032 608 260 200 124 
288: 2062 627 241 103 58 
289: 891 630 619 436 122 
290: 1578 668 569 215 108 
291: 999 685 364 335 82 
292: 2165 689 574 382 193 
293: 2523 747 275 59 42 
294: 1886 752 449 387 247 
295: 1325 754 314 205 202 
296: 1889 766 597 86 57 
297: 1279 767 169 86 46 
298: 2977 788 367 31 2 
299: 1950 794 420 309 30 
300: 1910 796 140 125 47 
301: 1657 798 637 602 429 
302: 1935 800 598 588 458 
303: 1664 803 660 588 483 
304: 1569 806 384 274 223 
305: 1044 808 350 281 237 
306: 985 821 684 461 328 
307: 1142 832 825 764 689 
308: 1730 838 323 227 50 
309: 890 839 299 262 111 
310: 2257 841 278 7 0 
311: 2203 841 772 253 28 
312: 939 843 828 568 453 
313: 1875 843 741 613 556 
314: 1716 844 403 295 277 
315: 1052 848 438 324 80 
316: 2366 857 690 478 412 
317: 2260 867 763 663 94 
318: 1189 871 427 85 47 
319: 1688 875 770 586 320 
320: 2795 880 319 157 143 
321: 2307 883 396 373 147 
322: 2975 884 691 685 120 
323: 1169 893 631 363 308 
324: 2402 895 483 315 33 
325: 2534 899 898 218 38 
326: 2016 900 541 152 41 
327: 2230 910 861 331 57 
328: 1561 911 433 306 280 
329: 1050 917 285 107 93 
330: 1439 919 679 263 229 
331: 1787 924 676 628 327 
332: 2530 934 821 729 63 
333: 1124 938 868 867 221 
334: 2498 940 926 189 156 
335: 1321 941 796 291 47 
336: 1153 942 101 66 22 
337: 2455 947 852 358 3 
338: 2158 952 267 91 57 
339: 2970 953 680 208 94 
340: 1905 960 508 416 135 
341: 1166 968 568 413 239 
342: 2029 973 972 810 140 
343: 2291 980 809 638 441 
344: 2127 980 697 678 65 
345: 1150 985 876 860 692 
346: 2172 986 560 91 45 
347: 2330 996 908 802 515 
348: 1002 1001 366 86 15 
349: 1988 1003 908 901 774 
350: 2754 1007 469 305 234 
351: 1965 1012 823 236 115 
352: 2394 1015 512 356 180 
353: 1191 1016 735 355 234 
354: 1490 1018 942 904 847 
355: 2396 1023 353 256 15 
356: 1813 1029 712 410 352 
357: 1839 1035 816 693 210 
358: 2655 1037 806 659 337 
359: 2811 1042 745 129 123 
360: 1603 1043 875 728 113 
361: 2670 1045 947 822 40 
362: 1239 1052 1004 844 482 
363: 1263 1053 440 323 19 
364: 2528 1055 829 590 291 
365: 1542 1057 817 226 172 
366: 2444 1058 971 542 348 
367: 2813 1059 963 298 284 
368: 2110 1060 936 845 812 
369: 2569 1061 936 559 187 
370: 2740 1077 832 750 206 
371: 2185 1078 971 673 265 
372: 2601 1086 905 606 418 
373: 1810 1091 925 845 321 
374: 2313 1092 913 274 5 
375: 2171 1093 285 19 10 
376: 2640 1096 860 593 275 
377: 2573 1098 949 790 19 
378: 2661 1099 643 83 50 
379: 1896 1099 927 852 275 
380: 2890 1101 1080 845 844 
381: 2545 1104 926 925 474 
382: 1919 1109 971 902 292 
383: 1584 1110 1017 854 34 
384: 1515 1117 435 304 283 
385: 2735 1122 1064 706 126 
386: 1579 1123 1001 218 117 
387: 1917 1128 388 294 127 
388: 2635 1128 521 387 196 
389: 2746 1130 768 540 21 
390: 1138 1136 667 642 219 
391: 2157 1143 849 144 22 
392: 1545 1152 1083 550 85 
393: 1400 1154 979 744 216 
394: 1898 1156 855 163 8 
395: 2524 1159 775 754 614 
396: 1976 1161 1069 321 15 
397: 1516 1167 481 459 259 
398: 2844 1175 1036 672 82 
399: 1618 1180 880 276 142 
400: 2325 1180 678 664 31 
401: 2941 1181 1032 964 559 
402: 2847 1183 857 450 197 
403: 1723 1190 1188 314 68 
404: 1380 1191 1009 260 37 
405: 1293 1195 960 735 510 
406: 2426 1202 663 284 26 
407: 2535 1205 1163 1060 249 
408: 2317 1206 958 779 523 
409: 2531 1214 1057 869 105 
410: 1745 1219 730 356 281 
411: 2113 1222 664 446 251 
412: 1920 1229 1066 973 316 
413: 2745 1230 447 433 341 
414: 2920 1235 1179 587 26 
415: 2121 1237 830 827 118 
416: 2870 1240 892 340 154 
417: 2368 1246 1132 1131 625 
418: 2256 1254 985 769 372 
419: 1722 1256 1009 508 457 
420: 1864 1259 968 594 299 
421: 2547 1262 573 220 46 
422: 2205 1269 686 667 44 
423: 2660 1271 1023 523 147 
424: 1997 1273 1224 984 438 
425: 1821 1286 646 111 20 
426: 2618 1286 1130 886 854 
427: 2566 1287 1083 1073 318 
428: 2602 1289 1285 1253 2 
429: 1976 1296 582 301 64 
430: 1913 1297 864 765 614 
431: 2208 1300 1054 967 929 
432: 2936 1304 921 823 246 
433: 2020 1305 525 413 328 
434: 1366 1308 1221 1019 1000 
435: 2793 1311 834 579 384 
436: 1589 1317 837 511 289 
437: 2468 1324 962 900 557 
438: 1881 1325 1242 424 315 
439: 1753 1326 1071 1061 169 
440: 2167 1329 843 842 363 
441: 2902 1331 1234 553 343 
442: 2422 1339 552 277 223 
443: 1952 1343 1106 1054 23 
444: 1782 1354 1040 493 88 
445: 1839 1355 652 622 188 
446: 1400 1359 669 462 411 
447: 1498 1361 1358 1036 413 
448: 2418 1364 1028 952 97 
449: 2620 1365 826 294 47 
450: 1902 1394 618 402 255 
451: 2405 1394 1132 1022 510 
452: 2021 1403 1159 1152 916 
453: 2815 1406 312 92 37 
454: 2117 1408 750 74 21 
455: 1911 1414 1165 1164 923 
456: 2033 1415 1283 1165 1083 
457: 1512 1422 419 155 112 
458: 2875 1424 1131 302 95 
459: 2446 1441 887 525 397 
460: 2718 1441 1437 1197 943 
461: 2791 1449 1028 306 278 
462: 2059 1455 522 446 258 
463: 2969 1459 1334 934 100 
464: 2570 1459 1303 1123 41 
465: 1471 1462 860 140 24 
466: 1480 1463 1319 1016 238 
467: 2845 1464 1090 569 104 
468: 1516 1467 1308 807 19 
469: 2728 1469 1319 794 350 
470: 2221 1478 1452 948 54 
471: 1654 1485 972 948 940 
472: 2601 1489 1327 1119 1118 
473: 2825 1491 928 704 552 
474: 2168 1493 1116 636 381 
475: 1611 1496 828 580 209 
476: 1828 1500 563 123 23 
477: 2383 1501 1335 1017 247 
478: 2883 1502 611 316 74 
479: 1911 1506 1203 531 486 
480: 1792 1507 1322 1014 703 
481: 2423 1512 1371 397 231 
482: 1827 1519 613 362 225 
483: 2221 1526 1442 324 303 
484: 2497 1535 1144 1042 244 
485: 2017 1546 1176 990 4 
486: 1754 1553 1045 817 479 
487: 2038 1554 921 577 279 
488: 2640 1566 927 888 578 
489: 1655 1569 1264 1164 1038 
490: 2576 1572 845 507 266 
491: 2797 1574 665 596 160 
492: 2263 1581 1488 797 97 
493: 2542 1581 1509 444 78 
494: 2041 1587 959 920 174 
495: 2128 1590 972 945 830 
496: 1778 1591 997 958 232 
497: 2568 1594 989 128 46 
498: 2894 1608 1184 280 87 
499: 2545 1610 1598 1128 1063 
500: 2280 1613 1067 999 936 
501: 2106 1625 1557 1333 281 
502: 2254 1626 137 96 34 
503: 2174 1635 990 786 581 
504: 2849 1636 1166 1147 183 
505: 2203 1641 966 882 9 
506: 2238 1643 976 32 13 
507: 1831 1644 846 490 27 
508: 1992 1647 1464 419 340 
509: 2203 1650 1504 965 92 
510: 2695 1656 901 451 405 
511: 1797 1658 1499 629 436 
512: 2210 1671 1381 532 352 
513: 1833 1672 1260 811 697 
514: 2532 1677 791 286 26 
515: 2464 1678 1607 347 0 
516: 2088 1684 1182 674 131 
517: 2981 1687 1660 726 151 
518: 2042 1692 804 803 282 
519: 1893 1692 1251 825 247 
520: 2514 1693 1492 1068 617 
521: 2441 1693 1123 388 178 
522: 2605 1698 1373 982 462 
523: 2500 1700 1324 423 408 
524: 2935 1703 1390 976 98 
525: 2287 1704 1629 459 433 
526: 2518 1712 1267 136 122 
527: 1868 1720 1401 1065 988 
528: 2598 1724 1593 897 733 
529: 2729 1738 1668 891 165 
530: 2020 1742 721 228 36 
531: 1973 1743 1592 479 26 
532: 2269 1746 1150 627 512 
533: 2149 1750 1605 1012 252 
534: 2564 1754 861 601 189 
535: 2908 1758 1189 736 565 
536: 2010 1761 708 613 77 
537: 2548 1770 286 283 30 
538: 2187 1775 1216 907 906 
539: 1936 1779 1393 1314 783 
540: 2766 1789 1468 1146 389 
541: 2287 1790 609 326 168 
542: 1928 1790 1295 1119 366 
543: 2803 1791 1783 1552 920 
544: 1861 1796 1202 587 162 
545: 2499 1801 1051 164 53 
546: 2169 1803 1648 954 739 
547: 2256 1809 1211 789 173 
548: 2421 1810 924 910 909 
549: 1942 1811 1667 121 72 
550: 1940 1814 1219 392 224 
551: 2774 1818 1572 820 150 
552: 2951 1820 1140 473 442 
553: 2741 1821 1126 441 94 
554: 1824 1823 1350 970 171 
555: 2002 1830 190 122 45 
556: 1930 1830 1367 313 284 
557: 2162 1832 1351 437 199 
558: 2837 1834 1600 1443 1206 
559: 1885 1835 401 369 119 
560: 2143 1838 1837 1725 346 
561: 2798 1846 1710 1531 821 
562: 2071 1847 1137 853 84 
563: 2364 1851 1850 476 15 
564: 2089 1852 1396 1128 814 
565: 2080 1854 1200 535 272 
566: 2523 1855 1177 207 11 
567: 1859 1858 1609 285 146 
568: 2014 1860 1456 341 312 
569: 1870 1862 805 467 290 
570: 1899 1867 1090 1089 162 
571: 2714 1876 1444 762 161 
572: 2634 1879 1673 746 712 
573: 1885 1884 1691 876 421 
574: 2389 1891 1013 292 106 
575: 2971 1895 1894 993 158 
576: 1912 1900 1848 1041 824 
577: 2767 1908 1780 1102 487 
578: 1909 1908 1003 824 488 
579: 2230 1913 1412 1172 435 
580: 2427 1917 714 475 162 
581: 2343 1919 787 503 62 
582: 2702 1920 1764 429 225 
583: 2906 1924 872 731 623 
584: 2427 1925 1426 933 663 
585: 2598 1926 774 766 740 
586: 2234 1927 319 112 61 
587: 2063 1929 544 414 200 
588: 2834 1934 818 303 302 
589: 2717 1936 1605 1112 209 
590: 2658 1937 1314 799 364 
591: 1939 1938 1362 286 26 
592: 1982 1945 1357 676 100 
593: 2194 1946 1515 376 254 
594: 2996 1946 1792 755 420 
595: 2237 1958 1276 828 117 
596: 2164 1960 1009 896 491 
597: 2373 1962 737 296 205 
598: 2022 1969 1095 801 302 
599: 2622 1970 1669 1090 702 
600: 2270 1971 1622 127 93 
601: 2241 1974 1204 534 2 
602: 2443 1977 1435 677 301 
603: 2577 1978 1186 965 903 
604: 2105 1979 1140 759 9 
605: 2602 1980 1979 1617 958 
606: 2913 1981 822 372 195 
607: 2934 1981 1630 1211 981 
608: 2784 1987 1986 1081 287 
609: 2989 1991 1006 541 96 
610: 2169 1997 1996 1396 143 
611: 2005 2004 1679 1455 478 
612: 2788 2005 906 817 28 
613: 2824 2011 536 482 313 
614: 2014 2013 671 430 395 
615: 2538 2021 167 146 11 
616: 2170 2023 1666 955 929 
617: 2137 2024 520 106 90 
618: 2030 2029 1711 953 450 
619: 2384 2036 1907 1196 289 
620: 2794 2037 1431 919 788 
621: 2692 2049 1580 1241 55 
622: 2966 2050 1840 687 445 
623: 2091 2050 922 583 139 
624: 2318 2051 1859 1281 871 
625: 2900 2053 2001 1328 417 
626: 2292 2056 1214 956 719 
627: 2063 2062 1628 532 288 
628: 2968 2064 1002 331 91 
629: 2809 2066 949 511 233 
630: 2656 2071 289 158 110 
631: 2378 2072 1502 1011 323 
632: 2776 2078 1412 1247 1091 
633: 2190 2078 1711 961 763 
634: 2081 2080 1491 1046 59 
635: 2155 2085 1153 720 250 
636: 2711 2092 1035 816 474 
637: 2558 2095 1696 301 36 
638: 2894 2098 1243 343 15 
639: 2254 2099 1567 1089 786 
640: 2105 2104 1404 859 215 
641: 2172 2104 870 149 41 
642: 2110 2109 1078 390 103 
643: 2153 2110 951 378 268 
644: 2885 2111 1789 1541 909 
645: 2641 2112 1659 937 249 
646: 2722 2113 966 937 425 
647: 2539 2124 2123 1927 887 
648: 2469 2125 246 74 16 
649: 2134 2133 1980 1897 35 
650: 2980 2138 1719 1301 1297 
651: 2822 2142 883 668 108 
652: 2144 2143 1915 1889 445 
653: 2747 2145 2134 1665 1132 
654: 2929 2146 973 212 124 
655: 2604 2151 1050 836 732 
656: 2650 2156 1390 977 961 
657: 2168 2167 1488 1352 180 
658: 2279 2169 1077 955 894 
659: 2691 2173 1596 358 29 
660: 2778 2173 1114 1059 303 
661: 2978 2182 1084 229 60 
662: 2674 2183 1168 734 188 
663: 2997 2190 584 406 317 
664: 2214 2195 1503 411 400 
665: 2984 2195 491 110 64 
666: 2747 2202 2201 994 873 
667: 2501 2204 863 422 390 
668: 2737 2205 651 290 29 
669: 2346 2206 974 935 446 
670: 2642 2207 2206 2015 782 
671: 2942 2213 1657 614 247 
672: 2474 2223 1584 1436 398 
673: 2295 2224 1930 371 40 
674: 2272 2225 2087 1097 516 
675: 2352 2226 1141 70 12 
676: 2527 2229 592 331 131 
677: 2904 2233 2232 910 602 
678: 2324 2238 400 344 82 
679: 2644 2240 938 330 67 
680: 2708 2240 1446 717 339 
681: 2819 2247 1149 275 204 
682: 2667 2248 1200 751 157 
683: 2252 2251 1932 1007 245 
684: 2276 2257 2192 1058 306 
685: 2758 2266 882 322 291 
686: 2740 2269 1706 1126 422 
687: 2275 2274 1713 622 115 
688: 2911 2293 1473 820 4 
689: 2297 2296 307 292 55 
690: 2498 2299 1049 316 189 
691: 2988 2306 1220 322 23 
692: 2472 2310 1683 1075 345 
693: 2316 2315 1374 357 25 
694: 2948 2321 1942 1420 97 
695: 2376 2322 2244 994 30 
696: 2852 2324 2323 1399 6 
697: 2516 2330 945 513 344 
698: 2338 2336 1793 1427 1084 
699: 2760 2341 2097 1700 1149 
700: 2957 2346 2345 203 173 
701: 2849 2347 1333 1134 1006 
702: 2794 2347 1397 1229 599 
703: 2559 2353 1981 1215 480 
704: 2766 2355 2354 753 473 
705: 2694 2359 2233 1291 56 
706: 2411 2367 1247 800 385 
707: 2675 2372 1521 1232 177 
708: 2725 2377 1011 967 536 
709: 2687 2387 2332 254 242 
710: 2985 2393 1014 931 149 
711: 2406 2405 2188 2158 94 
712: 2412 2411 1939 572 356 
713: 2879 2413 1533 1179 827 
714: 2417 2416 1655 819 580 
715: 2537 2428 1241 1074 941 
716: 2429 2428 2337 1739 1195 
717: 2667 2430 981 848 680 
718: 2850 2433 1748 1209 1008 
719: 2909 2436 2171 626 3 
720: 2798 2437 1155 635 121 
721: 2987 2447 1887 1031 530 
722: 2471 2470 1735 1289 1088 
723: 2733 2490 2244 1107 172 
724: 2855 2491 2490 2426 1798 
725: 2896 2491 1595 1055 1008 
726: 2764 2494 1849 1763 517 
727: 2513 2495 1040 871 43 
728: 2511 2510 2267 2027 360 
729: 2542 2531 1804 1252 332 
730: 2863 2543 1989 1532 410 
731: 2546 2545 932 583 130 
732: 2603 2552 1178 778 655 
733: 2917 2566 1832 810 528 
734: 2713 2570 1458 884 662 
735: 2696 2572 2508 405 353 
736: 2589 2579 1795 1085 535 
737: 2705 2583 1963 597 32 
738: 2584 2583 1284 864 784 
739: 2591 2590 1638 867 546 
740: 2743 2599 2222 1743 585 
741: 2933 2606 2167 2166 313 
742: 2624 2623 2388 1742 8 
743: 2999 2627 2367 242 163 
744: 2872 2629 1397 1178 393 
745: 2690 2632 1281 1251 359 
746: 2781 2633 935 768 572 
747: 2636 2635 2454 2166 293 
748: 2655 2654 2372 2160 68 
749: 2659 2658 991 113 62 
750: 2771 2665 923 454 370 
751: 2905 2666 2435 1363 682 
752: 2679 2678 1430 1133 294 
753: 2699 2698 1025 851 704 
754: 2826 2711 882 395 295 
755: 2720 2719 1689 831 594 
756: 2730 2729 2447 1565 1560 
757: 2950 2746 2745 2268 107 
758: 2867 2751 1842 1210 131 
759: 2759 2758 1272 1234 604 
760: 2986 2760 1791 1681 1168 
761: 2762 2761 1865 1398 95 
762: 2916 2789 2505 2504 571 
763: 2969 2806 1218 633 317 
764: 2952 2807 1409 837 307 
765: 2972 2818 2817 2741 430 
766: 2822 2821 585 296 90 
767: 2965 2826 1373 1212 297 
768: 2833 2832 2278 746 389 
769: 2848 2847 2315 1007 418 
770: 2855 2851 1290 1174 319 
771: 2866 2865 2738 1113 141 
772: 2998 2873 1185 311 153 
773: 2875 2874 2605 950 787 
774: 2881 2880 2243 585 349 
775: 2882 2881 1972 1585 395 
776: 2887 2886 2634 1571 1498 
777: 2893 2892 2228 1187 905 
778: 2952 2951 732 266 172 
779: 2958 2957 1173 408 253 
780: 2979 2959 2284 1258 920 
781: 2963 2962 1903 1701 1131 
782: 2972 2971 1967 1132 670 
783: 2973 2972 2727 2283 539 
784: 2984 2983 2418 1621 738 
785: 2994 2993 2274 1645 1474 
786: 886 639 503 114 
787: 788 773 581 75 
788: 787 620 298 196 
789: 815 790 547 63 
790: 1781 789 377 251 
791: 792 514 165 102 
792: 2356 791 173 69 
793: 2000 147 90 7 
794: 2880 469 299 14 
795: 1812 159 108 65 
796: 2551 335 300 65 
797: 1283 492 166 114 
798: 2808 799 301 132 
799: 800 798 590 195 
800: 1343 799 706 302 
801: 1013 598 145 86 
802: 2396 347 150 6 
803: 2866 518 303 96 
804: 2048 805 518 161 
805: 2763 804 569 220 
806: 1826 358 304 108 
807: 1029 468 259 23 
808: 2690 809 305 97 
809: 1351 810 808 343 
810: 1833 809 733 342 
811: 1413 513 156 68 
812: 1068 813 368 35 
813: 2390 814 812 248 
814: 1139 813 564 171 
815: 1838 816 789 153 
816: 2304 815 636 357 
817: 1044 612 486 365 
818: 1844 588 270 182 
819: 2578 714 182 126 
820: 1395 688 551 138 
821: 822 561 332 306 
822: 2212 821 606 361 
823: 1135 432 351 40 
824: 1969 578 576 174 
825: 914 519 307 178 
826: 2144 449 116 63 
827: 1857 713 415 137 
828: 595 475 312 184 
829: 1207 364 164 155 
830: 1871 495 415 178 
831: 2624 755 285 180 
832: 836 370 307 214 
833: 1849 835 196 139 
834: 1874 835 435 98 
835: 2567 836 834 833 
836: 2327 835 832 655 
837: 2290 838 764 436 
838: 2297 837 308 198 
839: 1938 840 309 104 
840: 1051 839 153 68 
841: 928 842 311 310 
842: 1167 841 440 150 
843: 899 440 313 312 
844: 1836 380 362 314 
845: 490 380 373 368 
846: 1063 847 507 153 
847: 865 846 354 157 
848: 1882 717 315 99 
849: 1423 391 27 4 
850: 1937 851 158 29 
851: 852 850 753 181 
852: 2730 851 379 337 
853: 1717 562 240 188 
854: 855 426 383 100 
855: 858 856 854 394 
856: 1900 855 184 37 
857: 2830 402 316 99 
858: 877 859 855 34 
859: 1222 858 640 104 
860: 863 465 376 345 
861: 1096 862 534 327 
862: 2434 863 861 268 
863: 1048 862 860 667 
864: 1190 865 738 430 
865: 1218 866 864 847 
866: 1076 865 266 113 
867: 739 333 317 127 
868: 2497 333 225 129 
869: 1921 409 234 133 
870: 1053 641 133 48 
871: 727 624 318 185 
872: 1881 583 100 69 
873: 1463 874 666 65 
874: 1199 875 873 70 
875: 2252 874 360 319 
876: 1913 877 573 345 
877: 1210 878 876 858 
878: 1903 879 877 149 
879: 1931 878 212 186 
880: 2874 881 399 320 
881: 1074 880 220 114 
882: 883 754 685 505 
883: 1623 882 651 321 
884: 2939 885 734 322 
885: 1148 886 884 71 
886: 1945 885 786 426 
887: 927 647 459 197 
888: 1708 889 488 197 
889: 1688 890 888 116 
890: 1158 889 309 150 
891: 1955 529 289 261 
892: 1844 893 416 105 
893: 894 892 323 101 
894: 895 893 658 102 
895: 1960 896 894 324 
896: 2751 895 596 216 
897: 898 528 126 53 
898: 1801 897 325 166 
899: 1064 843 325 141 
900: 2141 437 326 26 
901: 2136 902 510 349 
902: 1477 903 901 382 
903: 1661 904 902 603 
904: 2907 905 903 354 
905: 1979 904 777 372 
906: 2854 612 538 145 
907: 2006 538 158 45 
908: 1030 909 349 347 
909: 2177 908 644 548 
910: 1353 677 548 327 
911: 1695 912 328 20 
912: 2130 911 263 167 
913: 1751 915 374 102 
914: 2645 915 825 58 
915: 1376 917 914 913 
916: 2799 917 452 232 
917: 1527 916 915 329 
918: 1714 200 109 39 
919: 2038 620 330 6 
920: 1162 780 543 494 
921: 1175 487 432 52 
922: 2062 623 205 27 
923: 924 750 455 115 
924: 2053 923 548 331 
925: 2068 381 373 89 
926: 2069 381 334 134 
927: 2082 887 488 379 
928: 2084 841 473 115 
929: 1382 616 431 148 
930: 2073 931 148 130 
931: 2091 930 710 103 
932: 1571 933 731 44 
933: 2093 932 584 187 
934: 2098 463 332 56 
935: 2102 746 669 104 
936: 2111 500 369 368 
937: 646 645 120 61 
938: 2116 939 679 333 
939: 2117 938 312 185 
940: 2121 471 334 20 
941: 2775 715 335 177 
942: 982 354 336 177 
943: 2001 944 460 96 
944: 1329 945 943 123 
945: 1382 944 697 495 
946: 947 144 106 69 
947: 2138 946 361 337 
948: 2142 471 470 15 
949: 2348 950 629 377 
950: 1260 949 773 105 
951: 2154 643 203 76 
952: 448 338 237 17 
953: 1918 954 618 339 
954: 2204 953 546 128 
955: 1555 658 616 106 
956: 1086 626 186 149 
957: 958 107 30 6 
958: 957 605 496 408 
959: 1056 960 494 152 
960: 2181 959 405 340 
961: 2189 656 633 73 
962: 1337 963 437 134 
963: 1348 964 962 367 
964: 965 963 401 81 
965: 1184 964 603 509 
966: 2204 646 505 10 
967: 2365 968 708 431 
968: 2903 967 420 341 
969: 970 100 77 71 
970: 2219 969 554 8 
971: 2124 382 371 366 
972: 1954 495 471 342 
973: 975 654 412 342 
974: 2101 975 669 171 
975: 2294 974 973 117 
976: 1399 524 506 148 
977: 2178 978 656 18 
978: 1472 979 977 244 
979: 1848 980 978 393 
980: 2239 979 344 343 
981: 983 717 607 81 
982: 1760 983 942 522 
983: 1293 982 981 282 
984: 424 189 108 18 
985: 2493 418 345 306 
986: 2294 987 346 18 
987: 1358 986 255 194 
988: 1296 989 527 191 
989: 2300 990 988 497 
990: 2301 989 503 485 
991: 2319 749 120 99 
992: 1848 993 231 151 
993: 2320 992 575 120 
994: 2088 695 666 227 
995: 996 230 144 134 
996: 1386 995 347 261 
997: 2331 998 496 191 
998: 1000 997 236 109 
999: 1111 1000 500 291 
1000: 1478 999 998 434 
1001: 2337 386 348 241 
1002: 2338 628 348 78 
1003: 2340 1004 578 349 
1004: 1072 1003 362 8 
1005: 2026 1006 224 18 
1006: 2346 1005 701 609 
1007: 1008 769 683 350 
1008: 2356 1007 725 718 
1009: 1010 596 419 404 
1010: 1254 1009 33 0 
1011: 1486 708 631 238 
1012: 2388 1013 533 351 
1013: 2075 1012 801 574 
1014: 1135 710 480 230 
1015: 1310 352 159 118 
1016: 1017 466 353 110 
1017: 2424 1016 477 383 
1018: 2209 1019 354 31 
1019: 2589 1020 1018 434 
1020: 2395 1021 1019 164 
1021: 2760 1022 1020 239 
1022: 2404 1021 451 111 
1023: 2470 1024 423 355 
1024: 1239 1025 1023 39 
1025: 2411 1024 753 61 
1026: 1508 1027 198 147 
1027: 1278 1028 1026 40 
1028: 1030 1027 461 448 
1029: 2897 1030 807 356 
1030: 1461 1029 1028 908 
1031: 2058 1032 721 263 
1032: 1931 1033 1031 401 
1033: 1646 1034 1032 60 
1034: 1846 1035 1033 35 
1035: 1673 1034 636 357 
1036: 2926 1037 447 398 
1037: 2735 1036 358 175 
1038: 2460 1039 489 112 
1039: 2461 1038 128 119 
1040: 1371 1041 727 444 
1041: 2488 1040 576 248 
1042: 1501 1043 484 359 
1043: 1652 1042 360 154 
1044: 1336 1046 817 305 
1045: 1841 1047 486 361 
1046: 2360 1047 1044 634 
1047: 2344 1048 1046 1045 
1048: 1912 1049 1047 863 
1049: 1726 1048 690 113 
1050: 1874 1051 655 329 
1051: 2498 1050 840 545 
1052: 2517 362 315 244 
1053: 2524 1054 870 363 
1054: 1075 1053 443 431 
1055: 1056 725 364 126 
1056: 1599 1055 959 10 
1057: 1129 1058 409 365 
1058: 2532 1057 684 366 
1059: 660 367 251 160 
1060: 2536 1062 407 368 
1061: 1079 1062 439 369 
1062: 1063 1061 1060 16 
1063: 1065 1062 846 499 
1064: 2846 1065 899 385 
1065: 1724 1064 1063 527 
1066: 2302 1067 412 233 
1067: 1309 1068 1066 500 
1068: 2555 1067 812 520 
1069: 1676 396 219 154 
1070: 1599 1072 83 28 
1071: 2563 1072 439 135 
1072: 2564 1071 1070 1004 
1073: 1529 427 256 2 
1074: 1170 1076 881 715 
1075: 2570 1076 1054 692 
1076: 1077 1075 1074 866 
1077: 1223 1076 658 370 
1078: 2576 1079 642 371 
1079: 1364 1080 1078 1061 
1080: 2887 1081 1079 380 
1081: 1839 1082 1080 608 
1082: 2031 1081 257 52 
1083: 1084 456 427 392 
1084: 2017 1083 698 661 
1085: 1088 736 228 33 
1086: 1087 956 372 144 
1087: 1120 1086 216 90 
1088: 1719 1089 1085 722 
1089: 2621 1088 639 570 
1090: 1233 599 570 467 
1091: 1487 632 373 261 
1092: 2043 1093 374 146 
1093: 1226 1094 1092 375 
1094: 2462 1093 250 43 
1095: 2334 1097 598 21 
1096: 1588 1098 861 376 
1097: 1970 1098 1095 674 
1098: 1402 1097 1096 377 
1099: 1460 1101 379 378 
1100: 2660 1101 164 136 
1101: 2661 1100 1099 380 
1102: 2782 1103 577 165 
1103: 1133 1104 1102 51 
1104: 1306 1105 1103 381 
1105: 2670 1104 269 159 
1106: 2697 1108 443 213 
1107: 2243 1109 723 117 
1108: 2746 1109 1106 29 
1109: 2698 1108 1107 382 
1110: 1444 1111 383 114 
1111: 2035 1112 1110 999 
1112: 1137 1113 1111 589 
1113: 2482 1114 1112 771 
1114: 1316 1115 1113 660 
1115: 1418 1114 203 193 
1116: 1372 1117 474 127 
1117: 1368 1118 1116 384 
1118: 1187 1117 472 270 
1119: 2712 542 472 65 
1120: 1495 1121 1087 8 
1121: 2600 1122 1120 58 
1122: 2103 1121 385 41 
1123: 1125 521 464 386 
1124: 2389 1125 333 33 
1125: 2308 1124 1123 30 
1126: 1127 686 553 257 
1127: 1462 1126 265 108 
1128: 564 499 388 387 
1129: 2743 1057 42 5 
1130: 1944 426 389 115 
1131: 781 458 417 115 
1132: 782 653 451 417 
1133: 1757 1134 1103 752 
1134: 1443 1133 701 31 
1135: 2392 1136 1014 823 
1136: 2755 1135 390 197 
1137: 2483 1138 1112 562 
1138: 1139 1137 390 53 
1139: 1140 1138 814 87 
1140: 2756 1139 604 552 
1141: 1398 1142 675 34 
1142: 2574 1144 1141 307 
1143: 1576 1145 391 220 
1144: 1777 1145 1142 484 
1145: 2351 1146 1144 1143 
1146: 1664 1147 1145 540 
1147: 1148 1146 504 278 
1148: 2140 1147 885 257 
1149: 2522 1151 699 681 
1150: 2788 1151 532 345 
1151: 2789 1150 1149 116 
1152: 2797 1153 452 392 
1153: 2028 1152 635 336 
1154: 1961 1155 393 78 
1155: 2804 1156 1154 720 
1156: 2805 1155 394 117 
1157: 1447 191 129 55 
1158: 2681 1159 890 118 
1159: 2825 1158 452 395 
1160: 1748 1161 194 179 
1161: 1782 1162 1160 396 
1162: 2843 1163 1161 920 
1163: 1164 1162 407 210 
1164: 2466 1163 489 455 
1165: 1644 456 455 183 
1166: 2850 504 341 148 
1167: 1934 1170 842 397 
1168: 1417 1171 760 662 
1169: 1996 1171 323 104 
1170: 1363 1172 1167 1074 
1171: 2291 1173 1169 1168 
1172: 2229 1174 1170 579 
1173: 2290 1174 1171 779 
1174: 1623 1173 1172 770 
1175: 2870 921 398 198 
1176: 1419 1177 485 56 
1177: 1959 1178 1176 566 
1178: 2871 1177 744 732 
1179: 2880 713 414 191 
1180: 1323 400 399 124 
1181: 2202 1183 401 4 
1182: 2651 1183 516 87 
1183: 2886 1182 1181 402 
1184: 1185 965 498 233 
1185: 2893 1184 772 113 
1186: 1187 603 179 160 
1187: 2907 1186 1118 777 
1188: 403 223 160 4 
1189: 1877 535 318 223 
1190: 2922 864 403 192 
1191: 1332 1193 404 353 
1192: 2469 1193 142 136 
1193: 2482 1194 1192 1191 
1194: 2923 1195 1193 166 
1195: 1282 1194 716 405 
1196: 2993 1197 619 17 
1197: 2035 1198 1196 460 
1198: 1199 1197 139 35 
1199: 1370 1200 1198 874 
1200: 1201 1199 682 565 
1201: 2925 1200 202 118 
1202: 2928 1203 544 406 
1203: 1204 1202 479 0 
1204: 2621 1205 1203 601 
1205: 2681 1207 1204 407 
1206: 2836 1208 558 408 
1207: 2755 1208 1205 829 
1208: 2678 1209 1207 1206 
1209: 1287 1208 718 21 
1210: 2752 1211 877 758 
1211: 2935 1210 607 547 
1212: 1986 1213 767 239 
1213: 2631 1214 1212 119 
1214: 2966 1213 626 409 
1215: 1723 1216 703 185 
1216: 1528 1217 1215 538 
1217: 2968 1216 124 58 
1218: 1269 1219 865 763 
1219: 1857 1218 550 410 
1220: 1393 691 259 125 
1221: 2242 1225 434 120 
1222: 2090 1226 859 411 
1223: 1307 1227 1077 121 
1224: 2684 1231 424 93 
1225: 2081 1231 1221 91 
1226: 1717 1233 1222 1093 
1227: 2309 1235 1223 49 
1228: 2337 1236 186 38 
1229: 2355 1236 702 412 
1230: 1257 1237 413 6 
1231: 2006 1240 1225 1224 
1232: 2371 1242 707 89 
1233: 2624 1243 1226 1090 
1234: 2502 1244 759 441 
1235: 1872 1245 1227 414 
1236: 2336 1249 1229 1228 
1237: 1858 1249 1230 415 
1238: 1857 1250 132 5 
1239: 1878 1253 1024 362 
1240: 1734 1255 1231 416 
1241: 1361 1258 715 621 
1242: 1389 1261 1232 438 
1243: 1586 1262 1233 638 
1244: 2202 1264 1234 206 
1245: 2673 1266 1235 210 
1246: 1438 1267 417 279 
1247: 1999 1268 706 632 
1248: 1404 1270 222 32 
1249: 1767 1270 1237 1236 
1250: 2327 1271 1238 137 
1251: 2928 1272 745 519 
1252: 1614 1273 729 84 
1253: 2898 1275 1239 428 
1254: 2398 1276 1010 418 
1255: 1476 1277 1240 133 
1256: 1556 1280 419 77 
1257: 2744 1282 1230 122 
1258: 2285 1285 1241 780 
1259: 1483 1290 420 13 
1260: 2147 1294 950 513 
1261: 1875 1298 1242 219 
1262: 1884 1299 1243 421 
1263: 2137 1300 363 123 
1264: 1640 1302 1244 489 
1265: 1993 1302 1280 124 
1266: 2672 1304 1245 284 
1267: 2481 1307 1246 526 
1268: 2249 1309 1247 44 
1269: 1429 1313 1218 422 
1270: 2366 1316 1249 1248 
1271: 2304 1318 1250 423 
1272: 1591 1318 1251 759 
1273: 1560 1320 1252 424 
1274: 2578 1320 255 13 
1275: 2305 1326 1253 49 
1276: 2358 1327 1254 595 
1277: 1959 1328 1255 217 
1278: 2988 1332 1027 111 
1279: 2727 1334 297 131 
1280: 2829 1335 1265 1256 
1281: 2872 1338 745 624 
1282: 2924 1338 1257 1195 
1283: 2298 1339 797 456 
1284: 1639 1341 1340 738 
1285: 2163 1342 1258 428 
1286: 2617 1345 426 425 
1287: 1710 1352 1209 427 
1288: 2772 1353 1346 265 
1289: 2812 1359 722 428 
1290: 2329 1360 1259 770 
1291: 2316 1365 705 24 
1292: 1530 1366 157 73 
1293: 2639 1369 983 405 
1294: 2716 1377 1260 125 
1295: 1411 1379 542 194 
1296: 2617 1379 988 429 
1297: 2979 1383 650 430 
1298: 1422 1384 1261 216 
1299: 2444 1386 1384 1262 
1300: 2505 1387 1263 431 
1301: 2307 1388 650 42 
1302: 2571 1389 1265 1264 
1303: 1518 1391 464 58 
1304: 1458 1392 1266 432 
1305: 2245 1395 433 126 
1306: 2669 1403 1378 1104 
1307: 2571 1407 1267 1223 
1308: 2518 1409 468 434 
1309: 2279 1410 1268 1067 
1310: 2395 1410 1015 127 
1311: 1825 1415 435 128 
1312: 1663 1416 1350 50 
1313: 2773 1417 1376 1269 
1314: 2745 1418 590 539 
1315: 1531 1419 141 127 
1316: 2537 1420 1270 1114 
1317: 2225 1421 436 5 
1318: 2757 1423 1272 1271 
1319: 1812 1424 469 466 
1320: 2647 1425 1274 1273 
1321: 2139 1426 1383 335 
1322: 1616 1428 480 184 
1323: 1845 1428 1180 169 
1324: 2179 1431 523 437 
1325: 2580 1432 438 295 
1326: 2646 1434 1275 439 
1327: 1536 1445 1276 472 
1328: 2000 1447 1277 625 
1329: 2002 1448 944 440 
1330: 2770 1450 129 112 
1331: 1831 1451 441 130 
1332: 1921 1453 1278 1191 
1333: 2074 1454 701 501 
1334: 2102 1457 1279 463 
1335: 2534 1461 1280 477 
1336: 1517 1466 1044 6 
1337: 1972 1466 962 168 
1338: 2317 1470 1282 1281 
1339: 2013 1472 1283 442 
1340: 2325 1474 1284 9 
1341: 2865 1475 1284 14 
1342: 2162 1475 1285 218 
1343: 1613 1476 800 443 
1344: 1862 1480 1345 143 
1345: 1733 1482 1344 1286 
1346: 2773 1483 1479 1288 
1347: 2780 1484 243 235 
1348: 1925 1492 963 262 
1349: 2068 1493 1385 33 
1350: 2780 1497 1312 554 
1351: 1585 1505 809 557 
1352: 2289 1505 1287 657 
1353: 1542 1508 1288 910 
1354: 2654 1509 444 163 
1355: 1928 1510 445 131 
1356: 1609 1513 1452 204 
1357: 2961 1514 592 81 
1358: 2295 1514 987 447 
1359: 2603 1517 1289 446 
1360: 1863 1518 1504 1290 
1361: 2454 1519 1241 447 
1362: 2827 1521 591 7 
1363: 2901 1523 1170 751 
1364: 1969 1525 1079 448 
1365: 2695 1525 1291 449 
1366: 2519 1527 1292 434 
1367: 1929 1528 1526 556 
1368: 1983 1529 1117 49 
1369: 2127 1532 1437 1293 
1370: 1622 1534 1199 38 
1371: 2354 1538 1040 481 
1372: 2161 1540 1406 1116 
1373: 1950 1543 767 522 
1374: 2705 1544 693 203 
1375: 1815 1548 264 145 
1376: 2182 1550 1313 915 
1377: 2715 1554 1294 132 
1378: 2034 1558 1550 1306 
1379: 2616 1564 1296 1295 
1380: 1992 1567 404 168 
1381: 2270 1568 512 205 
1382: 2386 1570 945 929 
1383: 2929 1573 1321 1297 
1384: 1675 1575 1299 1298 
1385: 1887 1577 1349 98 
1386: 2443 1582 1299 996 
1387: 2701 1582 1300 207 
1388: 2944 1589 1301 133 
1389: 2777 1590 1302 1242 
1390: 2478 1592 656 524 
1391: 2086 1594 1465 1303 
1392: 2045 1597 1496 1304 
1393: 2678 1598 1220 539 
1394: 2353 1608 451 450 
1395: 1691 1612 1305 820 
1396: 2394 1616 610 564 
1397: 2795 1617 744 702 
1398: 2275 1624 1141 761 
1399: 2928 1630 976 696 
1400: 2940 1631 446 393 
1401: 2410 1632 527 142 
1402: 2699 1635 1625 1098 
1403: 2898 1641 1306 452 
1404: 2431 1642 1248 640 
1405: 2756 1643 1450 34 
1406: 2702 1645 1372 453 
1407: 2367 1647 1307 36 
1408: 2370 1649 454 154 
1409: 2768 1652 1308 764 
1410: 2379 1654 1310 1309 
1411: 2888 1667 1295 134 
1412: 2077 1670 632 579 
1413: 2718 1670 811 46 
1414: 2440 1671 455 135 
1415: 1750 1674 1311 456 
1416: 2986 1678 1312 272 
1417: 2914 1679 1313 1168 
1418: 1702 1682 1314 1115 
1419: 2618 1685 1315 1176 
1420: 1941 1686 1316 694 
1421: 1732 1690 1612 1317 
1422: 1869 1690 1298 457 
1423: 2472 1694 1318 849 
1424: 2462 1699 1319 458 
1425: 2579 1701 1320 185 
1426: 2140 1702 1321 584 
1427: 2582 1705 698 174 
1428: 2884 1705 1323 1322 
1429: 2107 1708 1269 70 
1430: 1896 1709 1707 752 
1431: 2573 1715 1324 620 
1432: 1968 1716 1325 42 
1433: 2599 1725 1624 1 
1434: 2544 1727 1326 5 
1435: 2802 1727 1539 602 
1436: 2871 1731 672 136 
1437: 2664 1735 1369 460 
1438: 2907 1736 1246 117 
1439: 2116 1737 330 176 
1440: 2198 1746 1604 84 
1441: 1933 1749 460 459 
1442: 2734 1752 483 54 
1443: 2748 1755 1134 558 
1444: 1924 1758 1110 571 
1445: 2003 1767 1327 137 
1446: 1825 1768 680 1 
1447: 1781 1768 1328 1157 
1448: 2995 1769 1495 1329 
1449: 2419 1772 461 50 
1450: 2352 1773 1405 1330 
1451: 2960 1777 1676 1331 
1452: 2715 1779 1356 470 
1453: 1812 1785 1332 62 
1454: 2107 1788 1588 1333 
1455: 2293 1794 611 462 
1456: 2919 1794 568 204 
1457: 2726 1795 1460 1334 
1458: 2569 1802 1304 734 
1459: 2097 1807 464 463 
1460: 2759 1809 1457 1099 
1461: 2535 1811 1335 1030 
1462: 2587 1813 1127 465 
1463: 1926 1818 873 466 
1464: 2115 1822 508 467 
1465: 1827 1826 1391 261 
1466: 2345 1826 1337 1336 
1467: 1964 1827 468 244 
1468: 1940 1829 540 64 
1469: 2159 1831 1830 469 
1470: 2575 1834 1338 24 
1471: 2241 1835 465 249 
1472: 2299 1840 1339 978 
1473: 2505 1845 688 109 
1474: 2943 1853 1340 785 
1475: 2232 1854 1342 1341 
1476: 2525 1854 1343 1255 
1477: 2672 1856 1751 902 
1478: 2332 1856 1000 470 
1479: 2037 1860 1346 76 
1480: 2395 1860 1344 466 
1481: 2261 1862 1861 138 
1482: 2440 1863 1345 37 
1483: 1865 1864 1346 1259 
1484: 2197 1866 1865 1347 
1485: 2236 1874 1685 471 
1486: 1877 1876 1011 67 
1487: 2622 1876 1091 181 
1488: 1879 1878 657 492 
1489: 2483 1879 472 202 
1490: 2060 1880 354 12 
1491: 2083 1880 634 473 
1492: 2554 1882 1348 520 
1493: 2350 1888 1349 474 
1494: 2147 1888 221 57 
1495: 2994 1888 1448 1120 
1496: 1890 1889 1392 475 
1497: 2987 1890 1350 80 
1498: 1893 1892 776 447 
1499: 2772 1896 511 240 
1500: 2924 1898 476 139 
1501: 2488 1899 1042 477 
1502: 2663 1901 631 478 
1503: 2850 1904 664 140 
1504: 1906 1905 1360 509 
1505: 2290 1906 1352 1351 
1506: 2609 1912 1714 479 
1507: 2450 1917 480 141 
1508: 2519 1920 1353 1026 
1509: 2833 1924 1354 493 
1510: 2146 1927 1355 82 
1511: 1933 1932 1642 208 
1512: 2067 1941 481 457 
1513: 1943 1942 1551 1356 
1514: 2047 1946 1358 1357 
1515: 2009 1947 593 384 
1516: 2153 1949 468 397 
1517: 1951 1950 1359 1336 
1518: 1952 1951 1360 1303 
1519: 2341 1953 1361 482 
1520: 2484 1954 1953 142 
1521: 2828 1961 1362 707 
1522: 1966 1965 1843 22 
1523: 2902 1966 1363 256 
1524: 2224 1967 85 54 
1525: 2127 1968 1365 1364 
1526: 1975 1974 1367 483 
1527: 2022 1975 1366 917 
1528: 2242 1980 1367 1216 
1529: 2342 1984 1368 1073 
1530: 1988 1987 1292 143 
1531: 1989 1988 1315 561 
1532: 2669 1990 1369 730 
1533: 2219 1991 713 219 
1534: 2328 1993 1370 71 
1535: 2015 1998 484 217 
1536: 2817 2002 1327 11 
1537: 2004 2003 1990 35 
1538: 2353 2003 1371 31 
1539: 2019 2005 1435 36 
1540: 2703 2007 1372 22 
1541: 2814 2008 644 269 
1542: 2953 2009 1353 365 
1543: 2604 2012 1373 167 
1544: 2114 2015 2014 1374 
1545: 2963 2016 392 144 
1546: 2275 2018 485 39 
1547: 2838 2026 145 39 
1548: 2031 2030 1651 1375 
1549: 2033 2032 1596 1576 
1550: 2946 2033 1378 1376 
1551: 2039 2038 1908 1513 
1552: 2802 2040 543 146 
1553: 2163 2043 486 204 
1554: 2520 2044 1377 487 
1555: 2488 2046 1583 955 
1556: 2816 2049 2048 1256 
1557: 2052 2051 501 147 
1558: 2207 2052 1378 78 
1559: 2619 2056 2055 13 
1560: 2070 2061 1273 756 
1561: 2475 2066 328 231 
1562: 2122 2067 1578 156 
1563: 2463 2070 2069 39 
1564: 2073 2072 1732 1379 
1565: 2074 2073 756 250 
1566: 2765 2083 1607 488 
1567: 2255 2083 1380 639 
1568: 2120 2086 1381 156 
1569: 2959 2087 489 304 
1570: 2839 2090 1802 1382 
1571: 2284 2092 932 776 
1572: 2097 2096 551 490 
1573: 2930 2096 1383 148 
1574: 2194 2109 491 206 
1575: 2501 2112 1384 149 
1576: 2115 2114 1549 1143 
1577: 2832 2120 2119 1385 
1578: 2718 2123 1562 290 
1579: 2125 2124 386 12 
1580: 2487 2126 621 8 
1581: 2541 2128 493 492 
1582: 2506 2129 1387 1386 
1583: 2487 2131 1555 150 
1584: 2136 2135 672 383 
1585: 2142 2141 1351 775 
1586: 2479 2143 1243 0 
1587: 2328 2149 2148 494 
1588: 2152 2151 1454 1096 
1589: 2306 2154 1388 436 
1590: 2159 2158 1389 495 
1591: 2530 2163 1272 496 
1592: 2165 2164 1390 531 
1593: 2529 2166 2165 528 
1594: 2811 2168 1391 497 
1595: 2529 2170 725 37 
1596: 2456 2172 1549 659 
1597: 2404 2175 2174 1392 
1598: 2677 2176 1393 499 
1599: 2726 2180 1070 1056 
1600: 2626 2185 2184 558 
1601: 2193 2185 1602 151 
1602: 2856 2186 1601 155 
1603: 2196 2195 360 83 
1604: 2918 2197 1440 37 
1605: 2716 2198 589 533 
1606: 2528 2199 2198 169 
1607: 2201 2200 1566 515 
1608: 2352 2201 1394 498 
1609: 2561 2220 1356 567 
1610: 2222 2221 499 4 
1611: 2615 2223 475 134 
1612: 2857 2224 1421 1395 
1613: 2228 2227 1343 500 
1614: 2236 2235 1252 152 
1615: 2251 2250 1956 228 
1616: 2742 2253 1396 1322 
1617: 2259 2258 1397 605 
1618: 2883 2258 399 165 
1619: 2486 2261 1620 38 
1620: 2623 2262 1619 39 
1621: 2263 2262 784 268 
1622: 2840 2271 1370 600 
1623: 2854 2271 1174 883 
1624: 2677 2276 1433 1398 
1625: 2641 2277 1402 501 
1626: 2283 2282 1873 502 
1627: 2286 2285 1656 40 
1628: 2846 2286 1740 627 
1629: 2604 2288 525 9 
1630: 2927 2288 1399 607 
1631: 2525 2292 1400 49 
1632: 2308 2307 1401 48 
1633: 2997 2312 1775 41 
1634: 2314 2313 201 64 
1635: 2335 2334 1402 503 
1636: 2659 2336 2335 504 
1637: 2340 2339 1808 195 
1638: 2712 2343 2342 739 
1639: 2878 2344 2343 1284 
1640: 2728 2344 1695 1264 
1641: 2899 2345 1403 505 
1642: 2633 2349 1511 1404 
1643: 2846 2351 1405 506 
1644: 2844 2354 1165 507 
1645: 2365 2364 1406 785 
1646: 2419 2366 2365 1033 
1647: 2399 2368 1407 508 
1648: 2864 2370 2369 546 
1649: 2752 2371 1408 267 
1650: 2397 2373 2372 509 
1651: 2374 2373 1548 202 
1652: 2767 2374 1409 1043 
1653: 2480 2379 2378 3 
1654: 2535 2380 1410 471 
1655: 2960 2381 714 489 
1656: 2385 2384 1627 510 
1657: 2941 2400 671 301 
1658: 2403 2402 511 153 
1659: 2408 2407 2369 645 
1660: 2409 2408 517 9 
1661: 2559 2412 903 154 
1662: 2744 2414 54 42 
1663: 2697 2418 2417 1312 
1664: 2767 2420 1146 303 
1665: 2425 2424 1785 653 
1666: 2431 2430 2332 616 
1667: 2432 2431 1411 549 
1668: 2438 2437 529 128 
1669: 2783 2439 2438 599 
1670: 2717 2439 1413 1412 
1671: 2643 2441 1414 512 
1672: 2447 2446 513 184 
1673: 2790 2448 1035 572 
1674: 2583 2453 1415 155 
1675: 2456 2455 1749 1384 
1676: 2961 2457 1451 1069 
1677: 2460 2459 2105 514 
1678: 2901 2463 1416 515 
1679: 2465 2464 1417 611 
1680: 2466 2465 1892 89 
1681: 2759 2465 760 1 
1682: 2470 2469 1418 61 
1683: 2734 2473 692 11 
1684: 2477 2474 2473 516 
1685: 2476 2475 1485 1419 
1686: 2477 2476 1905 1420 
1687: 2480 2479 2324 517 
1688: 2485 2484 889 319 
1689: 2487 2486 2385 755 
1690: 2490 2489 1422 1421 
1691: 2493 2492 1395 573 
1692: 2501 2500 519 518 
1693: 2741 2503 521 520 
1694: 2689 2510 1423 156 
1695: 2727 2511 1640 911 
1696: 2559 2512 637 157 
1697: 2516 2515 1918 39 
1698: 2520 2519 1973 522 
1699: 2521 2520 2378 1424 
1700: 2761 2521 699 523 
1701: 2541 2540 1425 781 
1702: 2706 2540 1426 1418 
1703: 2636 2543 2542 524 
1704: 2544 2543 1904 525 
1705: 2547 2546 1428 1427 
1706: 2549 2548 2429 686 
1707: 2753 2549 1430 158 
1708: 2968 2549 1429 888 
1709: 2688 2550 1430 48 
1710: 2929 2550 1287 561 
1711: 2553 2552 633 618 
1712: 2906 2558 1776 526 
1713: 2561 2560 2001 687 
1714: 2562 2561 1506 918 
1715: 2638 2572 1431 248 
1716: 2666 2579 1432 314 
1717: 2581 2580 1226 853 
1718: 2587 2586 2584 159 
1719: 2679 2590 1088 650 
1720: 2992 2595 2594 527 
1721: 2596 2595 89 43 
1722: 2597 2596 2025 419 
1723: 2923 2596 1215 403 
1724: 2922 2597 1065 528 
1725: 2995 2600 1433 560 
1726: 2615 2614 1049 56 
1727: 2803 2617 1435 1434 
1728: 2748 2621 2620 218 
1729: 2627 2626 1823 74 
1730: 2630 2629 2118 308 
1731: 2651 2650 1929 1436 
1732: 2653 2652 1564 1421 
1733: 2657 2656 2148 1345 
1734: 2660 2659 1240 163 
1735: 2853 2663 1437 722 
1736: 2669 2668 2432 1438 
1737: 2671 2670 1439 170 
1738: 2680 2679 2070 529 
1739: 2681 2680 716 160 
1740: 2847 2680 1628 5 
1741: 2683 2682 221 161 
1742: 2687 2686 742 530 
1743: 2688 2687 740 531 
1744: 2736 2691 2690 186 
1745: 2701 2700 410 73 
1746: 2713 2712 1440 532 
1747: 2714 2713 1992 51 
1748: 2851 2717 1160 718 
1749: 2861 2719 1675 1441 
1750: 2721 2720 1415 533 
1751: 2724 2723 1477 913 
1752: 2733 2732 1766 1442 
1753: 2735 2734 2375 439 
1754: 2737 2736 534 486 
1755: 2739 2738 1443 162 
1756: 2740 2739 1786 14 
1757: 2749 2747 1133 163 
1758: 2751 2750 1444 535 
1759: 2886 2758 2757 44 
1760: 2764 2763 982 60 
1761: 2776 2775 2489 536 
1762: 2779 2778 1808 213 
1763: 2780 2779 726 164 
1764: 2782 2781 2300 582 
1765: 2786 2785 2739 1807 
1766: 2794 2793 1752 249 
1767: 2999 2796 1445 1249 
1768: 2893 2810 1447 1446 
1769: 2817 2816 2676 1448 
1770: 2821 2820 1817 537 
1771: 2994 2823 2822 1 
1772: 2827 2826 2282 1449 
1773: 2845 2827 1450 73 
1774: 2832 2831 2296 12 
1775: 2998 2831 1633 538 
1776: 2834 2833 1712 181 
1777: 2838 2837 1451 1144 
1778: 2840 2839 2544 496 
1779: 2852 2851 1452 539 
1780: 2859 2858 2041 577 
1781: 2867 2866 1447 790 
1782: 2868 2867 1161 444 
1783: 2874 2873 543 217 
1784: 2883 2882 230 175 
1785: 2888 2887 1665 1453 
1786: 2891 2890 1825 1756 
1787: 2892 2891 331 72 
1788: 2896 2895 2671 1454 
1789: 2897 2896 644 540 
1790: 2900 2899 542 541 
1791: 2912 2911 760 543 
1792: 2995 2912 594 480 
1793: 2917 2916 698 222 
1794: 2945 2918 1456 1455 
1795: 2921 2920 1457 736 
1796: 2926 2925 544 211 
1797: 2927 2926 2236 511 
1798: 2931 2930 724 22 
1799: 2937 2936 2553 165 
1800: 2946 2945 2231 45 
1801: 2947 2946 898 545 
1802: 2959 2958 1570 1458 
1803: 2965 2964 2648 546 
1804: 2967 2966 2723 729 
1805: 2971 2970 2251 2 
1806: 2977 2976 211 62 
1807: 2981 2980 1765 1459 
1808: 2992 2991 1762 1637 
1809: 1460 547 17 
1810: 548 373 17 
1811: 1461 549 62 
1812: 1453 1319 795 
1813: 1462 356 14 
1814: 550 213 166 
1815: 1375 167 137 
1816: 264 168 46 
1817: 1770 169 103 
1818: 1819 1463 551 
1819: 1837 1818 170 
1820: 552 6 0 
1821: 553 425 271 
1822: 1823 1464 67 
1823: 1822 1729 554 
1824: 554 277 125 
1825: 1786 1446 1311 
1826: 1466 1465 806 
1827: 1467 1465 482 
1828: 476 229 212 
1829: 1468 176 161 
1830: 1469 556 555 
1831: 1469 1331 507 
1832: 733 557 33 
1833: 810 513 235 
1834: 1470 558 68 
1835: 1471 559 154 
1836: 1837 844 171 
1837: 1836 1819 560 
1838: 815 560 272 
1839: 1081 445 357 
1840: 1472 622 172 
1841: 1045 258 159 
1842: 758 43 29 
1843: 1844 1522 158 
1844: 1843 892 818 
1845: 1473 1323 254 
1846: 1034 561 173 
1847: 562 236 174 
1848: 992 979 576 
1849: 833 726 1 
1850: 563 175 47 
1851: 1852 563 192 
1852: 1853 1851 564 
1853: 1852 1474 87 
1854: 1476 1475 565 
1855: 1856 566 176 
1856: 1855 1478 1477 
1857: 1238 1219 827 
1858: 1237 567 177 
1859: 624 567 76 
1860: 1480 1479 568 
1861: 1481 544 133 
1862: 1481 1344 569 
1863: 1482 1360 79 
1864: 1483 420 199 
1865: 1484 1483 761 
1866: 1867 1484 3 
1867: 1866 570 66 
1868: 527 164 22 
1869: 1870 1422 87 
1870: 1869 569 178 
1871: 830 179 59 
1872: 1235 179 3 
1873: 1626 180 3 
1874: 1485 1050 834 
1875: 1261 313 16 
1876: 1487 1486 571 
1877: 1486 1189 199 
1878: 1488 1239 280 
1879: 1489 1488 572 
1880: 1881 1491 1490 
1881: 1880 872 438 
1882: 1883 1492 848 
1883: 1882 269 80 
1884: 1262 573 135 
1885: 1886 573 559 
1886: 1887 1885 294 
1887: 1886 1385 721 
1888: 1495 1494 1493 
1889: 1496 652 296 
1890: 1891 1497 1496 
1891: 1892 1890 574 
1892: 1891 1680 1498 
1893: 1894 1498 519 
1894: 1893 575 0 
1895: 575 201 181 
1896: 1499 1430 379 
1897: 1898 649 188 
1898: 1897 1500 394 
1899: 1501 570 163 
1900: 1901 856 576 
1901: 1900 1502 40 
1902: 450 182 92 
1903: 878 781 37 
1904: 1704 1503 183 
1905: 1686 1504 340 
1906: 1907 1505 1504 
1907: 1906 619 51 
1908: 1551 578 577 
1909: 1910 578 139 
1910: 1911 1909 300 
1911: 1910 479 455 
1912: 1506 1048 576 
1913: 876 579 430 
1914: 1915 266 207 
1915: 1916 1914 652 
1916: 1915 237 184 
1917: 1507 580 387 
1918: 1919 1697 953 
1919: 1918 581 382 
1920: 1508 582 412 
1921: 1332 869 201 
1922: 1923 48 3 
1923: 1922 185 5 
1924: 1509 1444 583 
1925: 1926 1348 584 
1926: 1925 1463 585 
1927: 1510 647 586 
1928: 1355 542 49 
1929: 1731 1367 587 
1930: 1931 673 556 
1931: 1930 1032 879 
1932: 1511 683 186 
1933: 1511 1441 73 
1934: 1167 588 102 
1935: 1936 302 236 
1936: 1935 589 539 
1937: 1938 850 590 
1938: 1937 839 591 
1939: 1940 712 591 
1940: 1939 1468 550 
1941: 1512 1420 64 
1942: 1513 694 549 
1943: 1944 1513 187 
1944: 1943 1130 50 
1945: 886 592 228 
1946: 1514 594 593 
1947: 1948 1515 51 
1948: 1949 1947 52 
1949: 1948 1516 188 
1950: 1517 1373 299 
1951: 1518 1517 189 
1952: 1518 443 190 
1953: 1520 1519 190 
1954: 1520 972 165 
1955: 1956 891 121 
1956: 1957 1955 1615 
1957: 1958 1956 84 
1958: 1957 595 56 
1959: 1277 1177 76 
1960: 895 596 101 
1961: 1962 1521 1154 
1962: 1961 597 7 
1963: 1964 737 86 
1964: 1965 1963 1467 
1965: 1964 1522 351 
1966: 1523 1522 54 
1967: 1524 782 53 
1968: 1525 1432 191 
1969: 1364 824 598 
1970: 1971 1097 599 
1971: 1972 1970 600 
1972: 1971 1337 775 
1973: 1698 531 192 
1974: 1526 601 192 
1975: 1976 1527 1526 
1976: 1975 429 396 
1977: 1978 602 193 
1978: 1977 603 194 
1979: 905 605 604 
1980: 1528 649 605 
1981: 703 607 606 
1982: 1983 592 195 
1983: 1982 1368 54 
1984: 1985 1529 196 
1985: 1986 1984 7 
1986: 1985 1212 608 
1987: 1530 608 66 
1988: 1531 1530 349 
1989: 1531 730 200 
1990: 1991 1537 1532 
1991: 1990 1533 609 
1992: 1747 1380 508 
1993: 1994 1534 1265 
1994: 1995 1993 10 
1995: 1996 1994 51 
1996: 1995 1169 610 
1997: 1998 610 424 
1998: 1999 1997 1535 
1999: 2000 1998 1247 
2000: 1999 1328 793 
2001: 1713 943 625 
2002: 1536 1329 555 
2003: 1538 1537 1445 
2004: 1537 611 262 
2005: 1539 612 611 
2006: 2007 1231 907 
2007: 2008 2006 1540 
2008: 2007 1541 197 
2009: 2010 1542 1515 
2010: 2009 536 155 
2011: 2012 613 34 
2012: 2013 2011 1543 
2013: 2012 1339 614 
2014: 1544 614 568 
2015: 1544 1535 670 
2016: 1545 326 198 
2017: 1084 485 72 
2018: 2019 1546 199 
2019: 2018 1539 14 
2020: 530 433 182 
2021: 615 452 55 
2022: 2023 1527 598 
2023: 2024 2022 616 
2024: 2025 2023 617 
2025: 2024 1722 18 
2026: 1547 1005 126 
2027: 728 201 200 
2028: 2029 1153 201 
2029: 2028 618 342 
2030: 1548 618 202 
2031: 2032 1548 1082 
2032: 2031 1549 287 
2033: 1550 1549 456 
2034: 1378 56 8 
2035: 1197 1111 8 
2036: 2037 619 203 
2037: 2036 1479 620 
2038: 1551 919 487 
2039: 2040 1551 169 
2040: 2039 1552 46 
2041: 2042 1780 494 
2042: 2041 518 204 
2043: 2044 1553 1092 
2044: 2043 1554 0 
2045: 2046 1392 203 
2046: 2047 2045 1555 
2047: 2048 2046 1514 
2048: 2047 1556 804 
2049: 1556 621 205 
2050: 2051 623 622 
2051: 2050 1557 624 
2052: 1558 1557 206 
2053: 2054 924 625 
2054: 2053 167 55 
2055: 1559 207 138 
2056: 2057 1559 626 
2057: 2058 2056 1 
2058: 2059 2057 1031 
2059: 2060 2058 462 
2060: 2061 2059 1490 
2061: 2060 1560 241 
2062: 922 627 288 
2063: 2064 627 587 
2064: 2063 628 208 
2065: 209 208 67 
2066: 1561 629 209 
2067: 2068 1562 1512 
2068: 2067 1349 925 
2069: 1563 926 235 
2070: 1738 1563 1560 
2071: 2072 630 562 
2072: 2071 1564 631 
2073: 1565 1564 930 
2074: 2075 1565 1333 
2075: 2076 2074 1013 
2076: 2077 2075 88 
2077: 2076 1412 267 
2078: 2079 633 632 
2079: 2080 2078 57 
2080: 2079 634 565 
2081: 2082 1225 634 
2082: 2081 927 83 
2083: 1567 1566 1491 
2084: 2085 928 233 
2085: 2086 2084 635 
2086: 2085 1568 1391 
2087: 1569 674 58 
2088: 2089 994 516 
2089: 2090 2088 564 
2090: 2089 1570 1222 
2091: 2092 931 623 
2092: 2091 1571 636 
2093: 2094 933 211 
2094: 2095 2093 246 
2095: 2096 2094 637 
2096: 2095 1573 1572 
2097: 1572 1459 699 
2098: 2099 934 638 
2099: 2100 2098 639 
2100: 2101 2099 59 
2101: 2100 974 281 
2102: 2103 1334 935 
2103: 2104 2102 1122 
2104: 2103 641 640 
2105: 1677 640 604 
2106: 501 150 9 
2107: 2108 1454 1429 
2108: 2109 2107 114 
2109: 2108 1574 642 
2110: 643 642 368 
2111: 936 644 210 
2112: 1575 645 210 
2113: 2114 646 411 
2114: 2113 1576 1544 
2115: 2116 1576 1464 
2116: 2115 1439 938 
2117: 2118 939 454 
2118: 2119 2117 1730 
2119: 2118 1577 230 
2120: 1577 1568 38 
2121: 2122 940 415 
2122: 2121 1562 170 
2123: 1578 647 26 
2124: 1579 971 647 
2125: 2126 1579 648 
2126: 2125 1580 157 
2127: 1525 1369 344 
2128: 2129 1581 495 
2129: 2130 2128 1582 
2130: 2131 2129 912 
2131: 2132 2130 1583 
2132: 2133 2131 25 
2133: 2132 649 16 
2134: 653 649 59 
2135: 1584 59 1 
2136: 2137 1584 901 
2137: 2136 1263 617 
2138: 2139 947 650 
2139: 2138 1321 200 
2140: 1426 1148 211 
2141: 1585 900 211 
2142: 1585 948 651 
2143: 1586 652 560 
2144: 2145 826 652 
2145: 2144 653 212 
2146: 2147 1510 654 
2147: 2146 1494 1260 
2148: 1733 1587 213 
2149: 1587 533 214 
2150: 2151 252 215 
2151: 2150 1588 655 
2152: 2153 1588 35 
2153: 2152 1516 643 
2154: 2155 1589 951 
2155: 2156 2154 635 
2156: 2157 2155 656 
2157: 2156 391 237 
2158: 1590 711 338 
2159: 2160 1590 1469 
2160: 2161 2159 748 
2161: 2162 2160 1372 
2162: 2161 1342 557 
2163: 1591 1553 1285 
2164: 1592 596 232 
2165: 1593 1592 292 
2166: 1593 747 741 
2167: 741 657 440 
2168: 1594 657 474 
2169: 658 610 546 
2170: 1595 616 10 
2171: 719 375 216 
2172: 1596 641 346 
2173: 2174 660 659 
2174: 2173 1597 503 
2175: 2176 1597 217 
2176: 2177 2175 1598 
2177: 2178 2176 909 
2178: 2177 977 143 
2179: 2180 1324 69 
2180: 2179 1599 119 
2181: 960 61 60 
2182: 1376 661 79 
2183: 2184 662 62 
2184: 2183 1600 204 
2185: 1601 1600 371 
2186: 2187 1602 174 
2187: 2188 2186 538 
2188: 2189 2187 711 
2189: 2188 961 180 
2190: 2191 663 633 
2191: 2192 2190 105 
2192: 2193 2191 684 
2193: 2194 2192 1601 
2194: 2193 1574 593 
2195: 1603 665 664 
2196: 2197 1603 222 
2197: 2196 1604 1484 
2198: 1606 1605 1440 
2199: 1606 207 63 
2200: 1607 198 63 
2201: 1608 1607 666 
2202: 1244 1181 666 
2203: 509 505 311 
2204: 966 954 667 
2205: 2206 668 422 
2206: 2205 670 669 
2207: 1558 670 218 
2208: 431 78 10 
2209: 2210 1018 219 
2210: 2209 512 75 
2211: 2212 75 64 
2212: 2213 2211 822 
2213: 2214 2212 671 
2214: 2215 2213 664 
2215: 2216 2214 65 
2216: 2217 2215 120 
2217: 2218 2216 220 
2218: 2217 71 11 
2219: 1533 970 217 
2220: 1609 221 219 
2221: 1610 483 470 
2222: 2223 1610 740 
2223: 2222 1611 672 
2224: 1612 1524 673 
2225: 2226 1317 674 
2226: 2227 2225 675 
2227: 2226 1613 12 
2228: 2229 1613 777 
2229: 2228 1172 676 
2230: 2231 579 327 
2231: 2232 2230 1800 
2232: 2231 1475 677 
2233: 2234 705 677 
2234: 2235 2233 586 
2235: 2234 1614 66 
2236: 1797 1614 1485 
2237: 2238 595 222 
2238: 2237 678 506 
2239: 980 223 67 
2240: 680 679 145 
2241: 1471 601 81 
2242: 2243 1528 1221 
2243: 2242 1107 774 
2244: 2245 723 695 
2245: 2244 1305 224 
2246: 2247 231 224 
2247: 2248 2246 681 
2248: 2249 2247 682 
2249: 2250 2248 1268 
2250: 2249 1615 227 
2251: 1805 1615 683 
2252: 2253 875 683 
2253: 2254 2252 1616 
2254: 2253 639 502 
2255: 2256 1567 259 
2256: 2255 547 418 
2257: 2258 684 310 
2258: 2257 1618 1617 
2259: 2260 1617 68 
2260: 2261 2259 317 
2261: 2260 1619 1481 
2262: 1621 1620 225 
2263: 2264 1621 492 
2264: 2265 2263 18 
2265: 2266 2264 23 
2266: 2267 2265 685 
2267: 2268 2266 728 
2268: 2269 2267 757 
2269: 2268 686 532 
2270: 1381 600 183 
2271: 2272 1623 1622 
2272: 2273 2271 674 
2273: 2274 2272 13 
2274: 2273 785 687 
2275: 1546 1398 687 
2276: 2277 1624 684 
2277: 2278 2276 1625 
2278: 2279 2277 768 
2279: 2278 1309 658 
2280: 2281 500 212 
2281: 2282 2280 30 
2282: 2281 1772 1626 
2283: 2284 1626 783 
2284: 2283 1571 780 
2285: 1627 1258 69 
2286: 2287 1628 1627 
2287: 2286 541 525 
2288: 2289 1630 1629 
2289: 2288 1352 245 
2290: 1505 1173 837 
2291: 2292 1171 343 
2292: 2291 1631 626 
2293: 2294 1455 688 
2294: 2293 986 975 
2295: 2296 1358 673 
2296: 2295 1774 689 
2297: 2298 838 689 
2298: 2297 1283 149 
2299: 1472 690 226 
2300: 1764 989 226 
2301: 2302 990 62 
2302: 2303 2301 1066 
2303: 2304 2302 24 
2304: 2303 1271 816 
2305: 2306 1275 283 
2306: 2305 1589 691 
2307: 1632 1301 321 
2308: 2309 1632 1125 
2309: 2310 2308 1227 
2310: 2311 2309 692 
2311: 2312 2310 13 
2312: 2313 2311 1633 
2313: 2312 1634 374 
2314: 2315 1634 48 
2315: 2314 769 693 
2316: 2317 1291 693 
2317: 2316 1338 408 
2318: 2319 624 270 
2319: 2318 991 226 
2320: 2321 993 14 
2321: 2320 694 227 
2322: 2323 695 122 
2323: 2322 696 70 
2324: 1687 696 678 
2325: 2326 1340 400 
2326: 2327 2325 227 
2327: 2326 1250 836 
2328: 1587 1534 258 
2329: 1290 258 228 
2330: 697 347 228 
2331: 997 230 229 
2332: 1666 1478 709 
2333: 2334 242 231 
2334: 2333 1635 1095 
2335: 1636 1635 65 
2336: 1636 1236 698 
2337: 1228 1001 716 
2338: 2339 1002 698 
2339: 2338 1637 226 
2340: 1637 1003 57 
2341: 2342 1519 699 
2342: 2341 1638 1529 
2343: 1639 1638 581 
2344: 1640 1639 1047 
2345: 1641 1466 700 
2346: 1006 700 669 
2347: 2348 702 701 
2348: 2349 2347 949 
2349: 2348 1642 232 
2350: 2351 1493 222 
2351: 2350 1643 1145 
2352: 1608 1450 675 
2353: 1538 1394 703 
2354: 1644 1371 704 
2355: 1229 704 168 
2356: 1008 792 233 
2357: 2358 253 234 
2358: 2357 1276 130 
2359: 2360 705 136 
2360: 2361 2359 1046 
2361: 2362 2360 71 
2362: 2363 2361 72 
2363: 2364 2362 273 
2364: 2363 1645 563 
2365: 1646 1645 967 
2366: 1646 1270 316 
2367: 1407 743 706 
2368: 2369 1647 417 
2369: 2368 1659 1648 
2370: 1648 1408 235 
2371: 1649 1232 188 
2372: 1650 748 707 
2373: 1651 1650 597 
2374: 2375 1652 1651 
2375: 2376 2374 1753 
2376: 2377 2375 695 
2377: 2376 708 236 
2378: 1699 1653 631 
2379: 1653 1410 41 
2380: 2381 1654 237 
2381: 2382 2380 1655 
2382: 2383 2381 15 
2383: 2384 2382 477 
2384: 2383 1656 619 
2385: 2386 1689 1656 
2386: 2387 2385 1382 
2387: 2388 2386 709 
2388: 2387 1012 742 
2389: 2390 1124 574 
2390: 2391 2389 813 
2391: 2392 2390 140 
2392: 2391 1135 246 
2393: 2394 710 1 
2394: 2393 1396 352 
2395: 1480 1310 1020 
2396: 2397 802 355 
2397: 2396 1650 238 
2398: 2399 1254 238 
2399: 2400 2398 1647 
2400: 2401 2399 1657 
2401: 2402 2400 239 
2402: 2401 1658 324 
2403: 2404 1658 73 
2404: 2403 1597 1022 
2405: 711 451 240 
2406: 2407 711 17 
2407: 2406 1659 241 
2408: 1660 1659 12 
2409: 1660 242 142 
2410: 1401 208 61 
2411: 1025 712 706 
2412: 2413 1661 712 
2413: 2414 2412 713 
2414: 2415 2413 1662 
2415: 2416 2414 3 
2416: 2415 714 74 
2417: 1663 714 16 
2418: 1663 784 448 
2419: 2420 1646 1449 
2420: 2421 2419 1664 
2421: 2422 2420 548 
2422: 2423 2421 442 
2423: 2424 2422 481 
2424: 2423 1665 1017 
2425: 2426 1665 84 
2426: 2425 724 406 
2427: 2428 584 580 
2428: 2427 716 715 
2429: 2430 1706 716 
2430: 2429 1666 717 
2431: 1667 1666 1404 
2432: 2433 1736 1667 
2433: 2434 2432 718 
2434: 2435 2433 862 
2435: 2436 2434 751 
2436: 2437 2435 719 
2437: 2436 1668 720 
2438: 1669 1668 239 
2439: 2440 1670 1669 
2440: 2439 1482 1414 
2441: 2442 1671 521 
2442: 2443 2441 264 
2443: 2442 1386 602 
2444: 2445 1299 366 
2445: 2446 2444 75 
2446: 2445 1672 459 
2447: 1672 756 721 
2448: 2449 1673 243 
2449: 2450 2448 76 
2450: 2451 2449 1507 
2451: 2452 2450 77 
2452: 2453 2451 14 
2453: 2454 2452 1674 
2454: 2453 1361 747 
2455: 1675 337 53 
2456: 2457 1675 1596 
2457: 2458 2456 1676 
2458: 2459 2457 244 
2459: 2458 1677 238 
2460: 1677 1038 27 
2461: 1039 243 95 
2462: 2463 1424 1094 
2463: 2462 1678 1563 
2464: 1679 515 78 
2465: 1681 1680 1679 
2466: 1680 1164 245 
2467: 2468 245 173 
2468: 2467 437 246 
2469: 1682 1192 648 
2470: 1682 1023 722 
2471: 2472 722 79 
2472: 2471 1423 692 
2473: 1684 1683 80 
2474: 2475 1684 672 
2475: 2474 1685 1561 
2476: 1686 1685 221 
2477: 2478 1686 1684 
2478: 2479 2477 1390 
2479: 2478 1687 1586 
2480: 2481 1687 1653 
2481: 2482 2480 1267 
2482: 2481 1193 1113 
2483: 2484 1489 1137 
2484: 2483 1688 1520 
2485: 2486 1688 247 
2486: 2485 1689 1619 
2487: 1689 1583 1580 
2488: 1555 1501 1041 
2489: 1761 1690 248 
2490: 1690 724 723 
2491: 2492 725 724 
2492: 2491 1691 81 
2493: 2494 1691 985 
2494: 2495 2493 726 
2495: 2496 2494 727 
2496: 2497 2495 9 
2497: 2496 868 484 
2498: 1051 690 334 
2499: 2500 545 196 
2500: 2499 1692 523 
2501: 1692 1575 667 
2502: 2503 1234 82 
2503: 2502 1693 249 
2504: 762 249 76 
2505: 1473 1300 762 
2506: 2507 1582 66 
2507: 2508 2506 89 
2508: 2509 2507 735 
2509: 2510 2508 83 
2510: 2509 1694 728 
2511: 2512 1695 728 
2512: 2513 2511 1696 
2513: 2514 2512 727 
2514: 2515 2513 520 
2515: 2514 1697 68 
2516: 2517 1697 697 
2517: 2516 1052 146 
2518: 1308 526 244 
2519: 1698 1508 1366 
2520: 1699 1698 1554 
2521: 2522 1700 1699 
2522: 2521 1149 250 
2523: 2524 566 293 
2524: 2523 1053 395 
2525: 2526 1631 1476 
2526: 2525 131 124 
2527: 2528 676 84 
2528: 2527 1606 364 
2529: 2530 1595 1593 
2530: 2529 1591 332 
2531: 729 409 129 
2532: 1058 514 247 
2533: 2534 286 81 
2534: 2533 1335 325 
2535: 1654 1461 407 
2536: 2537 1060 94 
2537: 2536 1316 715 
2538: 2539 615 251 
2539: 2540 2538 647 
2540: 2539 1702 1701 
2541: 1701 1581 85 
2542: 1703 729 493 
2543: 1704 1703 730 
2544: 1778 1704 1434 
2545: 731 499 381 
2546: 1705 731 252 
2547: 2548 1705 421 
2548: 2547 1706 537 
2549: 1708 1707 1706 
2550: 2551 1710 1709 
2551: 2552 2550 796 
2552: 2551 1711 732 
2553: 1799 1711 253 
2554: 1492 253 78 
2555: 2556 1068 79 
2556: 2557 2555 88 
2557: 2558 2556 166 
2558: 2557 1712 637 
2559: 1696 1661 703 
2560: 1713 255 254 
2561: 1714 1713 1609 
2562: 2563 1714 214 
2563: 2562 1071 211 
2564: 2565 1072 534 
2565: 2566 2564 17 
2566: 2565 733 427 
2567: 2568 835 256 
2568: 2569 2567 497 
2569: 2568 1458 369 
2570: 1075 734 464 
2571: 2572 1307 1302 
2572: 2571 1715 735 
2573: 2574 1431 377 
2574: 2575 2573 1142 
2575: 2576 2574 1470 
2576: 2575 1078 490 
2577: 2578 603 52 
2578: 2577 1274 819 
2579: 1716 1425 736 
2580: 1717 1325 269 
2581: 2582 1717 60 
2582: 2581 1427 197 
2583: 1674 738 737 
2584: 2585 1718 738 
2585: 2586 2584 107 
2586: 2585 1718 276 
2587: 2588 1718 1462 
2588: 2589 2587 251 
2589: 2588 1019 736 
2590: 1719 739 17 
2591: 2592 739 171 
2592: 2593 2591 257 
2593: 2594 2592 45 
2594: 2593 1720 11 
2595: 1721 1720 258 
2596: 1723 1722 1721 
2597: 1724 1722 56 
2598: 585 528 190 
2599: 1433 740 73 
2600: 1725 1121 259 
2601: 2602 472 372 
2602: 2601 605 428 
2603: 1359 732 223 
2604: 1629 1543 655 
2605: 2606 773 522 
2606: 2607 2605 741 
2607: 2608 2606 18 
2608: 2609 2607 205 
2609: 2610 2608 1506 
2610: 2611 2609 260 
2611: 2612 2610 91 
2612: 2613 2611 50 
2613: 2614 2612 246 
2614: 2613 1726 270 
2615: 2616 1726 1611 
2616: 2615 1379 70 
2617: 1727 1296 1286 
2618: 1419 426 260 
2619: 2620 1559 141 
2620: 2619 1728 449 
2621: 1728 1204 1089 
2622: 1487 599 75 
2623: 1620 742 261 
2624: 1233 831 742 
2625: 2626 250 67 
2626: 2625 1729 1600 
2627: 2628 1729 743 
2628: 2629 2627 7 
2629: 2628 1730 744 
2630: 2631 1730 230 
2631: 2630 1213 262 
2632: 2633 745 262 
2633: 2632 1642 746 
2634: 2635 776 572 
2635: 2634 747 388 
2636: 2637 1703 747 
2637: 2638 2636 186 
2638: 2639 2637 1715 
2639: 2638 1293 263 
2640: 488 376 263 
2641: 2642 1625 645 
2642: 2643 2641 670 
2643: 2644 2642 1671 
2644: 2645 2643 679 
2645: 2646 2644 914 
2646: 2647 2645 1326 
2647: 2648 2646 1320 
2648: 2649 2647 1803 
2649: 2650 2648 264 
2650: 2649 1731 656 
2651: 1731 1182 265 
2652: 1732 265 16 
2653: 2654 1732 90 
2654: 2653 1354 748 
2655: 748 358 110 
2656: 1733 630 175 
2657: 2658 1733 147 
2658: 2657 749 590 
2659: 1734 1636 749 
2660: 1734 1100 423 
2661: 2662 1101 378 
2662: 2663 2661 242 
2663: 2662 1735 1502 
2664: 2665 1437 86 
2665: 2666 2664 750 
2666: 2665 1716 751 
2667: 2668 717 682 
2668: 2667 1736 210 
2669: 1736 1532 1306 
2670: 1737 1105 361 
2671: 2672 1788 1737 
2672: 2671 1477 1266 
2673: 2674 1245 266 
2674: 2675 2673 662 
2675: 2676 2674 707 
2676: 2677 2675 1769 
2677: 2676 1624 1598 
2678: 1393 1208 752 
2679: 1738 1719 752 
2680: 1740 1739 1738 
2681: 1739 1205 1158 
2682: 1741 118 36 
2683: 2684 1741 216 
2684: 2685 2683 1224 
2685: 2686 2684 72 
2686: 2685 1742 162 
2687: 1743 1742 709 
2688: 2689 1743 1709 
2689: 2688 1694 85 
2690: 1744 808 745 
2691: 1744 659 267 
2692: 2693 621 267 
2693: 2694 2692 268 
2694: 2693 705 262 
2695: 1365 510 189 
2696: 2697 735 132 
2697: 2696 1663 1106 
2698: 1109 753 19 
2699: 2700 1402 753 
2700: 2699 1745 87 
2701: 2702 1745 1387 
2702: 2701 1406 582 
2703: 2704 1540 234 
2704: 2705 2703 6 
2705: 2704 1374 737 
2706: 2707 1702 220 
2707: 2708 2706 69 
2708: 2709 2707 680 
2709: 2710 2708 20 
2710: 2711 2709 225 
2711: 2710 754 636 
2712: 1746 1638 1119 
2713: 1747 1746 734 
2714: 2715 1747 571 
2715: 2714 1452 1377 
2716: 1605 1294 181 
2717: 1748 1670 589 
2718: 1578 1413 460 
2719: 1749 755 179 
2720: 1750 755 15 
2721: 2722 1750 236 
2722: 2723 2721 646 
2723: 2722 1804 1751 
2724: 2725 1751 1 
2725: 2726 2724 708 
2726: 2725 1599 1457 
2727: 1695 1279 783 
2728: 2729 1640 469 
2729: 2728 756 529 
2730: 2731 852 756 
2731: 2732 2730 20 
2732: 2733 2731 1752 
2733: 2732 1752 723 
2734: 1753 1683 1442 
2735: 1753 1037 385 
2736: 1754 1744 218 
2737: 2738 1754 668 
2738: 2737 1755 771 
2739: 1765 1756 1755 
2740: 1756 686 370 
2741: 1693 765 553 
2742: 2743 1616 193 
2743: 2742 1129 740 
2744: 1662 1257 21 
2745: 1314 757 413 
2746: 1108 757 389 
2747: 1757 666 653 
2748: 2749 1728 1443 
2749: 2750 2748 1757 
2750: 2749 1758 71 
2751: 1758 896 758 
2752: 2753 1649 1210 
2753: 2754 2752 1707 
2754: 2755 2753 350 
2755: 2754 1207 1136 
2756: 2757 1405 1140 
2757: 2756 1759 1318 
2758: 1759 759 685 
2759: 1681 1460 759 
2760: 1021 760 699 
2761: 1700 761 233 
2762: 2763 761 42 
2763: 2762 1760 805 
2764: 2765 1760 726 
2765: 2766 2764 1566 
2766: 2765 704 540 
2767: 1664 1652 577 
2768: 2769 1409 266 
2769: 2768 257 28 
2770: 2771 1330 22 
2771: 2772 2770 750 
2772: 2771 1499 1288 
2773: 2774 1346 1313 
2774: 2775 2773 551 
2775: 2774 1761 941 
2776: 2777 1761 632 
2777: 2778 2776 1389 
2778: 2777 1762 660 
2779: 1763 1762 202 
2780: 1763 1350 1347 
2781: 1764 746 235 
2782: 2783 1764 1102 
2783: 2784 2782 1669 
2784: 2785 2783 608 
2785: 2784 1765 19 
2786: 2787 1765 88 
2787: 2788 2786 151 
2788: 2787 1150 612 
2789: 2790 1151 762 
2790: 2791 2789 1673 
2791: 2792 2790 461 
2792: 2793 2791 264 
2793: 2792 1766 435 
2794: 1766 702 620 
2795: 2796 1397 320 
2796: 2797 2795 1767 
2797: 2796 1152 491 
2798: 2799 720 561 
2799: 2800 2798 916 
2800: 2801 2799 176 
2801: 2800 32 2 
2802: 1552 1435 274 
2803: 2804 1727 543 
2804: 2803 1155 97 
2805: 2806 1156 58 
2806: 2807 2805 763 
2807: 2808 2806 764 
2808: 2809 2807 798 
2809: 2810 2808 629 
2810: 2809 1768 253 
2811: 2812 1594 359 
2812: 2813 2811 1289 
2813: 2814 2812 367 
2814: 2815 2813 1541 
2815: 2814 453 89 
2816: 1769 1556 89 
2817: 1769 1536 765 
2818: 2819 765 153 
2819: 2820 2818 681 
2820: 2819 1770 82 
2821: 1770 766 23 
2822: 1771 766 651 
2823: 2824 1771 160 
2824: 2825 2823 613 
2825: 2824 1159 473 
2826: 1772 767 754 
2827: 1773 1772 1362 
2828: 2829 1521 18 
2829: 2830 2828 1280 
2830: 2831 2829 857 
2831: 2830 1775 1774 
2832: 1774 1577 768 
2833: 1776 1509 768 
2834: 2835 1776 588 
2835: 2836 2834 77 
2836: 2835 1206 191 
2837: 1777 558 213 
2838: 2839 1777 1547 
2839: 2838 1778 1570 
2840: 2841 1778 1622 
2841: 2842 2840 22 
2842: 2843 2841 224 
2843: 2842 1162 232 
2844: 2845 1644 398 
2845: 2844 1773 467 
2846: 1643 1628 1064 
2847: 1740 769 402 
2848: 2849 769 248 
2849: 2848 701 504 
2850: 1503 1166 718 
2851: 1779 1748 770 
2852: 2853 1779 696 
2853: 2852 1735 90 
2854: 1623 906 90 
2855: 2856 770 724 
2856: 2857 2855 1602 
2857: 2856 1612 269 
2858: 1780 269 116 
2859: 2860 1780 83 
2860: 2861 2859 123 
2861: 2862 2860 1749 
2862: 2861 270 206 
2863: 2864 730 270 
2864: 2865 2863 1648 
2865: 2864 1341 771 
2866: 1781 803 771 
2867: 1782 1781 758 
2868: 2869 1782 24 
2869: 2870 2868 252 
2870: 2869 1175 416 
2871: 1436 1178 237 
2872: 2873 1281 744 
2873: 2872 1783 772 
2874: 1783 880 773 
2875: 2876 773 458 
2876: 2877 2875 240 
2877: 2878 2876 80 
2878: 2879 2877 1639 
2879: 2878 713 0 
2880: 1179 794 774 
2881: 775 774 106 
2882: 1784 775 271 
2883: 1784 1618 478 
2884: 2885 1428 194 
2885: 2884 644 87 
2886: 1759 1183 776 
2887: 1785 1080 776 
2888: 2889 1785 1411 
2889: 2890 2888 209 
2890: 2889 1786 380 
2891: 1787 1786 172 
2892: 1787 777 231 
2893: 1768 1185 777 
2894: 2895 638 498 
2895: 2894 1788 88 
2896: 1789 1788 725 
2897: 2898 1789 1029 
2898: 2897 1403 1253 
2899: 1790 1641 63 
2900: 2901 1790 625 
2901: 2900 1678 1363 
2902: 2903 1523 441 
2903: 2904 2902 968 
2904: 2905 2903 677 
2905: 2906 2904 751 
2906: 2905 1712 583 
2907: 1438 1187 904 
2908: 2909 535 187 
2909: 2910 2908 719 
2910: 2911 2909 156 
2911: 2910 1791 688 
2912: 2913 1792 1791 
2913: 2914 2912 606 
2914: 2915 2913 1417 
2915: 2916 2914 21 
2916: 2915 1793 762 
2917: 2918 1793 733 
2918: 2917 1794 1604 
2919: 2920 1456 258 
2920: 2919 1795 414 
2921: 2922 1795 201 
2922: 2921 1724 1190 
2923: 1723 1194 261 
2924: 1500 1282 241 
2925: 1796 1201 195 
2926: 1797 1796 1036 
2927: 1797 1630 185 
2928: 1399 1251 1202 
2929: 1710 1383 654 
2930: 1798 1573 272 
2931: 2932 1798 84 
2932: 2933 2931 267 
2933: 2934 2932 741 
2934: 2933 607 74 
2935: 2936 1211 524 
2936: 2935 1799 432 
2937: 2938 1799 272 
2938: 2939 2937 229 
2939: 2940 2938 884 
2940: 2941 2939 1400 
2941: 2940 1657 401 
2942: 2943 671 47 
2943: 2944 2942 1474 
2944: 2945 2943 1388 
2945: 2944 1800 1794 
2946: 1801 1800 1550 
2947: 2948 1801 91 
2948: 2949 2947 694 
2949: 2950 2948 215 
2950: 2951 2949 757 
2951: 2950 778 552 
2952: 2953 778 764 
2953: 2954 2952 1542 
2954: 2955 2953 91 
2955: 2956 2954 54 
2956: 2957 2955 271 
2957: 2956 779 700 
2958: 1802 779 199 
2959: 1802 1569 780 
2960: 1655 1451 44 
2961: 2962 1676 1357 
2962: 2961 781 64 
2963: 1545 781 184 
2964: 1803 268 144 
2965: 1803 767 177 
2966: 1804 1214 622 
2967: 1804 260 49 
2968: 1708 1217 628 
2969: 2970 763 463 
2970: 2969 1805 339 
2971: 1805 782 575 
2972: 783 782 765 
2973: 2974 783 256 
2974: 2975 2973 23 
2975: 2976 2974 322 
2976: 2975 1806 255 
2977: 2978 1806 298 
2978: 2979 2977 661 
2979: 2978 1297 780 
2980: 1807 650 254 
2981: 2982 1807 517 
2982: 2983 2981 86 
2983: 2982 784 178 
2984: 2985 784 665 
2985: 2986 2984 710 
2986: 2985 1416 760 
2987: 2988 1497 721 
2988: 2987 1278 691 
2989: 2990 609 259 
2990: 2991 2989 24 
2991: 2990 1808 148 
2992: 2993 1808 1720 
2993: 2992 1196 785 
2994: 1771 1495 785 
2995: 1792 1725 1448 
2996: 2997 594 152 
2997: 2996 1633 663 
2998: 1775 772 13 
2999: 1767 743 
