3000
0: 2822 2326 1894 1888 1764 943 839 290 89 
1: 2243 1783 1758 1380 1166 593 506 492 
2: 2687 1892 1852 1453 974 973 472 339 
3: 2592 2057 1483 931 797 730 702 406 
4: 2624 2104 1942 1839 1838 1686 175 29 
5: 2210 2127 1830 1465 859 348 274 17 
6: 2747 2293 2010 1485 1047 942 895 361 
7: 2774 2460 1875 1769 1653 1294 829 151 
8: 2627 2540 1954 867 830 684 270 85 
9: 2577 2546 2261 1627 1085 984 753 532 
10: 2815 2760 1893 1362 909 879 754 334 
11: 2997 2794 2599 2205 1200 1002 382 286 
12: 2936 2935 2263 1891 1828 1560 1198 194 
13: 2991 2955 2820 2447 1999 367 286 242 
14: 1922 394 384 255 192 86 52 
15: 2381 732 582 462 278 94 46 
16: 1012 997 642 559 330 117 64 
17: 2060 1085 1053 229 174 34 5 
18: 1463 1103 1049 963 929 224 177 
19: 1995 1105 992 787 424 363 157 
20: 2461 1106 853 813 373 267 117 
21: 2042 1168 1124 960 568 239 83 
22: 2900 1226 896 783 702 253 95 
23: 2422 1271 1247 698 604 279 278 
24: 1636 1355 1238 1138 502 424 279 
25: 1836 1447 1241 1104 1069 923 544 
26: 2307 1471 574 282 188 91 33 
27: 1859 1487 738 508 189 167 28 
28: 1690 1491 1410 365 305 138 27 
29: 1911 1556 1508 1280 1031 332 4 
30: 1818 1596 1370 980 907 851 49 
31: 2330 1628 1539 706 672 509 352 
32: 2900 1675 1408 876 402 193 115 
33: 1982 1787 1478 1127 1025 613 26 
34: 2437 1840 1765 1210 218 182 17 
35: 2977 1874 1873 1856 1391 598 501 
36: 2681 1896 1831 1664 1358 302 65 
37: 2862 1915 1826 1204 744 295 48 
38: 2149 1919 1628 1192 991 897 374 
39: 2315 1928 955 787 368 322 46 
40: 2489 1929 1928 1733 1226 823 511 
41: 2186 1944 1305 1219 503 412 310 
42: 2850 1952 1722 1563 1413 1312 931 
43: 2965 1953 1158 1147 989 222 122 
44: 2082 1957 1398 1052 324 256 164 
45: 2366 1965 1735 1236 883 820 522 
46: 2181 1967 1868 1734 1065 39 15 
47: 2191 1988 1962 803 672 361 244 
48: 2719 2019 1462 798 122 78 37 
49: 2880 2026 1075 411 325 93 30 
50: 2284 2073 1924 968 960 400 293 
51: 2804 2087 1307 1197 496 491 481 
52: 2156 2120 928 755 537 293 14 
53: 2227 2123 1909 1623 846 467 376 
54: 2930 2146 2062 757 641 432 238 
55: 2614 2219 1950 1696 1661 865 421 
56: 2374 2231 583 288 224 151 134 
57: 2364 2232 1844 905 280 100 89 
58: 2958 2233 1221 697 651 135 77 
59: 2548 2245 1977 1037 251 133 122 
60: 2598 2257 1851 1766 1082 275 90 
61: 2944 2281 1495 1418 875 724 66 
62: 2678 2290 1257 999 865 477 289 
63: 2309 2298 1313 1139 832 290 282 
64: 2551 2311 1771 1751 971 432 16 
65: 2744 2335 1530 1452 709 88 36 
66: 2579 2356 583 527 257 79 61 
67: 2555 2376 2349 2220 1587 1242 396 
68: 2971 2377 1541 1315 1016 136 96 
69: 2788 2384 1875 849 800 699 445 
70: 2783 2399 1852 1483 505 331 195 
71: 2695 2401 1087 953 417 311 293 
72: 2419 2418 1920 1917 1046 788 226 
73: 2429 2428 1757 562 530 483 318 
74: 2483 2453 1893 1778 844 834 341 
75: 2778 2490 2414 2363 1705 895 674 
76: 2521 2520 2435 1850 1777 1255 824 
77: 2846 2666 1828 844 647 128 58 
78: 2851 2701 2411 960 464 97 48 
79: 2756 2749 2462 1339 1062 851 66 
80: 2990 2790 1188 1180 992 845 425 
81: 2984 2824 2773 1331 1126 410 328 
82: 2876 2835 1684 793 748 287 207 
83: 2969 2866 2704 1080 1079 899 21 
84: 2914 2909 2534 1906 1153 468 281 
85: 2043 495 469 222 86 8 
86: 948 615 611 463 85 14 
87: 2408 749 620 336 133 113 
88: 1169 791 516 469 243 65 
89: 2727 799 798 170 57 0 
90: 2022 814 663 661 655 60 
91: 894 833 787 734 246 26 
92: 1998 838 836 716 485 254 
93: 2118 862 843 812 326 49 
94: 922 866 623 427 130 15 
95: 1415 869 456 325 232 22 
96: 2631 904 613 414 112 68 
97: 2731 917 798 568 180 78 
98: 1161 944 849 493 298 297 
99: 2244 950 858 639 433 355 
100: 2201 967 954 874 764 57 
101: 1992 1000 568 458 377 188 
102: 1043 1023 1012 551 454 338 
103: 1527 1028 988 453 438 365 
104: 1595 1045 931 868 571 147 
105: 1110 1060 575 511 412 350 
106: 2295 1061 1021 389 338 280 
107: 2071 1062 773 368 155 127 
108: 1109 1084 1040 578 296 114 
109: 2124 1091 317 287 281 244 
110: 1952 1112 1030 871 499 217 
111: 2054 1113 1083 909 487 271 
112: 2575 1125 901 878 432 96 
113: 1886 1162 867 642 308 87 
114: 2090 1190 958 838 563 108 
115: 1947 1196 940 891 283 32 
116: 2867 1197 1110 579 323 128 
117: 2449 1200 161 156 20 16 
118: 1831 1276 1186 790 719 674 
119: 2398 1277 817 722 355 351 
120: 2532 1302 1248 1239 1213 435 
121: 2501 1308 987 395 187 166 
122: 2036 1312 612 59 48 43 
123: 2246 1319 918 786 525 378 
124: 2830 1320 1284 737 577 196 
125: 2329 1337 1191 759 686 369 
126: 2525 1347 910 890 822 483 
127: 1660 1372 815 811 758 107 
128: 1593 1388 694 464 116 77 
129: 2672 1392 1223 1150 1069 562 
130: 2673 1396 1058 1010 313 94 
131: 1619 1402 1054 1020 284 220 
132: 2332 1414 1157 1063 581 463 
133: 2603 1420 1079 342 87 59 
134: 2922 1435 691 524 380 56 
135: 2740 1436 525 487 284 58 
136: 2435 1438 1394 1227 529 68 
137: 1571 1442 730 516 494 317 
138: 1460 1451 799 413 152 28 
139: 2277 1452 1324 1120 1112 356 
140: 2201 1461 1442 959 782 347 
141: 2642 1467 1116 996 874 164 
142: 2588 1474 1064 795 645 535 
143: 2819 1480 1285 1126 404 379 
144: 2712 1484 1018 1011 277 218 
145: 2895 1498 1297 902 867 866 
146: 1614 1517 1505 1433 1403 669 
147: 2134 1524 1004 833 460 104 
148: 2238 1538 1055 977 959 807 
149: 2445 1539 1509 827 792 289 
150: 2995 1551 1140 895 470 241 
151: 2081 1554 1382 1318 56 7 
152: 1938 1575 938 848 823 138 
153: 1795 1590 1401 1270 1096 556 
154: 2052 1593 914 680 434 404 
155: 1718 1601 1477 1087 994 107 
156: 2857 1602 1465 1043 885 117 
157: 1904 1612 1018 579 258 19 
158: 2983 1618 1377 959 906 853 
159: 1922 1637 908 861 399 196 
160: 1932 1639 1626 1264 1024 989 
161: 2316 1652 854 341 227 117 
162: 1835 1665 1532 560 514 358 
163: 2313 1675 1042 1015 945 249 
164: 2967 1678 975 896 141 44 
165: 2002 1682 1353 810 420 175 
166: 2891 1682 977 871 587 121 
167: 2431 1685 1262 581 187 27 
168: 2196 1706 1664 1576 977 685 
169: 2734 1707 860 839 761 489 
170: 1935 1712 1705 1510 1061 89 
171: 2446 1719 1575 1574 852 488 
172: 2532 1719 1662 885 565 208 
173: 2473 1728 1079 882 876 385 
174: 2143 1757 1663 1336 788 17 
175: 2780 1759 684 191 165 4 
176: 2136 1782 1329 946 932 238 
177: 2103 1790 1265 1260 1237 18 
178: 2604 1799 1327 821 820 755 
179: 2451 1804 1001 905 842 322 
180: 2272 1836 1431 1402 1143 97 
181: 2869 1837 1512 1492 801 258 
182: 2593 1839 912 771 208 34 
183: 2362 1840 1599 1404 1118 393 
184: 2970 1846 1790 1363 786 780 
185: 2463 1846 1367 1115 430 401 
186: 1948 1847 1763 1454 1343 296 
187: 2649 1854 1268 458 167 121 
188: 2006 1859 945 235 101 26 
189: 2796 1860 1063 631 338 27 
190: 2771 1862 1476 1278 728 277 
191: 2182 1863 1711 1399 719 175 
192: 2564 1864 1745 803 561 14 
193: 2650 1876 1631 961 445 32 
194: 2099 1885 1862 962 370 12 
195: 1886 1885 956 805 327 70 
196: 2353 1891 1160 361 159 124 
197: 2018 1906 1231 902 602 428 
198: 2908 1908 1604 447 240 202 
199: 2587 1914 1811 586 391 329 
200: 2625 1921 1876 1135 1086 446 
201: 2402 1927 1595 1041 984 948 
202: 2120 1929 1174 868 572 198 
203: 2652 1932 1303 605 471 228 
204: 2911 1935 1190 948 515 245 
205: 2096 1937 1863 1838 496 423 
206: 1990 1964 1963 1667 690 671 
207: 2853 1972 1971 1888 591 82 
208: 2508 1996 1028 517 182 172 
209: 2272 2007 1016 329 325 298 
210: 2715 2013 1878 1444 1082 993 
211: 2590 2024 1832 1566 926 373 
212: 2423 2035 1185 1095 974 664 
213: 2772 2038 1666 1464 1126 297 
214: 2300 2040 2039 784 435 418 
215: 2809 2053 1359 828 464 332 
216: 2915 2062 1224 1195 954 934 
217: 2642 2065 1875 1267 1097 110 
218: 2602 2084 1256 802 144 34 
219: 2927 2088 1693 572 553 303 
220: 2279 2090 1792 727 222 131 
221: 2562 2094 2063 1946 1194 929 
222: 2494 2101 1826 220 85 43 
223: 2960 2105 1253 1005 835 475 
224: 2405 2119 1023 801 56 18 
225: 2827 2135 2131 2130 1080 996 
226: 2618 2161 1777 1445 956 72 
227: 2785 2167 2097 2017 641 161 
228: 2813 2176 1493 1015 966 203 
229: 2665 2187 2041 1546 746 17 
230: 2799 2204 1885 1292 526 306 
231: 2249 2211 1141 806 558 309 
232: 2697 2244 1201 1174 441 95 
233: 2355 2268 754 728 336 303 
234: 2523 2291 1189 1075 873 261 
235: 2786 2300 2235 988 793 188 
236: 2465 2312 1650 1267 1190 910 
237: 2510 2314 1608 1451 340 294 
238: 2515 2343 1565 296 176 54 
239: 2535 2357 1670 1403 1191 21 
240: 2775 2360 2358 2282 1380 198 
241: 2926 2369 1707 1033 831 150 
242: 2928 2370 1910 998 482 13 
243: 2979 2371 2111 1282 442 88 
244: 2423 2378 1080 790 109 47 
245: 2520 2383 2382 1783 1721 204 
246: 2807 2407 2165 2164 856 91 
247: 2464 2463 2303 1499 577 278 
248: 2479 2474 1497 609 279 274 
249: 2723 2504 1980 1238 297 163 
250: 2999 2514 1123 785 537 331 
251: 2561 2536 2424 1230 1078 59 
252: 2723 2541 2540 819 320 292 
253: 2589 2544 1870 808 288 22 
254: 2834 2583 1865 685 569 92 
255: 2605 2604 1975 718 547 14 
256: 2816 2608 1599 1536 1149 44 
257: 2655 2617 2037 1136 375 66 
258: 2739 2640 2391 854 181 157 
259: 2657 2656 2095 1674 1531 1107 
260: 2742 2667 2666 1947 300 269 
261: 2863 2682 2012 1581 899 234 
262: 2849 2688 1345 1203 1199 286 
263: 2998 2693 2692 2192 1516 522 
264: 2902 2706 2623 1958 1252 506 
265: 2799 2707 1914 1244 1137 559 
266: 2973 2709 2350 2349 1077 816 
267: 2744 2743 2481 1849 585 20 
268: 2861 2759 2758 2560 1368 937 
269: 2810 2779 2038 819 319 260 
270: 2795 2781 2304 1877 343 8 
271: 2817 2794 2793 1905 981 111 
272: 2872 2808 2807 1428 750 502 
273: 2809 2808 2001 1841 1212 1102 
274: 2886 2870 2797 907 248 5 
275: 2957 2889 2888 1830 316 60 
276: 2988 2987 2874 2126 751 383 
277: 999 315 301 190 144 
278: 2871 330 247 23 15 
279: 2259 354 248 24 23 
280: 1547 354 285 106 57 
281: 1029 367 283 109 84 
282: 2550 375 295 63 26 
283: 1352 404 289 281 115 
284: 773 407 385 135 131 
285: 2450 408 344 318 280 
286: 1494 422 262 13 11 
287: 2147 444 388 109 82 
288: 1153 450 307 253 56 
289: 1789 478 283 149 62 
290: 1823 482 420 63 0 
291: 1140 506 426 305 299 
292: 2498 516 366 330 252 
293: 2538 557 71 52 50 
294: 1752 576 507 299 237 
295: 877 598 441 282 37 
296: 792 607 238 186 108 
297: 1803 624 249 213 98 
298: 2089 657 479 209 98 
299: 1934 659 562 294 291 
300: 1643 666 581 339 260 
301: 981 679 319 302 277 
302: 2333 693 447 301 36 
303: 766 703 558 233 219 
304: 985 711 584 367 326 
305: 2821 734 473 291 28 
306: 2651 735 605 451 230 
307: 1026 743 716 539 288 
308: 2154 747 383 348 113 
309: 967 756 446 316 231 
310: 795 763 607 559 41 
311: 1995 770 666 371 71 
312: 983 791 589 414 351 
313: 2771 799 769 592 130 
314: 1821 802 714 411 407 
315: 997 806 748 457 277 
316: 1029 807 673 309 275 
317: 1850 813 532 137 109 
318: 1966 815 565 285 73 
319: 1978 818 333 301 269 
320: 2200 838 592 370 252 
321: 1099 839 826 443 409 
322: 1039 841 457 179 39 
323: 2256 847 804 712 116 
324: 857 855 696 513 44 
325: 2454 867 209 95 49 
326: 1605 871 810 304 93 
327: 1952 872 656 422 195 
328: 1041 881 369 346 81 
329: 1524 883 352 209 199 
330: 2440 884 292 278 16 
331: 2748 886 566 250 70 
332: 1988 890 695 215 29 
333: 1881 900 752 535 319 
334: 1011 908 528 386 10 
335: 1124 910 844 605 474 
336: 2594 911 417 233 87 
337: 1158 913 845 615 409 
338: 1248 916 189 106 102 
339: 1521 921 344 300 2 
340: 2979 921 883 386 237 
341: 1703 926 342 161 74 
342: 1564 927 713 341 133 
343: 1003 927 573 462 270 
344: 1219 928 616 339 285 
345: 1708 932 525 457 366 
346: 2014 942 900 580 328 
347: 1357 947 797 360 140 
348: 1389 953 519 308 5 
349: 2154 954 828 677 433 
350: 2205 968 933 912 105 
351: 2359 969 357 312 119 
352: 2240 969 628 329 31 
353: 1867 974 939 521 413 
354: 1550 983 442 280 279 
355: 2312 988 403 119 99 
356: 2041 996 599 398 139 
357: 2950 1006 829 774 351 
358: 1404 1007 979 857 162 
359: 2568 1007 870 868 720 
360: 1829 1009 790 647 347 
361: 1695 1009 196 47 6 
362: 1927 1014 865 698 621 
363: 2387 1015 682 429 19 
364: 1592 1016 518 517 444 
365: 2109 1040 541 103 28 
366: 1855 1044 809 345 292 
367: 2287 1048 304 281 13 
368: 1964 1048 419 107 39 
369: 1986 1050 847 328 125 
370: 1760 1064 474 320 194 
371: 1098 1066 982 648 311 
372: 2841 1076 668 431 388 
373: 2829 1078 889 211 20 
374: 1866 1081 818 776 38 
375: 1375 1084 884 282 257 
376: 1306 1086 840 474 53 
377: 2218 1093 539 530 101 
378: 2591 1094 736 498 123 
379: 1398 1102 864 488 143 
380: 2145 1105 1026 938 134 
381: 1151 1118 1017 966 880 
382: 2496 1128 800 654 11 
383: 2264 1128 408 308 276 
384: 1861 1131 749 427 14 
385: 2444 1133 864 284 173 
386: 2980 1155 413 340 334 
387: 2140 1156 1068 937 731 
388: 1424 1157 837 372 287 
389: 2302 1175 861 586 106 
390: 1271 1179 1033 972 588 
391: 2732 1180 978 957 199 
392: 2138 1181 933 837 822 
393: 2552 1183 407 395 183 
394: 1603 1184 1013 1008 14 
395: 1951 1186 676 393 121 
396: 2375 1188 1060 869 67 
397: 2139 1189 936 741 566 
398: 1934 1194 577 548 356 
399: 1374 1196 775 555 159 
400: 2892 1199 439 423 50 
401: 2800 1208 1137 589 185 
402: 2164 1211 1209 584 32 
403: 1314 1216 792 785 355 
404: 2925 1220 283 154 143 
405: 2854 1220 903 518 500 
406: 2217 1224 1098 831 3 
407: 2345 1233 393 314 284 
408: 2563 1242 806 383 285 
409: 2055 1246 912 337 321 
410: 2302 1255 1094 452 81 
411: 2493 1259 455 314 49 
412: 1860 1263 995 105 41 
413: 1873 1270 386 353 138 
414: 2724 1279 686 312 96 
415: 2644 1285 1170 1022 652 
416: 2836 1288 1244 931 863 
417: 1559 1289 1203 336 71 
418: 2100 1297 435 434 214 
419: 1590 1298 903 901 368 
420: 1317 1299 757 290 165 
421: 1949 1304 1274 836 55 
422: 1573 1305 862 327 286 
423: 1936 1307 821 400 205 
424: 2826 1311 676 24 19 
425: 2269 1314 1104 919 80 
426: 1344 1316 1151 645 291 
427: 2318 1317 997 384 94 
428: 2931 1327 564 550 197 
429: 2115 1341 1103 840 363 
430: 2419 1348 1100 877 185 
431: 2662 1357 1328 886 372 
432: 2994 1360 112 64 54 
433: 2941 1364 542 349 99 
434: 1984 1365 942 418 154 
435: 1502 1369 418 214 120 
436: 2476 1371 1223 1060 533 
437: 1989 1379 1160 893 490 
438: 2902 1383 918 854 103 
439: 1482 1383 950 553 400 
440: 2904 1386 1188 1114 949 
441: 2377 1389 909 295 232 
442: 1916 1390 1349 354 243 
443: 2026 1406 817 810 321 
444: 2458 1407 1163 364 287 
445: 1842 1409 715 193 69 
446: 2526 1410 455 309 200 
447: 1909 1412 639 302 198 
448: 2774 1429 1169 823 610 
449: 2802 1432 1241 794 451 
450: 1973 1436 1045 989 288 
451: 2767 1439 1024 449 306 
452: 2932 1443 1408 543 410 
453: 1871 1447 1204 710 103 
454: 1772 1464 1166 560 102 
455: 2190 1466 585 446 411 
456: 2718 1470 1273 813 95 
457: 2917 1472 345 322 315 
458: 2668 1478 816 187 101 
459: 2101 1482 1161 724 470 
460: 1703 1486 732 570 147 
461: 1624 1487 1333 1088 485 
462: 2322 1493 1000 343 15 
463: 1641 1494 1382 132 86 
464: 2856 1496 215 128 78 
465: 2421 1503 1361 990 879 
466: 2920 1512 1193 1144 711 
467: 1740 1513 656 550 53 
468: 2700 1513 1112 563 84 
469: 1597 1514 670 88 85 
470: 1953 1520 1504 459 150 
471: 1970 1523 1306 861 203 
472: 1981 1525 1127 731 2 
473: 1967 1525 1167 498 305 
474: 1824 1528 376 370 335 
475: 2899 1531 1017 911 223 
476: 1692 1532 903 800 654 
477: 1600 1536 1296 808 62 
478: 2386 1543 809 781 289 
479: 2021 1546 1101 836 298 
480: 2754 1552 1507 858 726 
481: 2410 1555 951 809 51 
482: 1584 1560 1170 290 242 
483: 2933 1561 554 126 73 
484: 2705 1566 1354 1051 1025 
485: 2143 1569 1425 461 92 
486: 2359 1570 1122 1038 1011 
487: 2919 1572 1131 135 111 
488: 1954 1577 873 379 171 
489: 2792 1579 859 832 169 
490: 2672 1579 1254 1240 437 
491: 2039 1582 1417 1251 51 
492: 1788 1583 1562 1347 1 
493: 2278 1586 1367 696 98 
494: 2286 1602 1446 1159 137 
495: 1937 1604 1537 975 85 
496: 2149 1605 1468 205 51 
497: 2835 1607 1117 1042 549 
498: 2255 1610 981 473 378 
499: 2595 1619 971 965 110 
500: 2409 1620 1286 808 405 
501: 2989 1623 1328 1193 35 
502: 2417 1624 1362 272 24 
503: 2012 1634 986 544 41 
504: 1962 1635 1361 1006 958 
505: 2937 1642 835 834 70 
506: 1901 1642 291 264 1 
507: 1841 1646 1584 882 294 
508: 1832 1647 991 626 27 
509: 1730 1647 1498 1123 31 
510: 2868 1648 1291 951 875 
511: 2726 1655 763 105 40 
512: 1686 1657 1171 1165 830 
513: 2864 1660 1381 781 324 
514: 2047 1669 1418 907 162 
515: 2016 1673 1469 684 204 
516: 2837 1677 292 137 88 
517: 1806 1681 703 364 208 
518: 2141 1683 705 405 364 
519: 2002 1687 1352 1092 348 
520: 2413 1688 1257 1039 973 
521: 2944 1689 1430 986 353 
522: 1766 1692 1024 263 45 
523: 2855 1694 1159 669 589 
524: 2618 1702 1066 650 134 
525: 2503 1704 345 135 123 
526: 2405 1708 1165 723 230 
527: 2018 1712 1701 1034 66 
528: 2956 1713 961 777 334 
529: 2083 1714 1308 663 136 
530: 2348 1716 1414 377 73 
531: 1955 1723 893 889 873 
532: 2083 1727 1321 317 9 
533: 2568 1729 801 704 436 
534: 2878 1732 1440 1228 536 
535: 2733 1733 832 333 142 
536: 2080 1741 1570 1300 534 
537: 2633 1742 1417 250 52 
538: 2074 1748 1510 994 911 
539: 2982 1749 1078 377 307 
540: 2713 1749 908 662 603 
541: 2328 1750 1287 1240 365 
542: 2198 1753 775 644 433 
543: 2148 1754 1116 660 452 
544: 2932 1758 814 503 25 
545: 2925 1775 1540 1246 582 
546: 2351 1779 1262 1229 1010 
547: 2007 1784 894 649 255 
548: 2469 1785 1109 870 398 
549: 2836 1787 1261 811 497 
550: 2674 1797 584 467 428 
551: 2118 1797 1650 926 102 
552: 2289 1798 1206 987 699 
553: 2253 1808 689 439 219 
554: 2237 1809 976 736 483 
555: 2893 1820 930 892 399 
556: 2054 1829 894 709 153 
557: 2929 1832 1812 1780 293 
558: 2487 1833 794 303 231 
559: 2301 1833 310 265 16 
560: 2177 1834 1309 454 162 
561: 2896 1837 1652 800 192 
562: 2679 1840 299 129 73 
563: 2762 1842 1731 468 114 
564: 1900 1845 1253 807 428 
565: 2263 1848 1831 318 172 
566: 2964 1851 952 397 331 
567: 2412 1853 1214 878 877 
568: 2905 1858 101 97 21 
569: 2208 1860 1119 817 254 
570: 2716 1868 990 826 460 
571: 2654 1869 1836 827 104 
572: 1873 1872 1867 219 202 
573: 2519 1876 1437 1254 343 
574: 2690 1879 1377 1222 26 
575: 2601 1881 1739 1263 105 
576: 2768 1882 1486 739 294 
577: 2258 1890 398 247 124 
578: 2067 1894 866 846 108 
579: 2506 1897 1509 157 116 
580: 2476 1900 907 850 346 
581: 2888 1904 300 167 132 
582: 2261 1910 1909 545 15 
583: 2806 1911 1335 66 56 
584: 1983 1915 550 402 304 
585: 2121 1922 860 455 267 
586: 2240 1924 863 389 199 
587: 2008 1925 1150 864 166 
588: 2682 1931 1746 606 390 
589: 1936 1935 523 401 312 
590: 2671 1941 1309 881 880 
591: 2178 1943 1874 828 207 
592: 2814 1944 1350 320 313 
593: 2677 1947 1500 1381 1 
594: 2722 1951 1950 1027 779 
595: 2137 1951 1222 932 745 
596: 2452 1956 1955 1142 678 
597: 2417 1956 1752 1185 874 
598: 2564 1956 1080 295 35 
599: 2320 1959 1676 1019 356 
600: 2465 1961 1739 1042 789 
601: 2554 1964 1523 1392 934 
602: 1968 1967 1535 1028 197 
603: 2351 1968 1114 1047 540 
604: 2999 1969 915 614 23 
605: 2138 1971 335 306 203 
606: 2683 1972 1322 1086 588 
607: 2448 1975 884 310 296 
608: 2694 1976 1346 1258 900 
609: 2045 1982 1130 848 248 
610: 2236 1991 943 942 448 
611: 2735 1999 1998 796 86 
612: 2030 2003 2002 651 122 
613: 2138 2005 1481 96 33 
614: 2946 2008 1232 860 604 
615: 2844 2011 1136 337 86 
616: 2482 2017 2016 1139 344 
617: 2028 2027 1814 1449 818 
618: 2336 2028 1002 947 717 
619: 2855 2030 2029 1130 762 
620: 2680 2031 1036 856 87 
621: 2288 2031 1933 906 362 
622: 2812 2032 1946 660 649 
623: 2502 2032 835 658 94 
624: 2935 2037 1251 1102 297 
625: 2064 2039 1903 852 636 
626: 2131 2042 2041 692 508 
627: 2833 2049 1556 1416 801 
628: 2789 2050 980 878 352 
629: 2651 2053 1617 1616 1096 
630: 2478 2062 1506 872 790 
631: 2162 2066 1014 957 189 
632: 2144 2067 2066 1097 756 
633: 2839 2067 1600 1272 914 
634: 2607 2072 1567 1396 670 
635: 2075 2074 2021 761 662 
636: 2828 2086 2085 773 625 
637: 2596 2086 1555 1459 1194 
638: 2479 2092 1234 1063 913 
639: 2624 2093 1086 447 99 
640: 2400 2097 1214 1206 722 
641: 2567 2098 1075 227 54 
642: 2250 2102 1889 113 16 
643: 2238 2104 2103 1816 1744 
644: 2985 2105 1985 887 542 
645: 2428 2106 1001 426 142 
646: 2782 2111 1448 920 816 
647: 2542 2112 789 360 77 
648: 2172 2114 1274 1092 371 
649: 2877 2116 906 622 547 
650: 2911 2119 1698 927 524 
651: 2953 2119 928 612 58 
652: 2126 2125 2059 1564 415 
653: 2600 2128 2087 1056 1008 
654: 2342 2130 812 476 382 
655: 2787 2132 1004 1003 90 
656: 2166 2137 933 467 327 
657: 2271 2141 1598 768 298 
658: 2750 2145 1805 752 623 
659: 2537 2148 1083 949 299 
660: 2521 2149 1125 622 543 
661: 2184 2150 893 683 90 
662: 2260 2150 982 635 540 
663: 2580 2151 1963 529 90 
664: 2611 2151 1250 950 212 
665: 2890 2152 1135 987 699 
666: 2505 2154 1732 311 300 
667: 2983 2158 1348 1205 716 
668: 2686 2159 1108 1071 372 
669: 2202 2161 1578 523 146 
670: 2675 2168 1878 634 469 
671: 2531 2169 2033 922 206 
672: 2805 2175 1042 47 31 
673: 2527 2183 786 785 316 
674: 2362 2189 1658 118 75 
675: 2717 2204 1179 1152 717 
676: 2214 2209 970 424 395 
677: 2222 2211 2210 1378 349 
678: 2215 2214 1123 964 596 
679: 2801 2218 2217 1908 301 
680: 2285 2222 1620 1067 154 
681: 2233 2224 1613 1320 764 
682: 2377 2225 2207 776 363 
683: 2729 2230 1672 1122 661 
684: 2639 2234 515 175 8 
685: 2480 2239 2078 254 168 
686: 2246 2245 2110 414 125 
687: 2250 2249 1780 1742 781 
688: 2455 2251 1953 1211 872 
689: 2940 2252 925 708 553 
690: 2254 2253 1423 1310 206 
691: 2751 2255 2220 971 134 
692: 2576 2255 2254 1743 626 
693: 2606 2256 1209 757 302 
694: 2508 2265 1334 883 128 
695: 2276 2275 2091 2004 332 
696: 2321 2277 1182 493 324 
697: 2569 2282 1517 714 58 
698: 2373 2284 985 362 23 
699: 2903 2288 665 552 69 
700: 2887 2293 1519 1330 1236 
701: 2385 2294 2293 1715 740 
702: 2302 2301 2023 22 3 
703: 2432 2306 1701 517 303 
704: 2753 2310 2265 1145 533 
705: 2942 2323 1039 1000 518 
706: 2954 2325 1615 1154 31 
707: 2597 2329 1243 1081 725 
708: 2485 2334 1473 1001 689 
709: 2513 2338 2006 556 65 
710: 2615 2341 1976 885 453 
711: 2947 2357 1302 466 304 
712: 2581 2364 2363 809 323 
713: 2365 2364 2083 1526 342 
714: 2750 2369 2368 697 314 
715: 2897 2370 1455 1013 445 
716: 2375 2374 667 307 92 
717: 2907 2375 968 675 618 
718: 2654 2388 1558 1526 255 
719: 2456 2394 1020 191 118 
720: 2920 2395 1849 1848 359 
721: 2571 2398 2397 1726 967 
722: 2791 2399 2276 640 119 
723: 2818 2404 1134 783 526 
724: 2681 2406 1394 459 61 
725: 2938 2427 2426 843 707 
726: 2763 2436 1029 888 480 
727: 2703 2438 2089 771 220 
728: 2689 2443 913 233 190 
729: 2894 2445 2444 949 825 
730: 2816 2451 737 137 3 
731: 2461 2460 1284 472 387 
732: 2664 2475 1059 460 15 
733: 2949 2481 2480 1741 1376 
734: 2493 2492 1507 305 91 
735: 2803 2497 2493 1065 306 
736: 2641 2511 1138 554 378 
737: 2865 2516 747 730 124 
738: 2800 2518 1713 1393 27 
739: 2828 2541 2524 1150 576 
740: 2545 2544 1987 855 701 
741: 2737 2554 2553 1266 397 
742: 2568 2567 2436 1897 887 
743: 2972 2573 2439 1384 307 
744: 2700 2583 1480 935 37 
745: 2584 2583 2140 1003 595 
746: 2660 2585 2040 761 229 
747: 2980 2586 993 737 308 
748: 2587 2586 1422 315 82 
749: 2945 2605 1113 384 87 
750: 2613 2612 2088 955 272 
751: 2627 2626 2371 778 276 
752: 2751 2629 1629 658 333 
753: 2984 2635 1208 870 9 
754: 2648 2647 2626 233 10 
755: 2791 2647 1633 178 52 
756: 2730 2649 2648 632 309 
757: 2651 2650 693 420 54 
758: 2788 2661 1765 1269 127 
759: 2688 2687 1857 1006 125 
760: 2757 2692 1769 1625 1046 
761: 2698 2697 746 635 169 
762: 2987 2720 2719 1737 619 
763: 2727 2721 1132 511 310 
764: 2864 2725 1168 681 100 
765: 2875 2730 1518 1353 904 
766: 2731 2730 2434 1720 303 
767: 2848 2747 2746 1734 791 
768: 2912 2767 2766 1887 657 
769: 2841 2770 1824 1002 313 
770: 2885 2774 2194 1126 311 
771: 2790 2789 998 727 182 
772: 2842 2811 957 796 795 
773: 2820 2819 636 284 107 
774: 2996 2823 1004 916 357 
775: 2986 2860 1774 542 399 
776: 2863 2862 2755 682 374 
777: 2868 2867 1663 1609 528 
778: 2981 2912 2495 1190 751 
779: 2930 2929 2509 1050 594 
780: 2935 2934 2530 2337 184 
781: 2939 2938 687 513 478 
782: 2973 2972 1644 970 140 
783: 2984 2983 855 723 22 
784: 2994 2993 978 972 214 
785: 1134 673 403 250 
786: 1072 673 184 123 
787: 898 91 39 19 
788: 2100 789 174 72 
789: 1709 788 647 600 
790: 630 360 244 118 
791: 887 767 312 88 
792: 1691 403 296 149 
793: 924 794 235 82 
794: 2993 793 558 449 
795: 892 772 310 142 
796: 2137 797 772 611 
797: 1540 796 347 3 
798: 1217 97 89 48 
799: 1202 313 138 89 
800: 561 476 382 69 
801: 627 533 224 181 
802: 2467 804 314 218 
803: 930 805 192 47 
804: 1568 805 802 323 
805: 1844 804 803 195 
806: 1844 408 315 231 
807: 1481 564 316 148 
808: 1072 500 477 253 
809: 712 481 478 366 
810: 1350 443 326 165 
811: 1567 812 549 127 
812: 1283 811 654 93 
813: 1833 456 317 20 
814: 2161 815 544 90 
815: 1372 814 318 127 
816: 1864 646 458 266 
817: 1697 569 443 119 
818: 1815 617 374 319 
819: 1384 820 269 252 
820: 2076 819 178 45 
821: 1077 822 423 178 
822: 824 821 392 126 
823: 825 448 152 40 
824: 2702 825 822 76 
825: 1184 824 823 729 
826: 2368 827 570 321 
827: 2523 826 571 149 
828: 829 591 349 215 
829: 1822 828 357 7 
830: 2165 831 512 8 
831: 2838 830 406 241 
832: 1515 535 489 63 
833: 1330 834 147 91 
834: 1374 833 505 74 
835: 1488 623 505 223 
836: 837 479 421 92 
837: 1884 836 392 388 
838: 1397 320 114 92 
839: 2643 321 169 0 
840: 1616 841 429 376 
841: 1440 842 840 322 
842: 2199 843 841 179 
843: 1031 842 725 93 
844: 1074 335 77 74 
845: 1830 846 337 80 
846: 2331 845 578 53 
847: 1051 848 369 323 
848: 1898 847 609 152 
849: 2176 850 98 69 
850: 2883 851 849 580 
851: 1496 850 79 30 
852: 1416 853 625 171 
853: 1030 852 158 20 
854: 1434 438 258 161 
855: 1913 783 740 324 
856: 1892 857 620 246 
857: 2267 856 358 324 
858: 1090 859 480 99 
859: 2641 858 489 5 
860: 2676 614 585 169 
861: 1021 471 389 159 
862: 1965 863 422 93 
863: 1280 862 586 416 
864: 1926 587 385 379 
865: 1926 362 62 55 
866: 1933 578 145 94 
867: 325 145 113 8 
868: 869 359 202 104 
869: 1971 868 396 95 
870: 2617 753 548 359 
871: 2533 326 166 110 
872: 1022 688 630 327 
873: 1081 531 488 234 
874: 1835 597 141 100 
875: 1786 876 510 61 
876: 1375 875 173 32 
877: 1959 567 430 295 
878: 1960 628 567 112 
879: 2170 880 465 10 
880: 2936 879 590 381 
881: 1884 882 590 328 
882: 1709 881 507 173 
883: 694 340 329 45 
884: 933 607 375 330 
885: 886 710 172 156 
886: 2237 885 431 331 
887: 888 791 742 644 
888: 1788 889 887 726 
889: 1349 888 531 373 
890: 1542 891 332 126 
891: 2213 892 890 115 
892: 893 891 795 555 
893: 892 661 531 437 
894: 1899 556 547 91 
895: 1163 150 75 6 
896: 1542 897 164 22 
897: 1834 898 896 38 
898: 2361 899 897 787 
899: 938 898 261 83 
900: 1425 608 346 333 
901: 1333 902 419 112 
902: 1095 901 197 145 
903: 2019 476 419 405 
904: 1413 905 765 96 
905: 1122 904 179 57 
906: 1145 649 621 158 
907: 580 514 274 30 
908: 1235 540 334 159 
909: 1800 441 111 10 
910: 2065 335 236 126 
911: 1121 538 475 336 
912: 2087 409 350 182 
913: 998 728 638 337 
914: 1970 915 633 154 
915: 1754 917 914 604 
916: 2105 917 774 338 
917: 2106 916 915 97 
918: 1076 919 438 123 
919: 1880 920 918 425 
920: 1032 921 919 646 
921: 925 920 340 339 
922: 2952 923 671 94 
923: 1323 924 922 25 
924: 2108 925 923 793 
925: 982 924 921 689 
926: 1176 551 341 211 
927: 1479 650 343 342 
928: 1957 651 344 52 
929: 1945 930 221 18 
930: 2122 929 803 555 
931: 416 104 42 3 
932: 976 595 345 176 
933: 884 656 392 350 
934: 2472 935 601 216 
935: 2061 936 934 744 
936: 1232 937 935 397 
937: 1249 936 387 268 
938: 941 899 380 152 
939: 1258 941 940 353 
940: 1205 941 939 115 
941: 2144 940 939 938 
942: 610 434 346 6 
943: 2420 944 610 0 
944: 2921 945 943 98 
945: 946 944 188 163 
946: 2033 947 945 176 
947: 2146 946 618 347 
948: 949 204 201 86 
949: 948 729 659 440 
950: 1144 664 439 99 
951: 1245 952 510 481 
952: 1957 953 951 566 
953: 2153 952 348 71 
954: 2155 349 216 100 
955: 2160 956 750 39 
956: 2609 955 226 195 
957: 958 772 631 391 
958: 1338 957 504 114 
959: 2169 158 148 140 
960: 2266 78 50 21 
961: 1492 962 528 193 
962: 1470 963 961 194 
963: 1839 964 962 18 
964: 1427 965 963 678 
965: 2049 966 964 499 
966: 2798 965 381 228 
967: 2202 721 309 100 
968: 1574 717 350 50 
969: 2208 970 352 351 
970: 1423 969 782 676 
971: 2034 691 499 64 
972: 2244 973 784 390 
973: 1117 972 520 2 
974: 1621 353 212 2 
975: 1359 976 495 164 
976: 1810 975 932 554 
977: 1923 168 166 148 
978: 1256 979 784 391 
979: 1502 980 978 358 
980: 1612 979 628 30 
981: 1940 498 301 271 
982: 2259 925 662 371 
983: 1625 984 354 312 
984: 1636 983 201 9 
985: 2056 986 698 304 
986: 2285 985 521 503 
987: 1172 665 552 121 
988: 2299 355 235 103 
989: 990 450 160 43 
990: 991 989 570 465 
991: 992 990 508 38 
992: 1720 991 80 19 
993: 1926 995 747 210 
994: 2304 995 538 155 
995: 1354 994 993 412 
996: 1005 356 225 141 
997: 1234 427 315 16 
998: 999 913 771 242 
999: 1985 998 277 62 
1000: 2248 705 462 101 
1001: 1659 708 645 179 
1002: 1661 769 618 11 
1003: 1299 745 655 343 
1004: 1005 774 655 147 
1005: 1653 1004 996 223 
1006: 2339 759 504 357 
1007: 2348 1008 359 358 
1008: 1195 1007 653 394 
1009: 1890 1010 361 360 
1010: 2619 1009 546 130 
1011: 1012 486 334 144 
1012: 1672 1011 102 16 
1013: 1468 1014 715 394 
1014: 2369 1013 631 362 
1015: 1889 363 228 163 
1016: 1316 364 209 68 
1017: 1453 1019 475 381 
1018: 2380 1019 157 144 
1019: 1936 1018 1017 599 
1020: 2430 1021 719 131 
1021: 1683 1020 861 106 
1022: 1458 1023 872 415 
1023: 1691 1022 224 102 
1024: 2107 522 451 160 
1025: 2100 1027 484 33 
1026: 2430 1027 380 307 
1027: 2431 1026 1025 594 
1028: 2658 602 208 103 
1029: 1695 726 316 281 
1030: 1227 1032 853 110 
1031: 1993 1034 843 29 
1032: 2978 1035 1030 920 
1033: 1727 1035 390 241 
1034: 2858 1036 1031 527 
1035: 1541 1037 1033 1032 
1036: 1089 1038 1034 620 
1037: 2438 1038 1035 59 
1038: 2439 1037 1036 486 
1039: 2450 705 520 322 
1040: 1073 1041 365 108 
1041: 2451 1040 328 201 
1042: 672 600 497 163 
1043: 2847 1044 156 102 
1044: 2465 1045 1043 366 
1045: 2466 1044 450 104 
1046: 2469 1047 760 72 
1047: 2470 1046 603 6 
1048: 1688 1049 368 367 
1049: 2472 1052 1048 18 
1050: 2539 1053 779 369 
1051: 2000 1054 847 484 
1052: 1100 1055 1049 44 
1053: 2452 1056 1050 17 
1054: 1351 1057 1051 131 
1055: 2743 1057 1052 148 
1056: 2086 1058 1053 653 
1057: 1553 1059 1055 1054 
1058: 2352 1059 1056 130 
1059: 1651 1058 1057 732 
1060: 1858 436 396 105 
1061: 1345 1062 170 106 
1062: 2479 1061 107 79 
1063: 2480 638 189 132 
1064: 1693 1065 370 142 
1065: 2494 1064 735 46 
1066: 1171 1067 524 371 
1067: 1207 1068 1066 680 
1068: 1994 1070 1067 387 
1069: 1640 1070 129 25 
1070: 2270 1071 1069 1068 
1071: 2273 1073 1070 668 
1072: 1278 1074 808 786 
1073: 2500 1074 1071 1040 
1074: 1266 1073 1072 844 
1075: 2522 641 234 49 
1076: 2557 1077 918 372 
1077: 2558 1076 821 266 
1078: 2560 539 373 251 
1079: 1518 173 133 83 
1080: 598 244 225 83 
1081: 1694 873 707 374 
1082: 1243 1083 210 60 
1083: 2599 1082 659 111 
1084: 1490 1085 375 108 
1085: 2618 1084 17 9 
1086: 639 606 376 200 
1087: 1291 1088 155 71 
1088: 2406 1089 1087 461 
1089: 1645 1090 1088 1036 
1090: 1250 1091 1089 858 
1091: 1215 1093 1090 109 
1092: 2458 1093 648 519 
1093: 2638 1092 1091 377 
1094: 1781 1095 410 378 
1095: 2642 1094 902 212 
1096: 2552 1097 629 153 
1097: 2643 1096 632 217 
1098: 1273 1099 406 371 
1099: 2463 1101 1098 321 
1100: 2258 1101 1052 430 
1101: 2660 1100 1099 479 
1102: 1711 624 379 273 
1103: 2699 1104 429 18 
1104: 2688 1103 425 25 
1105: 2637 1106 380 19 
1106: 1218 1107 1105 20 
1107: 2272 1108 1106 259 
1108: 1387 1111 1107 668 
1109: 1588 1111 548 108 
1110: 2477 1111 116 105 
1111: 1288 1110 1109 1108 
1112: 1113 468 139 110 
1113: 2701 1112 749 111 
1114: 1321 1115 603 440 
1115: 2305 1116 1114 185 
1116: 2714 1115 543 141 
1117: 1282 1119 973 497 
1118: 1491 1120 381 183 
1119: 1290 1121 1117 569 
1120: 1141 1121 1118 139 
1121: 2717 1120 1119 911 
1122: 2728 905 683 486 
1123: 1762 678 509 250 
1124: 2175 1125 335 21 
1125: 2759 1124 660 112 
1126: 770 213 143 81 
1127: 1913 1129 472 33 
1128: 2778 1129 383 382 
1129: 1576 1130 1128 1127 
1130: 2779 1129 619 609 
1131: 2264 1132 487 384 
1132: 1791 1133 1131 763 
1133: 1326 1134 1132 385 
1134: 1135 1133 785 723 
1135: 2784 1134 665 200 
1136: 2024 1137 615 257 
1137: 1756 1136 401 265 
1138: 2805 1139 736 24 
1139: 2806 1138 616 63 
1140: 1622 1142 291 150 
1141: 1247 1143 1120 231 
1142: 2496 1146 1140 596 
1143: 2746 1146 1141 180 
1144: 1421 1147 950 466 
1145: 2264 1148 906 704 
1146: 2345 1148 1143 1142 
1147: 2152 1149 1144 43 
1148: 2344 1149 1146 1145 
1149: 2815 1148 1147 256 
1150: 1152 739 587 129 
1151: 1594 1152 426 381 
1152: 2829 1151 1150 675 
1153: 1411 1154 288 84 
1154: 2324 1155 1153 706 
1155: 2840 1156 1154 386 
1156: 1676 1157 1155 387 
1157: 1272 1156 388 132 
1158: 2102 1159 337 43 
1159: 1160 1158 523 494 
1160: 2854 1159 437 196 
1161: 1899 1162 459 98 
1162: 1890 1164 1161 113 
1163: 1960 1164 895 444 
1164: 2629 1165 1163 1162 
1165: 2862 1164 526 512 
1166: 1946 1167 454 1 
1167: 1294 1168 1166 473 
1168: 1930 1167 764 21 
1169: 2795 1172 448 88 
1170: 1260 1173 482 415 
1171: 2880 1173 1066 512 
1172: 2558 1175 1169 987 
1173: 2173 1176 1171 1170 
1174: 1930 1177 232 202 
1175: 1340 1177 1172 389 
1176: 1535 1178 1173 926 
1177: 2796 1178 1175 1174 
1178: 1768 1179 1177 1176 
1179: 1182 1178 675 390 
1180: 1656 1181 391 80 
1181: 2577 1183 1180 392 
1182: 2077 1183 1179 696 
1183: 2881 1182 1181 393 
1184: 1379 1187 825 394 
1185: 2424 1187 597 212 
1186: 2900 1187 395 118 
1187: 2901 1186 1185 1184 
1188: 1189 440 396 80 
1189: 2905 1188 397 234 
1190: 778 236 204 114 
1191: 1301 1192 239 125 
1192: 2150 1193 1191 38 
1193: 2921 1192 501 466 
1194: 2951 637 398 221 
1195: 2956 1196 1008 216 
1196: 2957 1195 399 115 
1197: 2861 1198 116 51 
1198: 2860 1199 1197 12 
1199: 1393 1198 400 262 
1200: 2898 1201 117 11 
1201: 1716 1202 1200 232 
1202: 2308 1203 1201 799 
1203: 1419 1202 417 262 
1204: 2982 1205 453 37 
1205: 2418 1204 940 667 
1206: 2060 1207 640 552 
1207: 2059 1208 1206 1067 
1208: 2985 1207 753 401 
1209: 2379 1210 693 402 
1210: 2741 1212 1209 34 
1211: 1336 1213 688 402 
1212: 1339 1215 1210 273 
1213: 1366 1216 1211 120 
1214: 2296 1217 640 567 
1215: 2292 1218 1212 1091 
1216: 2818 1221 1213 403 
1217: 2630 1225 1214 798 
1218: 1807 1225 1215 1106 
1219: 2889 1228 344 41 
1220: 2745 1229 405 404 
1221: 2429 1230 1216 58 
1222: 2770 1231 595 574 
1223: 1949 1233 436 129 
1224: 1879 1235 406 216 
1225: 2295 1237 1218 1217 
1226: 2598 1239 40 22 
1227: 2672 1245 1030 136 
1228: 2109 1249 1219 534 
1229: 1406 1252 1220 546 
1230: 2215 1259 1221 251 
1231: 1545 1261 1222 197 
1232: 2007 1264 936 614 
1233: 2180 1265 1223 407 
1234: 2609 1268 997 638 
1235: 2048 1269 1224 908 
1236: 2292 1275 700 45 
1237: 2632 1275 1225 177 
1238: 2761 1276 249 24 
1239: 1869 1277 1226 120 
1240: 2329 1279 541 490 
1241: 2383 1281 449 25 
1242: 2803 1281 408 67 
1243: 2152 1283 1082 707 
1244: 2051 1286 416 265 
1245: 2673 1287 1227 951 
1246: 2831 1289 545 409 
1247: 1764 1290 1141 23 
1248: 1295 1292 338 120 
1249: 1991 1293 1228 937 
1250: 2407 1296 1090 664 
1251: 2184 1298 624 491 
1252: 2410 1300 1229 264 
1253: 1580 1303 564 223 
1254: 1533 1311 573 490 
1255: 2303 1313 410 76 
1256: 1548 1315 978 218 
1257: 2095 1318 520 62 
1258: 2014 1319 939 608 
1259: 2817 1322 1230 411 
1260: 2416 1323 1170 177 
1261: 2766 1324 1231 549 
1262: 2667 1325 546 167 
1263: 2602 1325 575 412 
1264: 1933 1326 1232 160 
1265: 2441 1329 1233 177 
1266: 2793 1332 1074 741 
1267: 2501 1332 236 217 
1268: 1722 1334 1234 187 
1269: 2787 1335 1235 758 
1270: 2536 1337 413 153 
1271: 2222 1342 390 23 
1272: 2068 1343 1157 633 
1273: 1887 1344 1098 456 
1274: 2457 1346 648 421 
1275: 1891 1351 1237 1236 
1276: 1845 1355 1238 118 
1277: 1467 1360 1239 119 
1278: 2275 1363 1072 190 
1279: 2760 1364 1240 414 
1280: 2634 1365 863 29 
1281: 2239 1366 1242 1241 
1282: 2157 1368 1117 243 
1283: 2153 1370 1243 812 
1284: 1635 1373 731 124 
1285: 1905 1376 415 143 
1286: 2027 1378 1244 500 
1287: 2240 1386 1245 541 
1288: 2692 1388 1111 416 
1289: 2832 1391 1246 417 
1290: 1866 1395 1247 1119 
1291: 2367 1399 1087 510 
1292: 2040 1400 1248 230 
1293: 2049 1405 1387 1249 
1294: 2863 1409 1167 7 
1295: 1923 1411 1342 1248 
1296: 1456 1412 1250 477 
1297: 2101 1419 418 145 
1298: 2185 1420 1251 419 
1299: 2338 1426 1003 420 
1300: 1987 1426 1252 536 
1301: 2570 1428 1304 1191 
1302: 2358 1429 711 120 
1303: 2723 1430 1253 203 
1304: 2483 1431 1301 421 
1305: 1874 1432 422 41 
1306: 1463 1435 471 376 
1307: 2125 1438 423 51 
1308: 2084 1439 529 121 
1309: 1851 1441 590 560 
1310: 2370 1441 1395 690 
1311: 2671 1443 1254 424 
1312: 1659 1444 122 42 
1313: 2877 1445 1255 63 
1314: 2689 1446 425 403 
1315: 2732 1448 1256 68 
1316: 2638 1449 1016 426 
1317: 2939 1455 427 420 
1318: 2336 1456 1257 151 
1319: 1948 1457 1258 123 
1320: 1950 1457 681 124 
1321: 2317 1459 1114 532 
1322: 2740 1460 1259 606 
1323: 2500 1462 1260 923 
1324: 2689 1466 1261 139 
1325: 1608 1471 1263 1262 
1326: 2894 1474 1264 1133 
1327: 1940 1475 428 178 
1328: 2879 1475 501 431 
1329: 2440 1476 1265 176 
1330: 1723 1479 833 700 
1331: 2775 1488 1401 81 
1332: 2174 1489 1267 1266 
1333: 1893 1490 901 461 
1334: 2328 1499 1268 694 
1335: 2683 1500 1269 583 
1336: 1837 1501 1211 174 
1337: 2535 1501 1270 125 
1338: 1583 1503 1433 958 
1339: 2691 1504 1212 79 
1340: 1548 1506 1405 1175 
1341: 1938 1511 1461 429 
1342: 2512 1514 1295 1271 
1343: 1684 1519 1272 186 
1344: 2177 1520 1273 426 
1345: 2478 1522 1061 262 
1346: 1912 1527 1274 608 
1347: 2392 1528 492 126 
1348: 2659 1529 667 430 
1349: 2808 1533 889 442 
1350: 1945 1534 810 592 
1351: 1882 1537 1275 1054 
1352: 2223 1538 519 283 
1353: 2013 1543 765 165 
1354: 2047 1544 995 484 
1355: 2722 1544 1276 24 
1356: 2669 1545 1400 1373 
1357: 1977 1549 431 347 
1358: 2350 1554 1369 36 
1359: 2656 1557 975 215 
1360: 2825 1557 1277 432 
1361: 2372 1558 504 465 
1362: 2573 1559 502 10 
1363: 2228 1562 1278 184 
1364: 2243 1563 1279 433 
1365: 2926 1565 1280 434 
1366: 2960 1571 1281 1213 
1367: 2462 1572 493 185 
1368: 2090 1573 1282 268 
1369: 2153 1577 1358 435 
1370: 2027 1578 1283 30 
1371: 2199 1580 1385 436 
1372: 1861 1585 815 127 
1373: 2121 1586 1356 1284 
1374: 2365 1587 834 399 
1375: 1958 1588 876 375 
1376: 2122 1589 1285 733 
1377: 2168 1589 574 158 
1378: 1729 1591 1286 677 
1379: 1668 1591 1184 437 
1380: 1671 1592 240 1 
1381: 2155 1597 593 513 
1382: 2023 1598 463 151 
1383: 2068 1601 439 438 
1384: 2574 1606 819 743 
1385: 1633 1613 1551 1371 
1386: 2574 1615 1287 440 
1387: 1992 1617 1293 1108 
1388: 2242 1629 1288 128 
1389: 2698 1630 441 348 
1390: 2234 1632 1610 442 
1391: 2354 1632 1289 35 
1392: 2256 1634 601 129 
1393: 2522 1637 1199 738 
1394: 2434 1638 724 136 
1395: 1802 1640 1310 1290 
1396: 1718 1641 634 130 
1397: 1827 1646 1415 838 
1398: 2677 1649 379 44 
1399: 1655 1654 1291 191 
1400: 2188 1666 1356 1292 
1401: 2403 1667 1331 153 
1402: 1963 1668 180 131 
1403: 2061 1670 239 146 
1404: 1841 1671 358 183 
1405: 2912 1677 1340 1293 
1406: 1866 1679 1229 443 
1407: 2628 1679 1450 444 
1408: 2899 1680 452 32 
1409: 2793 1685 1294 445 
1410: 2525 1689 446 28 
1411: 2522 1698 1295 1153 
1412: 2365 1699 1296 447 
1413: 2028 1704 904 42 
1414: 1989 1710 530 132 
1415: 2516 1710 1397 95 
1416: 2856 1714 852 627 
1417: 2038 1717 537 491 
1418: 2586 1724 514 61 
1419: 2976 1724 1297 1203 
1420: 2151 1726 1298 133 
1421: 2514 1736 1529 1144 
1422: 2873 1736 1611 748 
1423: 2603 1737 970 690 
1424: 2541 1738 1458 388 
1425: 2015 1745 900 485 
1426: 1986 1747 1300 1299 
1427: 2673 1747 1614 964 
1428: 2330 1755 1301 272 
1429: 2775 1759 1302 448 
1430: 2802 1760 1303 521 
1431: 2484 1761 1304 180 
1432: 1848 1762 1305 449 
1433: 2966 1763 1338 146 
1434: 2752 1767 1725 854 
1435: 2390 1770 1306 134 
1436: 2300 1770 450 135 
1437: 2491 1771 1596 573 
1438: 2124 1773 1307 136 
1439: 2421 1773 1308 451 
1440: 2635 1774 841 534 
1441: 1850 1776 1310 1309 
1442: 1974 1779 140 137 
1443: 2933 1782 1311 452 
1444: 1978 1793 1312 210 
1445: 2442 1793 1313 226 
1446: 2178 1794 1314 494 
1447: 2433 1796 453 25 
1448: 2112 1801 1315 646 
1449: 2378 1802 1316 617 
1450: 2914 1805 1725 1407 
1451: 2190 1807 237 138 
1452: 2317 1808 139 65 
1453: 2073 1813 1017 2 
1454: 2942 1813 1547 186 
1455: 1880 1814 1317 715 
1456: 2366 1816 1318 1296 
1457: 2232 1817 1320 1319 
1458: 2542 1819 1424 1022 
1459: 2082 1820 1321 637 
1460: 2741 1825 1322 138 
1461: 2363 1834 1341 140 
1462: 2394 1835 1323 48 
1463: 2845 1838 1306 18 
1464: 1997 1842 454 213 
1465: 2129 1843 156 5 
1466: 2133 1843 1324 455 
1467: 2826 1843 1277 141 
1468: 2085 1847 1013 496 
1469: 2621 1847 1731 515 
1470: 2923 1849 962 456 
1471: 2003 1853 1325 26 
1472: 2108 1854 1674 457 
1473: 2336 1854 1662 708 
1474: 2893 1855 1326 142 
1475: 2228 1859 1328 1327 
1476: 2746 1863 1329 190 
1477: 2752 1864 1785 155 
1478: 1877 1865 458 33 
1479: 1883 1865 1330 927 
1480: 2582 1869 744 143 
1481: 2139 1870 807 613 
1482: 2682 1872 459 439 
1483: 2757 1877 70 3 
1484: 2731 1878 1827 144 
1485: 1882 1881 1700 6 
1486: 2736 1883 576 460 
1487: 2142 1883 461 27 
1488: 2029 1884 1331 835 
1489: 1889 1888 1818 1332 
1490: 2561 1892 1333 1084 
1491: 2716 1895 1118 28 
1492: 1897 1896 961 181 
1493: 1899 1898 462 228 
1494: 2319 1898 463 286 
1495: 2924 1900 1761 61 
1496: 2505 1901 851 464 
1497: 2657 1903 1902 248 
1498: 2733 1903 509 145 
1499: 2509 1907 1334 247 
1500: 2904 1910 1335 593 
1501: 2171 1912 1337 1336 
1502: 2117 1913 979 435 
1503: 1915 1914 1338 465 
1504: 2758 1916 1339 470 
1505: 2628 1918 1917 146 
1506: 2063 1918 1340 630 
1507: 2376 1921 734 480 
1508: 2075 1923 1825 29 
1509: 2010 1925 579 149 
1510: 2425 1934 538 170 
1511: 2738 1937 1778 1341 
1512: 1939 1938 466 181 
1513: 2025 1939 468 467 
1514: 2513 1939 1342 469 
1515: 1941 1940 1621 832 
1516: 2901 1943 1942 263 
1517: 2283 1945 697 146 
1518: 2729 1948 1079 765 
1519: 2358 1949 1343 700 
1520: 2646 1954 1344 470 
1521: 2762 1955 1728 339 
1522: 2393 1962 1961 1345 
1523: 2009 1965 601 471 
1524: 2400 1966 329 147 
1525: 2582 1966 473 472 
1526: 2655 1969 718 713 
1527: 2708 1975 1346 103 
1528: 2114 1977 1347 474 
1529: 2513 1979 1421 1348 
1530: 1994 1980 1979 65 
1531: 1981 1980 475 259 
1532: 1984 1983 476 162 
1533: 2710 1986 1349 1254 
1534: 1988 1987 1622 1350 
1535: 1990 1989 1176 602 
1536: 1996 1995 477 256 
1537: 2597 2001 1351 495 
1538: 2653 2001 1352 148 
1539: 2549 2009 149 31 
1540: 2924 2010 797 545 
1541: 2566 2011 1035 68 
1542: 2613 2011 896 890 
1543: 2283 2012 1353 478 
1544: 2305 2015 1355 1354 
1545: 2670 2020 1356 1231 
1546: 2382 2022 479 229 
1547: 2344 2029 1454 280 
1548: 2913 2032 1340 1256 
1549: 2098 2034 2033 1357 
1550: 2684 2035 2034 354 
1551: 2036 2035 1385 150 
1552: 2468 2037 2036 480 
1553: 2850 2044 2043 1057 
1554: 2339 2044 1358 151 
1555: 2950 2045 637 481 
1556: 2884 2050 627 29 
1557: 2685 2052 1360 1359 
1558: 2054 2053 1361 718 
1559: 2948 2055 1362 417 
1560: 2658 2058 482 12 
1561: 2825 2066 1631 483 
1562: 2069 2068 1363 492 
1563: 2849 2069 1364 42 
1564: 2071 2070 652 342 
1565: 2927 2070 1365 238 
1566: 2099 2072 484 211 
1567: 2294 2073 811 634 
1568: 2985 2074 1809 804 
1569: 2318 2076 2075 485 
1570: 2881 2079 536 486 
1571: 2961 2079 1366 137 
1572: 2783 2080 1367 487 
1573: 2280 2091 1368 422 
1574: 2720 2091 968 171 
1575: 2765 2092 171 152 
1576: 2093 2092 1129 168 
1577: 2274 2094 1369 488 
1578: 2096 2095 1370 669 
1579: 2097 2096 490 489 
1580: 2216 2104 1371 1253 
1581: 2108 2107 1974 261 
1582: 2111 2110 1929 491 
1583: 2913 2113 1338 492 
1584: 2659 2113 507 482 
1585: 2116 2115 1611 1372 
1586: 2323 2120 1373 493 
1587: 2625 2121 1374 67 
1588: 2691 2122 1375 1109 
1589: 2209 2123 1377 1376 
1590: 2553 2125 419 153 
1591: 2777 2135 1379 1378 
1592: 2840 2140 1380 364 
1593: 2162 2145 154 128 
1594: 2316 2147 2146 1151 
1595: 2271 2147 201 104 
1596: 2492 2148 1437 30 
1597: 2669 2156 1381 469 
1598: 2158 2157 1382 657 
1599: 2170 2169 256 183 
1600: 2174 2173 633 477 
1601: 2203 2174 1383 155 
1602: 2711 2177 494 156 
1603: 2529 2179 2178 394 
1604: 2236 2179 495 198 
1605: 2183 2182 496 326 
1606: 2184 2183 1630 1384 
1607: 2559 2189 2188 497 
1608: 2693 2189 1325 237 
1609: 2191 2190 1743 777 
1610: 2195 2194 1390 498 
1611: 2622 2195 1585 1422 
1612: 2239 2197 980 157 
1613: 2690 2200 1385 681 
1614: 2212 2211 1427 146 
1615: 2241 2212 1386 706 
1616: 2441 2213 840 629 
1617: 2961 2214 1387 629 
1618: 2216 2215 2000 158 
1619: 2492 2219 499 131 
1620: 2545 2221 680 500 
1621: 2612 2223 1515 974 
1622: 2497 2226 1534 1140 
1623: 2322 2229 501 53 
1624: 2418 2229 502 461 
1625: 2296 2233 983 760 
1626: 2260 2238 2237 160 
1627: 2489 2241 1654 9 
1628: 2464 2242 38 31 
1629: 2518 2243 1388 752 
1630: 2484 2245 1606 1389 
1631: 2248 2247 1561 193 
1632: 2353 2252 1391 1390 
1633: 2790 2253 1385 755 
1634: 2486 2257 1392 503 
1635: 2637 2259 1284 504 
1636: 2457 2260 984 24 
1637: 2975 2262 1393 159 
1638: 2267 2266 1753 1394 
1639: 2412 2270 1687 160 
1640: 2389 2271 1395 1069 
1641: 2530 2273 1396 463 
1642: 2903 2278 506 505 
1643: 2491 2279 2278 300 
1644: 2284 2283 1976 782 
1645: 2714 2295 2294 1089 
1646: 2517 2297 1397 507 
1647: 2616 2301 509 508 
1648: 2304 2303 1817 510 
1649: 2648 2307 2306 1398 
1650: 2471 2313 551 236 
1651: 2488 2315 2314 1059 
1652: 2968 2315 561 161 
1653: 2433 2316 1005 7 
1654: 2490 2319 1627 1399 
1655: 2322 2321 1399 511 
1656: 2576 2325 1658 1180 
1657: 2432 2328 2327 512 
1658: 2331 2330 1656 674 
1659: 2352 2333 1312 1001 
1660: 2865 2334 513 127 
1661: 2916 2335 1002 55 
1662: 2832 2337 1473 172 
1663: 2342 2341 777 174 
1664: 2344 2343 168 36 
1665: 2347 2346 2134 162 
1666: 2652 2346 1400 213 
1667: 2776 2347 1401 206 
1668: 2415 2349 1402 1379 
1669: 2355 2354 2163 514 
1670: 2831 2356 1403 239 
1671: 2466 2359 1404 1380 
1672: 2477 2360 1012 683 
1673: 2367 2366 2357 515 
1674: 2368 2367 1472 259 
1675: 2713 2376 163 32 
1676: 2396 2381 1156 599 
1677: 2382 2381 1405 516 
1678: 2385 2384 2206 164 
1679: 2390 2389 1407 1406 
1680: 2391 2390 2340 1408 
1681: 2526 2392 2391 517 
1682: 2393 2392 166 165 
1683: 2426 2395 1021 518 
1684: 2396 2395 1343 82 
1685: 2792 2397 1409 167 
1686: 2861 2409 512 4 
1687: 2959 2411 1639 519 
1688: 2859 2412 1048 520 
1689: 2943 2413 1410 521 
1690: 2976 2415 2414 28 
1691: 2464 2417 1023 792 
1692: 2633 2422 522 476 
1693: 2728 2427 1064 219 
1694: 2596 2428 1081 523 
1695: 2499 2437 1029 361 
1696: 2553 2440 2439 55 
1697: 2910 2443 2442 817 
1698: 2447 2446 1411 650 
1699: 2659 2448 2447 1412 
1700: 2460 2459 2416 1485 
1701: 2516 2459 703 527 
1702: 2619 2470 1821 524 
1703: 2578 2473 460 341 
1704: 2475 2474 1413 525 
1705: 2476 2475 170 75 
1706: 2488 2487 1798 168 
1707: 2489 2488 241 169 
1708: 2499 2498 526 345 
1709: 2500 2499 882 789 
1710: 2776 2506 1415 1414 
1711: 2678 2512 1102 191 
1712: 2636 2515 527 170 
1713: 2974 2517 738 528 
1714: 2857 2517 1416 529 
1715: 2557 2519 2518 701 
1716: 2556 2521 1201 530 
1717: 2729 2524 2523 1417 
1718: 2620 2529 1396 155 
1719: 2572 2531 172 171 
1720: 2538 2537 992 766 
1721: 2543 2542 2142 245 
1722: 2610 2543 1268 42 
1723: 2548 2547 1330 531 
1724: 2585 2547 1419 1418 
1725: 2556 2555 1450 1434 
1726: 2918 2563 1420 721 
1727: 2566 2565 1033 532 
1728: 2763 2565 1521 173 
1729: 2622 2569 1378 533 
1730: 2759 2580 2579 509 
1731: 2582 2581 1469 563 
1732: 2634 2584 666 534 
1733: 2590 2589 535 40 
1734: 2600 2599 767 46 
1735: 2670 2601 2600 45 
1736: 2621 2601 1422 1421 
1737: 2645 2602 1423 762 
1738: 2608 2607 2185 1424 
1739: 2614 2613 600 575 
1740: 2616 2615 2324 467 
1741: 2623 2622 733 536 
1742: 2951 2632 687 537 
1743: 2636 2635 1609 692 
1744: 2661 2660 1756 643 
1745: 2662 2661 1425 192 
1746: 2906 2663 2662 588 
1747: 2674 2663 1427 1426 
1748: 2975 2666 2665 538 
1749: 2671 2670 540 539 
1750: 2988 2675 2674 541 
1751: 2676 2675 1794 64 
1752: 2687 2686 597 294 
1753: 2827 2696 1638 542 
1754: 2699 2698 915 543 
1755: 2709 2708 2155 1428 
1756: 2711 2710 1744 1137 
1757: 2713 2712 174 73 
1758: 2716 2715 544 1 
1759: 2722 2721 1429 175 
1760: 2852 2724 1430 370 
1761: 2728 2727 1495 1431 
1762: 2764 2734 1432 1123 
1763: 2740 2739 1433 186 
1764: 2943 2745 1247 0 
1765: 2748 2747 758 34 
1766: 2749 2748 522 60 
1767: 2864 2753 1822 1434 
1768: 2756 2755 2254 1178 
1769: 2992 2758 760 7 
1770: 2768 2767 1436 1435 
1771: 2772 2771 1437 64 
1772: 2778 2777 2221 454 
1773: 2785 2784 1439 1438 
1774: 2828 2784 1440 775 
1775: 2787 2786 2136 545 
1776: 2789 2788 2193 1441 
1777: 2797 2796 226 76 
1778: 2804 2803 1511 74 
1779: 2807 2806 1442 546 
1780: 2811 2810 687 557 
1781: 2819 2818 2769 1094 
1782: 2821 2820 1443 176 
1783: 2831 2830 245 1 
1784: 2833 2832 2160 547 
1785: 2843 2842 1477 548 
1786: 2849 2848 1902 875 
1787: 2852 2851 549 33 
1788: 2859 2858 888 492 
1789: 2860 2859 2726 289 
1790: 2870 2869 184 177 
1791: 2871 2870 2507 1132 
1792: 2873 2872 2404 220 
1793: 2882 2876 1445 1444 
1794: 2878 2877 1751 1446 
1795: 2880 2879 2354 153 
1796: 2885 2884 2289 1447 
1797: 2890 2889 551 550 
1798: 2891 2890 1706 552 
1799: 2896 2895 2528 178 
1800: 2902 2901 2843 909 
1801: 2906 2905 2139 1448 
1802: 2910 2909 1449 1395 
1803: 2911 2910 2327 297 
1804: 2914 2913 1970 179 
1805: 2962 2915 1450 658 
1806: 2920 2919 2247 517 
1807: 2929 2928 1451 1218 
1808: 2934 2933 1452 553 
1809: 2986 2934 1568 554 
1810: 2940 2939 1981 976 
1811: 2941 2940 2773 199 
1812: 2942 2941 2380 557 
1813: 2963 2943 1454 1453 
1814: 2946 2945 1455 617 
1815: 2949 2948 2048 818 
1816: 2950 2949 1456 643 
1817: 2954 2953 1648 1457 
1818: 2959 2958 1489 30 
1819: 2960 2959 2299 1458 
1820: 2962 2961 1459 555 
1821: 2967 2966 1702 314 
1822: 2968 2967 1767 829 
1823: 2970 2969 2427 290 
1824: 2977 2976 769 474 
1825: 2978 2977 1508 1460 
1826: 2982 2981 222 37 
1827: 2987 2986 1484 1397 
1828: 2989 2988 77 12 
1829: 2998 2997 556 360 
1830: 845 275 5 
1831: 565 118 36 
1832: 557 508 211 
1833: 813 559 558 
1834: 1461 897 560 
1835: 1462 874 162 
1836: 571 180 25 
1837: 1336 561 181 
1838: 1463 205 4 
1839: 963 182 4 
1840: 562 183 34 
1841: 1404 507 273 
1842: 1464 563 445 
1843: 1467 1466 1465 
1844: 806 805 57 
1845: 1846 1276 564 
1846: 1845 185 184 
1847: 1469 1468 186 
1848: 1432 720 565 
1849: 1470 720 267 
1850: 1441 317 76 
1851: 1309 566 60 
1852: 1853 70 2 
1853: 1852 1471 567 
1854: 1473 1472 187 
1855: 1856 1474 366 
1856: 1857 1855 35 
1857: 1858 1856 759 
1858: 1857 1060 568 
1859: 1475 188 27 
1860: 569 412 189 
1861: 1862 1372 384 
1862: 1861 194 190 
1863: 1476 205 191 
1864: 1477 816 192 
1865: 1479 1478 254 
1866: 1406 1290 374 
1867: 1868 572 353 
1868: 1867 570 46 
1869: 1480 1239 571 
1870: 1871 1481 253 
1871: 1872 1870 453 
1872: 1871 1482 572 
1873: 572 413 35 
1874: 1305 591 35 
1875: 217 69 7 
1876: 573 200 193 
1877: 1483 1478 270 
1878: 1484 670 210 
1879: 1880 1224 574 
1880: 1879 1455 919 
1881: 1485 575 333 
1882: 1485 1351 576 
1883: 1487 1486 1479 
1884: 1488 881 837 
1885: 230 195 194 
1886: 1887 195 113 
1887: 1886 1273 768 
1888: 1489 207 0 
1889: 1489 1015 642 
1890: 1162 1009 577 
1891: 1275 196 12 
1892: 1490 856 2 
1893: 1333 74 10 
1894: 1895 578 0 
1895: 1896 1894 1491 
1896: 1895 1492 36 
1897: 1492 742 579 
1898: 1494 1493 848 
1899: 1493 1161 894 
1900: 1495 580 564 
1901: 1902 1496 506 
1902: 1901 1786 1497 
1903: 1498 1497 625 
1904: 1905 581 157 
1905: 1904 1285 271 
1906: 1907 197 84 
1907: 1908 1906 1499 
1908: 1907 679 198 
1909: 582 447 53 
1910: 1500 582 242 
1911: 1912 583 29 
1912: 1911 1501 1346 
1913: 1502 1127 855 
1914: 1503 265 199 
1915: 1503 584 37 
1916: 1917 1504 442 
1917: 1916 1505 72 
1918: 1919 1506 1505 
1919: 1920 1918 38 
1920: 1921 1919 72 
1921: 1920 1507 200 
1922: 585 159 14 
1923: 1508 1295 977 
1924: 1925 586 50 
1925: 1924 1509 587 
1926: 993 865 864 
1927: 1928 362 201 
1928: 1927 40 39 
1929: 1582 202 40 
1930: 1931 1174 1168 
1931: 1932 1930 588 
1932: 1931 203 160 
1933: 1264 866 621 
1934: 1510 398 299 
1935: 589 204 170 
1936: 1019 589 423 
1937: 1511 495 205 
1938: 1512 1341 152 
1939: 1514 1513 1512 
1940: 1515 1327 981 
1941: 1942 1515 590 
1942: 1941 1516 4 
1943: 1944 1516 591 
1944: 1943 592 41 
1945: 1517 1350 929 
1946: 1166 622 221 
1947: 593 260 115 
1948: 1518 1319 186 
1949: 1519 1223 421 
1950: 1320 594 55 
1951: 595 594 395 
1952: 327 110 42 
1953: 688 470 43 
1954: 1520 488 8 
1955: 1521 596 531 
1956: 598 597 596 
1957: 952 928 44 
1958: 1959 1375 264 
1959: 1958 877 599 
1960: 1961 1163 878 
1961: 1960 1522 600 
1962: 1522 504 47 
1963: 1402 663 206 
1964: 601 368 206 
1965: 1523 862 45 
1966: 1525 1524 318 
1967: 602 473 46 
1968: 1969 603 602 
1969: 1968 1526 604 
1970: 1804 914 471 
1971: 869 605 207 
1972: 1973 606 207 
1973: 1974 1972 450 
1974: 1973 1581 1442 
1975: 1527 607 255 
1976: 1644 710 608 
1977: 1528 1357 59 
1978: 1979 1444 319 
1979: 1978 1530 1529 
1980: 1531 1530 249 
1981: 1810 1531 472 
1982: 1983 609 33 
1983: 1982 1532 584 
1984: 1985 1532 434 
1985: 1984 999 644 
1986: 1533 1426 369 
1987: 1534 1300 740 
1988: 1534 332 47 
1989: 1535 1414 437 
1990: 1991 1535 206 
1991: 1990 1249 610 
1992: 1993 1387 101 
1993: 1994 1992 1031 
1994: 1993 1530 1068 
1995: 1536 311 19 
1996: 1997 1536 208 
1997: 1998 1996 1464 
1998: 1997 611 92 
1999: 2000 611 13 
2000: 1999 1618 1051 
2001: 1538 1537 273 
2002: 612 519 165 
2003: 2004 1471 612 
2004: 2005 2003 695 
2005: 2006 2004 613 
2006: 2005 709 188 
2007: 1232 547 209 
2008: 2009 614 587 
2009: 2008 1539 1523 
2010: 1540 1509 6 
2011: 1542 1541 615 
2012: 1543 503 261 
2013: 2014 1353 210 
2014: 2013 1258 346 
2015: 2016 1544 1425 
2016: 2015 616 515 
2017: 2018 616 227 
2018: 2017 527 197 
2019: 2020 903 48 
2020: 2021 2019 1545 
2021: 2020 635 479 
2022: 2023 1546 90 
2023: 2022 1382 702 
2024: 2025 1136 211 
2025: 2026 2024 1513 
2026: 2025 443 49 
2027: 1370 1286 617 
2028: 1413 618 617 
2029: 1547 1488 619 
2030: 2031 619 612 
2031: 2030 621 620 
2032: 1548 623 622 
2033: 1549 946 671 
2034: 1550 1549 971 
2035: 1551 1550 212 
2036: 1552 1551 122 
2037: 1552 624 257 
2038: 1417 269 213 
2039: 625 491 214 
2040: 1292 746 214 
2041: 626 356 229 
2042: 2043 626 21 
2043: 2042 1553 85 
2044: 2046 1554 1553 
2045: 2046 1555 609 
2046: 2610 2045 2044 
2047: 2048 1354 514 
2048: 2047 1815 1235 
2049: 1293 965 627 
2050: 2051 1556 628 
2051: 2052 2050 1244 
2052: 2051 1557 154 
2053: 1558 629 215 
2054: 1558 556 111 
2055: 2056 1559 409 
2056: 2057 2055 985 
2057: 2058 2056 3 
2058: 2059 2057 1560 
2059: 2058 1207 652 
2060: 2061 1206 17 
2061: 2060 1403 935 
2062: 630 216 54 
2063: 2064 1506 221 
2064: 2065 2063 625 
2065: 2064 910 217 
2066: 1561 632 631 
2067: 633 632 578 
2068: 1562 1383 1272 
2069: 2070 1563 1562 
2070: 2069 1565 1564 
2071: 2072 1564 107 
2072: 2071 1566 634 
2073: 1567 1453 50 
2074: 1568 635 538 
2075: 1569 1508 635 
2076: 2077 1569 820 
2077: 2078 2076 1182 
2078: 2079 2077 685 
2079: 2078 1571 1570 
2080: 2081 1572 536 
2081: 2082 2080 151 
2082: 2081 1459 44 
2083: 713 532 529 
2084: 2085 1308 218 
2085: 2084 1468 636 
2086: 1056 637 636 
2087: 912 653 51 
2088: 2089 750 219 
2089: 2088 727 298 
2090: 1368 220 114 
2091: 1574 1573 695 
2092: 1576 1575 638 
2093: 2094 1576 639 
2094: 2093 1577 221 
2095: 1578 1257 259 
2096: 1579 1578 205 
2097: 1579 640 227 
2098: 2099 1549 641 
2099: 2098 1566 194 
2100: 1025 788 418 
2101: 1297 459 222 
2102: 2103 1158 642 
2103: 2102 643 177 
2104: 1580 643 4 
2105: 916 644 223 
2106: 2107 917 645 
2107: 2106 1581 1024 
2108: 1581 1472 924 
2109: 2110 1228 365 
2110: 2109 1582 686 
2111: 1582 646 243 
2112: 2113 1448 647 
2113: 2112 1584 1583 
2114: 2115 1528 648 
2115: 2114 1585 429 
2116: 2117 1585 649 
2117: 2118 2116 1502 
2118: 2117 551 93 
2119: 651 650 224 
2120: 1586 202 52 
2121: 1587 1373 585 
2122: 1588 1376 930 
2123: 2124 1589 53 
2124: 2123 1438 109 
2125: 1590 1307 652 
2126: 2127 652 276 
2127: 2128 2126 5 
2128: 2129 2127 653 
2129: 2130 2128 1465 
2130: 2129 654 225 
2131: 2132 626 225 
2132: 2133 2131 655 
2133: 2134 2132 1466 
2134: 2133 1665 147 
2135: 2136 1591 225 
2136: 2135 1775 176 
2137: 796 656 595 
2138: 613 605 392 
2139: 1801 1481 397 
2140: 1592 745 387 
2141: 2142 657 518 
2142: 2141 1721 1487 
2143: 2144 485 174 
2144: 2143 941 632 
2145: 1593 658 380 
2146: 1594 947 54 
2147: 1595 1594 287 
2148: 1596 659 543 
2149: 660 496 38 
2150: 1192 662 661 
2151: 1420 664 663 
2152: 1243 1147 665 
2153: 1369 1283 953 
2154: 666 349 308 
2155: 1755 1381 954 
2156: 2157 1597 52 
2157: 2156 1598 1282 
2158: 2159 1598 667 
2159: 2160 2158 668 
2160: 2159 1784 955 
2161: 814 669 226 
2162: 2163 1593 631 
2163: 2164 2162 1669 
2164: 2163 402 246 
2165: 2166 830 246 
2166: 2167 2165 656 
2167: 2168 2166 227 
2168: 2167 1377 670 
2169: 1599 959 671 
2170: 2171 1599 879 
2171: 2172 2170 1501 
2172: 2173 2171 648 
2173: 2172 1600 1173 
2174: 1601 1600 1332 
2175: 2176 1124 672 
2176: 2175 849 228 
2177: 1602 1344 560 
2178: 1603 1446 591 
2179: 2180 1604 1603 
2180: 2181 2179 1233 
2181: 2182 2180 46 
2182: 2181 1605 191 
2183: 1606 1605 673 
2184: 1606 1251 661 
2185: 2186 1738 1298 
2186: 2187 2185 41 
2187: 2188 2186 229 
2188: 2187 1607 1400 
2189: 1608 1607 674 
2190: 1609 1451 455 
2191: 2192 1609 47 
2192: 2193 2191 263 
2193: 2194 2192 1776 
2194: 2193 1610 770 
2195: 2196 1611 1610 
2196: 2197 2195 168 
2197: 2198 2196 1612 
2198: 2199 2197 542 
2199: 2198 1371 842 
2200: 2201 1613 320 
2201: 2200 140 100 
2202: 2203 967 669 
2203: 2204 2202 1601 
2204: 2203 675 230 
2205: 2206 350 11 
2206: 2207 2205 1678 
2207: 2208 2206 682 
2208: 2207 969 569 
2209: 2210 1589 676 
2210: 2209 677 5 
2211: 1614 677 231 
2212: 2213 1615 1614 
2213: 2212 1616 891 
2214: 1617 678 676 
2215: 1618 1230 678 
2216: 2217 1618 1580 
2217: 2216 679 406 
2218: 2219 679 377 
2219: 2218 1619 55 
2220: 2221 691 67 
2221: 2220 1772 1620 
2222: 1271 680 677 
2223: 2224 1621 1352 
2224: 2225 2223 681 
2225: 2226 2224 682 
2226: 2227 2225 1622 
2227: 2228 2226 53 
2228: 2227 1475 1363 
2229: 2230 1624 1623 
2230: 2231 2229 683 
2231: 2232 2230 56 
2232: 2231 1457 57 
2233: 1625 681 58 
2234: 2235 1390 684 
2235: 2236 2234 235 
2236: 2235 1604 610 
2237: 1626 886 554 
2238: 1626 643 148 
2239: 1612 1281 685 
2240: 1287 586 352 
2241: 2242 1627 1615 
2242: 2241 1628 1388 
2243: 1629 1364 1 
2244: 972 232 99 
2245: 1630 686 59 
2246: 2247 686 123 
2247: 2246 1806 1631 
2248: 2249 1631 1000 
2249: 2248 687 231 
2250: 2251 687 642 
2251: 2252 2250 688 
2252: 2251 1632 689 
2253: 1633 690 553 
2254: 1768 692 690 
2255: 692 691 498 
2256: 1392 693 323 
2257: 2258 1634 60 
2258: 2257 1100 577 
2259: 1635 982 279 
2260: 1636 1626 662 
2261: 2262 582 9 
2262: 2263 2261 1637 
2263: 2262 565 12 
2264: 1145 1131 383 
2265: 2266 704 694 
2266: 2265 1638 960 
2267: 2268 1638 857 
2268: 2269 2267 233 
2269: 2270 2268 425 
2270: 2269 1639 1070 
2271: 1640 1595 657 
2272: 1107 209 180 
2273: 2274 1641 1071 
2274: 2275 2273 1577 
2275: 2274 1278 695 
2276: 2277 722 695 
2277: 2276 696 139 
2278: 1643 1642 493 
2279: 2280 1643 220 
2280: 2281 2279 1573 
2281: 2282 2280 61 
2282: 2281 697 240 
2283: 1644 1543 1517 
2284: 1644 698 50 
2285: 2286 986 680 
2286: 2287 2285 494 
2287: 2288 2286 367 
2288: 2287 699 621 
2289: 2290 1796 552 
2290: 2291 2289 62 
2291: 2292 2290 234 
2292: 2291 1236 1215 
2293: 701 700 6 
2294: 1645 1567 701 
2295: 1645 1225 106 
2296: 2297 1625 1214 
2297: 2298 2296 1646 
2298: 2299 2297 63 
2299: 2298 1819 988 
2300: 1436 235 214 
2301: 1647 702 559 
2302: 702 410 389 
2303: 1648 1255 247 
2304: 1648 994 270 
2305: 2306 1544 1115 
2306: 2305 1649 703 
2307: 2308 1649 26 
2308: 2309 2307 1202 
2309: 2310 2308 63 
2310: 2311 2309 704 
2311: 2312 2310 64 
2312: 2311 355 236 
2313: 2314 1650 163 
2314: 2313 1651 237 
2315: 1652 1651 39 
2316: 1653 1594 161 
2317: 2318 1452 1321 
2318: 2317 1569 427 
2319: 2320 1654 1494 
2320: 2321 2319 599 
2321: 2320 1655 696 
2322: 1655 1623 462 
2323: 2324 1586 705 
2324: 2323 1740 1154 
2325: 2326 1656 706 
2326: 2327 2325 0 
2327: 2326 1803 1657 
2328: 1657 1334 541 
2329: 1240 707 125 
2330: 1658 1428 31 
2331: 2332 1658 846 
2332: 2333 2331 132 
2333: 2332 1659 302 
2334: 2335 1660 708 
2335: 2334 1661 65 
2336: 1473 1318 618 
2337: 2338 1662 780 
2338: 2337 1299 709 
2339: 2340 1554 1006 
2340: 2341 2339 1680 
2341: 2340 1663 710 
2342: 2343 1663 654 
2343: 2342 1664 238 
2344: 1664 1547 1148 
2345: 2346 1146 407 
2346: 2345 1666 1665 
2347: 2348 1667 1665 
2348: 2347 1007 530 
2349: 1668 266 67 
2350: 2351 1358 266 
2351: 2350 603 546 
2352: 2353 1659 1058 
2353: 2352 1632 196 
2354: 1795 1669 1391 
2355: 2356 1669 233 
2356: 2355 1670 66 
2357: 1673 711 239 
2358: 1519 1302 240 
2359: 1671 486 351 
2360: 2361 1672 240 
2361: 2362 2360 898 
2362: 2361 674 183 
2363: 1461 712 75 
2364: 713 712 57 
2365: 1412 1374 713 
2366: 1673 1456 45 
2367: 1674 1673 1291 
2368: 1674 826 714 
2369: 1014 714 241 
2370: 1310 715 242 
2371: 2372 751 243 
2372: 2373 2371 1361 
2373: 2374 2372 698 
2374: 2373 716 56 
2375: 717 716 396 
2376: 1675 1507 67 
2377: 682 441 68 
2378: 2379 1449 244 
2379: 2380 2378 1209 
2380: 2379 1812 1018 
2381: 1677 1676 15 
2382: 1677 1546 245 
2383: 2384 1241 245 
2384: 2383 1678 69 
2385: 2386 1678 701 
2386: 2387 2385 478 
2387: 2388 2386 363 
2388: 2389 2387 718 
2389: 2388 1679 1640 
2390: 1680 1679 1435 
2391: 1681 1680 258 
2392: 1682 1681 1347 
2393: 2394 1682 1522 
2394: 2393 1462 719 
2395: 1684 1683 720 
2396: 2397 1684 1676 
2397: 2396 1685 721 
2398: 2399 721 119 
2399: 2398 722 70 
2400: 2401 1524 640 
2401: 2402 2400 71 
2402: 2403 2401 201 
2403: 2404 2402 1401 
2404: 2403 1792 723 
2405: 2406 526 224 
2406: 2405 1088 724 
2407: 2408 1250 246 
2408: 2409 2407 87 
2409: 2408 1686 500 
2410: 2411 1252 481 
2411: 2410 1687 78 
2412: 1688 1639 567 
2413: 2414 1689 520 
2414: 2413 1690 75 
2415: 2416 1690 1668 
2416: 2415 1700 1260 
2417: 1691 597 502 
2418: 1624 1205 72 
2419: 2420 430 72 
2420: 2421 2419 943 
2421: 2420 1439 465 
2422: 2423 1692 23 
2423: 2422 244 212 
2424: 2425 1185 251 
2425: 2426 2424 1510 
2426: 2425 1683 725 
2427: 1823 1693 725 
2428: 1694 645 73 
2429: 2430 1221 73 
2430: 2429 1026 1020 
2431: 2432 1027 167 
2432: 2431 1657 703 
2433: 2434 1653 1447 
2434: 2433 1394 766 
2435: 2436 136 76 
2436: 2435 742 726 
2437: 2438 1695 34 
2438: 2437 1037 727 
2439: 1696 1038 743 
2440: 1696 1329 330 
2441: 2442 1616 1265 
2442: 2441 1697 1445 
2443: 2444 1697 728 
2444: 2443 729 385 
2445: 2446 729 149 
2446: 2445 1698 171 
2447: 1699 1698 13 
2448: 2449 1699 607 
2449: 2450 2448 117 
2450: 2449 1039 285 
2451: 1041 730 179 
2452: 2453 1053 596 
2453: 2454 2452 74 
2454: 2455 2453 325 
2455: 2456 2454 688 
2456: 2457 2455 719 
2457: 2456 1636 1274 
2458: 2459 1092 444 
2459: 2458 1701 1700 
2460: 1700 731 7 
2461: 2462 731 20 
2462: 2461 1367 79 
2463: 1099 247 185 
2464: 1691 1628 247 
2465: 1044 600 236 
2466: 2467 1671 1045 
2467: 2468 2466 802 
2468: 2469 2467 1552 
2469: 2468 1046 548 
2470: 2471 1702 1047 
2471: 2472 2470 1650 
2472: 2471 1049 934 
2473: 2474 1703 173 
2474: 2473 1704 248 
2475: 1705 1704 732 
2476: 1705 580 436 
2477: 2478 1672 1110 
2478: 2477 1345 630 
2479: 1062 638 248 
2480: 1063 733 685 
2481: 2482 733 267 
2482: 2483 2481 616 
2483: 2482 1304 74 
2484: 2485 1630 1431 
2485: 2486 2484 708 
2486: 2487 2485 1634 
2487: 2486 1706 558 
2488: 1707 1706 1651 
2489: 1707 1627 40 
2490: 2491 1654 75 
2491: 2490 1643 1437 
2492: 1619 1596 734 
2493: 735 734 411 
2494: 2495 1065 222 
2495: 2496 2494 778 
2496: 2495 1142 382 
2497: 2498 1622 735 
2498: 2497 1708 292 
2499: 1709 1708 1695 
2500: 1709 1323 1073 
2501: 2502 1267 121 
2502: 2503 2501 623 
2503: 2504 2502 525 
2504: 2505 2503 249 
2505: 2504 1496 666 
2506: 2507 1710 579 
2507: 2508 2506 1791 
2508: 2507 694 208 
2509: 2510 1499 779 
2510: 2511 2509 237 
2511: 2512 2510 736 
2512: 2511 1711 1342 
2513: 1529 1514 709 
2514: 2515 1421 250 
2515: 2514 1712 238 
2516: 1701 1415 737 
2517: 1714 1713 1646 
2518: 1715 1629 738 
2519: 2520 1715 573 
2520: 2519 245 76 
2521: 1716 660 76 
2522: 1411 1393 1075 
2523: 1717 827 234 
2524: 2525 1717 739 
2525: 2524 1410 126 
2526: 2527 1681 446 
2527: 2528 2526 673 
2528: 2529 2527 1799 
2529: 2528 1718 1603 
2530: 2531 1641 780 
2531: 2530 1719 671 
2532: 2533 172 120 
2533: 2534 2532 871 
2534: 2535 2533 84 
2535: 2534 1337 239 
2536: 2537 1270 251 
2537: 2536 1720 659 
2538: 2539 1720 293 
2539: 2540 2538 1050 
2540: 2539 252 8 
2541: 1424 739 252 
2542: 1721 1458 647 
2543: 2544 1722 1721 
2544: 2543 740 253 
2545: 2546 1620 740 
2546: 2547 2545 9 
2547: 2546 1724 1723 
2548: 2549 1723 59 
2549: 2550 2548 1539 
2550: 2551 2549 282 
2551: 2552 2550 64 
2552: 2551 1096 393 
2553: 1696 1590 741 
2554: 2555 741 601 
2555: 2554 1725 67 
2556: 2557 1725 1716 
2557: 2556 1715 1076 
2558: 2559 1172 1077 
2559: 2560 2558 1607 
2560: 2559 1078 268 
2561: 2562 1490 251 
2562: 2563 2561 221 
2563: 2562 1726 408 
2564: 2565 598 192 
2565: 2564 1728 1727 
2566: 2567 1727 1541 
2567: 2566 742 641 
2568: 742 533 359 
2569: 2570 1729 697 
2570: 2571 2569 1301 
2571: 2572 2570 721 
2572: 2573 2571 1719 
2573: 2572 1362 743 
2574: 2575 1386 1384 
2575: 2576 2574 112 
2576: 2575 1656 692 
2577: 2578 1181 9 
2578: 2579 2577 1703 
2579: 2578 1730 66 
2580: 2581 1730 663 
2581: 2580 1731 712 
2582: 1731 1525 1480 
2583: 745 744 254 
2584: 2585 1732 745 
2585: 2584 1724 746 
2586: 1418 748 747 
2587: 2588 748 199 
2588: 2589 2587 142 
2589: 2588 1733 253 
2590: 2591 1733 211 
2591: 2592 2590 378 
2592: 2593 2591 3 
2593: 2594 2592 182 
2594: 2595 2593 336 
2595: 2596 2594 499 
2596: 2595 1694 637 
2597: 2598 1537 707 
2598: 2597 1226 60 
2599: 1734 1083 11 
2600: 1735 1734 653 
2601: 1736 1735 575 
2602: 1737 1263 218 
2603: 2604 1423 133 
2604: 2603 255 178 
2605: 2606 749 255 
2606: 2607 2605 693 
2607: 2606 1738 634 
2608: 2609 1738 256 
2609: 2608 1234 956 
2610: 2611 2046 1722 
2611: 2612 2610 664 
2612: 2611 1621 750 
2613: 1739 1542 750 
2614: 2615 1739 55 
2615: 2614 1740 710 
2616: 2617 1740 1647 
2617: 2616 870 257 
2618: 1085 524 226 
2619: 2620 1702 1010 
2620: 2621 2619 1718 
2621: 2620 1736 1469 
2622: 1741 1729 1611 
2623: 2624 1741 264 
2624: 2623 639 4 
2625: 2626 1587 200 
2626: 2625 754 751 
2627: 2628 751 8 
2628: 2627 1505 1407 
2629: 2630 1164 752 
2630: 2631 2629 1217 
2631: 2632 2630 96 
2632: 2631 1742 1237 
2633: 2634 1692 537 
2634: 2633 1732 1280 
2635: 1743 1440 753 
2636: 2637 1743 1712 
2637: 2636 1635 1105 
2638: 2639 1316 1093 
2639: 2640 2638 684 
2640: 2641 2639 258 
2641: 2640 859 736 
2642: 1095 217 141 
2643: 2644 1097 839 
2644: 2645 2643 415 
2645: 2646 2644 1737 
2646: 2647 2645 1520 
2647: 2646 755 754 
2648: 1649 756 754 
2649: 2650 756 187 
2650: 2649 757 193 
2651: 757 629 306 
2652: 2653 1666 203 
2653: 2654 2652 1538 
2654: 2653 718 571 
2655: 2656 1526 257 
2656: 2655 1359 259 
2657: 2658 1497 259 
2658: 2657 1560 1028 
2659: 1699 1584 1348 
2660: 1744 1101 746 
2661: 1745 1744 758 
2662: 1746 1745 431 
2663: 2664 1747 1746 
2664: 2665 2663 732 
2665: 2664 1748 229 
2666: 1748 260 77 
2667: 2668 1262 260 
2668: 2669 2667 458 
2669: 2668 1597 1356 
2670: 1749 1735 1545 
2671: 1749 1311 590 
2672: 1227 490 129 
2673: 1427 1245 130 
2674: 1750 1747 550 
2675: 1751 1750 670 
2676: 2677 1751 860 
2677: 2676 1398 593 
2678: 2679 1711 62 
2679: 2680 2678 562 
2680: 2681 2679 620 
2681: 2680 724 36 
2682: 1482 588 261 
2683: 2684 1335 606 
2684: 2685 2683 1550 
2685: 2686 2684 1557 
2686: 2685 1752 668 
2687: 1752 759 2 
2688: 1104 759 262 
2689: 1324 1314 728 
2690: 2691 1613 574 
2691: 2690 1588 1339 
2692: 1288 760 263 
2693: 2694 1608 263 
2694: 2695 2693 608 
2695: 2696 2694 71 
2696: 2697 2695 1753 
2697: 2696 761 232 
2698: 1754 1389 761 
2699: 2700 1754 1103 
2700: 2699 744 468 
2701: 2702 1113 78 
2702: 2703 2701 824 
2703: 2704 2702 727 
2704: 2705 2703 83 
2705: 2706 2704 484 
2706: 2707 2705 264 
2707: 2708 2706 265 
2708: 2707 1755 1527 
2709: 2710 1755 266 
2710: 2709 1756 1533 
2711: 2712 1756 1602 
2712: 2711 1757 144 
2713: 1757 1675 540 
2714: 2715 1645 1116 
2715: 2714 1758 210 
2716: 1758 1491 570 
2717: 2718 1121 675 
2718: 2719 2717 456 
2719: 2718 762 48 
2720: 2721 1574 762 
2721: 2720 1759 763 
2722: 1759 1355 594 
2723: 1303 252 249 
2724: 2725 1760 414 
2725: 2726 2724 764 
2726: 2725 1789 511 
2727: 1761 763 89 
2728: 1761 1693 1122 
2729: 1717 1518 683 
2730: 766 765 756 
2731: 1484 766 97 
2732: 2733 1315 391 
2733: 2732 1498 535 
2734: 2735 1762 169 
2735: 2736 2734 611 
2736: 2737 2735 1486 
2737: 2738 2736 741 
2738: 2739 2737 1511 
2739: 2738 1763 258 
2740: 1763 1322 135 
2741: 2742 1460 1210 
2742: 2743 2741 260 
2743: 2742 1055 267 
2744: 2745 267 65 
2745: 2744 1764 1220 
2746: 1476 1143 767 
2747: 1765 767 6 
2748: 1766 1765 331 
2749: 2750 1766 79 
2750: 2749 714 658 
2751: 2752 752 691 
2752: 2751 1477 1434 
2753: 2754 1767 704 
2754: 2755 2753 480 
2755: 2754 1768 776 
2756: 2757 1768 79 
2757: 2756 1483 760 
2758: 1769 1504 268 
2759: 1730 1125 268 
2760: 2761 1279 10 
2761: 2762 2760 1238 
2762: 2761 1521 563 
2763: 2764 1728 726 
2764: 2765 2763 1762 
2765: 2766 2764 1575 
2766: 2765 1261 768 
2767: 1770 768 451 
2768: 2769 1770 576 
2769: 2770 2768 1781 
2770: 2769 1222 769 
2771: 1771 313 190 
2772: 2773 1771 213 
2773: 2772 1811 81 
2774: 770 448 7 
2775: 1429 1331 240 
2776: 2777 1710 1667 
2777: 2776 1772 1591 
2778: 1772 1128 75 
2779: 2780 1130 269 
2780: 2781 2779 175 
2781: 2782 2780 270 
2782: 2783 2781 646 
2783: 2782 1572 70 
2784: 1774 1773 1135 
2785: 2786 1773 227 
2786: 2785 1775 235 
2787: 1775 1269 655 
2788: 1776 758 69 
2789: 1776 771 628 
2790: 1633 771 80 
2791: 2792 755 722 
2792: 2791 1685 489 
2793: 1409 1266 271 
2794: 2795 271 11 
2795: 2794 1169 270 
2796: 1777 1177 189 
2797: 2798 1777 274 
2798: 2799 2797 966 
2799: 2798 265 230 
2800: 2801 738 401 
2801: 2802 2800 679 
2802: 2801 1430 449 
2803: 1778 1242 735 
2804: 2805 1778 51 
2805: 2804 1138 672 
2806: 1779 1139 583 
2807: 1779 272 246 
2808: 1349 273 272 
2809: 2810 273 215 
2810: 2809 1780 269 
2811: 2812 1780 772 
2812: 2813 2811 622 
2813: 2814 2812 228 
2814: 2815 2813 592 
2815: 2814 1149 10 
2816: 2817 730 256 
2817: 2816 1259 271 
2818: 1781 1216 723 
2819: 1781 773 143 
2820: 1782 773 13 
2821: 2822 1782 305 
2822: 2823 2821 0 
2823: 2824 2822 774 
2824: 2825 2823 81 
2825: 2824 1561 1360 
2826: 2827 1467 424 
2827: 2826 1753 225 
2828: 1774 739 636 
2829: 2830 1152 373 
2830: 2829 1783 124 
2831: 1783 1670 1246 
2832: 1784 1662 1289 
2833: 2834 1784 627 
2834: 2835 2833 254 
2835: 2834 497 82 
2836: 2837 549 416 
2837: 2838 2836 516 
2838: 2839 2837 831 
2839: 2840 2838 633 
2840: 2839 1592 1155 
2841: 2842 769 372 
2842: 2841 1785 772 
2843: 2844 1800 1785 
2844: 2845 2843 615 
2845: 2846 2844 1463 
2846: 2847 2845 77 
2847: 2848 2846 1043 
2848: 2847 1786 767 
2849: 1786 1563 262 
2850: 2851 1553 42 
2851: 2850 1787 78 
2852: 2853 1787 1760 
2853: 2854 2852 207 
2854: 2853 1160 405 
2855: 2856 619 523 
2856: 2855 1416 464 
2857: 2858 1714 156 
2858: 2857 1788 1034 
2859: 1789 1788 1688 
2860: 1789 1198 775 
2861: 1686 1197 268 
2862: 1165 776 37 
2863: 1294 776 261 
2864: 1767 764 513 
2865: 2866 1660 737 
2866: 2867 2865 83 
2867: 2866 777 116 
2868: 2869 777 510 
2869: 2868 1790 181 
2870: 1791 1790 274 
2871: 2872 1791 278 
2872: 2871 1792 272 
2873: 2874 1792 1422 
2874: 2875 2873 276 
2875: 2876 2874 765 
2876: 2875 1793 82 
2877: 1794 1313 649 
2878: 2879 1794 534 
2879: 2878 1795 1328 
2880: 1795 1171 49 
2881: 2882 1570 1183 
2882: 2883 2881 1793 
2883: 2884 2882 850 
2884: 2883 1796 1556 
2885: 2886 1796 770 
2886: 2887 2885 274 
2887: 2888 2886 700 
2888: 2887 581 275 
2889: 1797 1219 275 
2890: 1798 1797 665 
2891: 2892 1798 166 
2892: 2893 2891 400 
2893: 2892 1474 555 
2894: 2895 1326 729 
2895: 2894 1799 145 
2896: 2897 1799 561 
2897: 2898 2896 715 
2898: 2899 2897 1200 
2899: 2898 1408 475 
2900: 1186 32 22 
2901: 1800 1516 1187 
2902: 1800 438 264 
2903: 2904 1642 699 
2904: 2903 1500 440 
2905: 1801 1189 568 
2906: 2907 1801 1746 
2907: 2908 2906 717 
2908: 2909 2907 198 
2909: 2908 1802 84 
2910: 1803 1802 1697 
2911: 1803 650 204 
2912: 1405 778 768 
2913: 1804 1583 1548 
2914: 1804 1450 84 
2915: 2916 1805 216 
2916: 2917 2915 1661 
2917: 2918 2916 457 
2918: 2919 2917 1726 
2919: 2918 1806 487 
2920: 1806 720 466 
2921: 2922 1193 944 
2922: 2923 2921 134 
2923: 2924 2922 1470 
2924: 2923 1540 1495 
2925: 2926 545 404 
2926: 2925 1365 241 
2927: 2928 1565 219 
2928: 2927 1807 242 
2929: 1807 779 557 
2930: 2931 779 54 
2931: 2932 2930 428 
2932: 2931 544 452 
2933: 1808 1443 483 
2934: 1809 1808 780 
2935: 780 624 12 
2936: 2937 880 12 
2937: 2938 2936 505 
2938: 2937 781 725 
2939: 1810 1317 781 
2940: 1811 1810 689 
2941: 1812 1811 433 
2942: 1812 1454 705 
2943: 1813 1764 1689 
2944: 2945 521 61 
2945: 2944 1814 749 
2946: 2947 1814 614 
2947: 2948 2946 711 
2948: 2947 1815 1559 
2949: 1816 1815 733 
2950: 1816 1555 357 
2951: 2952 1742 1194 
2952: 2953 2951 922 
2953: 2952 1817 651 
2954: 2955 1817 706 
2955: 2956 2954 13 
2956: 2955 1195 528 
2957: 2958 1196 275 
2958: 2957 1818 58 
2959: 1819 1818 1687 
2960: 1819 1366 223 
2961: 1820 1617 1571 
2962: 2963 1820 1805 
2963: 2964 2962 1813 
2964: 2965 2963 566 
2965: 2966 2964 43 
2966: 2965 1821 1433 
2967: 1822 1821 164 
2968: 2969 1822 1652 
2969: 2968 1823 83 
2970: 2971 1823 184 
2971: 2972 2970 68 
2972: 2971 782 743 
2973: 2974 782 266 
2974: 2975 2973 1713 
2975: 2974 1748 1637 
2976: 1824 1690 1419 
2977: 1825 1824 35 
2978: 2979 1825 1032 
2979: 2978 340 243 
2980: 2981 747 386 
2981: 2980 1826 778 
2982: 1826 1204 539 
2983: 783 667 158 
2984: 783 753 81 
2985: 1568 1208 644 
2986: 1827 1809 775 
2987: 1827 762 276 
2988: 1828 1750 276 
2989: 2990 1828 501 
2990: 2991 2989 80 
2991: 2992 2990 13 
2992: 2993 2991 1769 
2993: 2992 794 784 
2994: 2995 784 432 
2995: 2996 2994 150 
2996: 2997 2995 774 
2997: 2996 1829 11 
2998: 2999 1829 263 
2999: 2998 604 250 
