1000
0: 782 770 747 353 294 282 189 79 8 
1: 914 910 887 800 740 713 404 70 6 
2: 983 626 314 259 218 187 107 83 
3: 723 676 660 295 250 117 59 33 
4: 987 677 676 657 586 367 332 185 
5: 709 686 478 455 337 326 239 208 
6: 988 806 607 567 436 158 157 1 
7: 901 863 771 681 680 394 363 112 
8: 955 912 317 109 100 37 11 0 
9: 673 449 278 252 246 141 21 
10: 915 476 262 111 103 37 18 
11: 699 485 278 269 124 21 8 
12: 635 592 548 381 67 21 13 
13: 719 598 558 435 199 54 12 
14: 830 610 470 313 197 174 82 
15: 754 628 340 321 273 175 137 
16: 721 641 377 323 306 115 23 
17: 865 644 617 499 159 94 74 
18: 852 644 455 393 263 173 10 
19: 860 650 615 604 352 164 32 
20: 700 668 442 423 395 63 44 
21: 814 674 452 445 12 11 9 
22: 799 716 692 338 168 151 140 
23: 726 725 707 482 123 106 16 
24: 787 736 459 385 268 248 106 
25: 866 743 428 356 245 243 163 
26: 875 745 414 323 204 136 126 
27: 991 843 588 539 287 128 95 
28: 981 844 773 727 233 112 89 
29: 929 846 290 256 102 73 72 
30: 855 854 387 209 111 104 81 
31: 986 923 340 275 129 125 76 
32: 980 930 640 148 121 34 19 
33: 477 206 78 65 49 3 
34: 551 249 215 162 74 32 
35: 631 267 191 139 53 40 
36: 388 274 272 197 96 93 
37: 448 312 160 140 10 8 
38: 377 357 348 309 290 136 
39: 668 358 341 163 144 72 
40: 689 378 193 116 100 35 
41: 802 384 344 231 134 94 
42: 918 444 142 86 74 71 
43: 791 458 342 307 303 273 
44: 511 459 446 410 211 20 
45: 496 467 395 272 214 52 
46: 976 480 457 153 122 48 
47: 934 495 328 313 224 145 
48: 779 496 270 241 219 46 
49: 635 503 414 244 230 33 
50: 731 504 391 295 292 71 
51: 913 505 418 345 154 146 
52: 697 522 411 367 320 45 
53: 682 553 547 403 117 35 
54: 739 567 433 366 273 13 
55: 644 579 390 292 161 60 
56: 911 591 430 143 101 100 
57: 796 605 329 268 249 113 
58: 979 605 419 350 132 61 
59: 957 609 454 396 239 3 
60: 822 612 569 318 219 55 
61: 839 616 512 354 292 58 
62: 627 616 566 435 374 84 
63: 892 618 296 195 102 20 
64: 630 627 318 315 300 217 
65: 694 634 549 487 384 33 
66: 961 638 613 352 350 109 
67: 982 642 611 489 415 12 
68: 690 651 171 169 108 95 
69: 701 652 563 416 280 192 
70: 834 652 174 133 126 1 
71: 730 659 133 121 50 42 
72: 904 671 326 308 39 29 
73: 871 680 501 168 94 29 
74: 944 682 110 42 34 17 
75: 686 685 507 322 150 119 
76: 970 689 422 413 105 31 
77: 749 694 693 685 421 149 
78: 751 695 568 402 178 33 
79: 858 698 661 325 278 0 
80: 762 700 371 369 300 289 
81: 862 704 238 183 108 30 
82: 757 718 589 241 237 14 
83: 737 724 723 625 415 2 
84: 784 724 293 135 115 62 
85: 921 730 492 135 116 101 
86: 783 739 531 466 441 42 
87: 759 758 562 557 349 103 
88: 799 759 691 293 255 158 
89: 917 763 666 640 124 28 
90: 784 769 766 546 235 221 
91: 773 772 536 503 426 126 
92: 903 784 717 387 142 104 
93: 984 786 480 408 101 36 
94: 837 794 380 73 41 17 
95: 919 808 680 381 68 27 
96: 909 825 661 441 157 36 
97: 867 841 619 298 130 112 
98: 913 864 856 401 368 270 
99: 906 880 820 382 227 134 
100: 655 110 56 40 8 
101: 518 121 93 85 56 
102: 933 142 132 63 29 
103: 192 160 147 87 10 
104: 311 164 113 92 30 
105: 324 166 152 131 76 
106: 623 185 173 24 23 
107: 516 191 166 165 2 
108: 275 209 166 81 68 
109: 300 231 181 66 8 
110: 251 240 179 100 74 
111: 511 252 149 30 10 
112: 772 253 97 28 7 
113: 707 253 143 104 57 
114: 439 254 217 205 152 
115: 262 257 189 84 16 
116: 407 258 243 85 40 
117: 299 271 270 53 3 
118: 564 276 210 181 125 
119: 490 284 275 125 75 
120: 286 285 259 213 157 
121: 816 291 101 71 32 
122: 301 294 132 127 46 
123: 954 296 180 170 23 
124: 583 304 302 89 11 
125: 684 315 119 118 31 
126: 823 319 91 70 26 
127: 472 330 172 153 122 
128: 848 332 258 177 27 
129: 836 342 294 293 31 
130: 647 343 302 189 97 
131: 524 351 226 168 105 
132: 604 351 122 102 58 
133: 835 354 283 71 70 
134: 819 359 151 99 41 
135: 715 375 284 85 84 
136: 429 390 249 38 26 
137: 535 398 291 260 15 
138: 662 419 271 217 155 
139: 530 430 416 368 35 
140: 868 431 247 37 22 
141: 708 434 279 204 9 
142: 532 440 102 92 42 
143: 573 456 279 113 56 
144: 896 462 271 207 39 
145: 885 464 421 246 47 
146: 621 465 369 260 51 
147: 812 469 429 192 103 
148: 639 473 341 245 32 
149: 914 474 334 111 77 
150: 972 475 364 255 75 
151: 963 484 425 134 22 
152: 487 486 334 114 105 
153: 515 498 331 127 46 
154: 618 510 378 253 51 
155: 935 510 336 264 138 
156: 744 512 463 462 284 
157: 608 517 120 96 6 
158: 800 520 191 88 6 
159: 693 525 362 223 17 
160: 817 533 317 103 37 
161: 867 537 420 397 55 
162: 606 540 506 190 34 
163: 824 542 382 39 25 
164: 877 548 359 104 19 
165: 573 559 357 310 107 
166: 822 571 108 107 105 
167: 710 572 424 255 254 
168: 827 576 131 73 22 
169: 601 578 288 257 68 
170: 971 579 348 277 123 
171: 629 580 389 376 68 
172: 976 583 305 188 127 
173: 956 589 264 106 18 
174: 969 590 279 70 14 
175: 634 600 340 339 15 
176: 878 601 528 417 346 
177: 607 606 460 311 128 
178: 878 607 557 464 78 
179: 626 608 370 349 110 
180: 798 610 486 404 123 
181: 819 612 261 118 109 
182: 805 613 609 347 277 
183: 728 618 282 281 81 
184: 953 619 603 254 236 
185: 722 622 587 106 4 
186: 985 622 453 383 256 
187: 943 624 623 362 2 
188: 626 625 600 276 172 
189: 872 628 130 115 0 
190: 811 635 365 261 162 
191: 764 636 158 107 35 
192: 711 643 147 103 69 
193: 751 645 295 286 40 
194: 650 649 337 274 235 
195: 653 652 312 223 63 
196: 842 654 653 648 599 
197: 669 657 322 36 14 
198: 948 658 657 258 225 
199: 793 665 364 314 13 
200: 698 665 491 277 232 
201: 670 669 319 313 303 
202: 937 672 671 266 224 
203: 894 673 447 304 263 
204: 744 675 234 141 26 
205: 840 689 533 222 114 
206: 691 690 483 328 33 
207: 893 699 471 327 144 
208: 969 710 619 347 5 
209: 967 714 662 108 30 
210: 997 716 426 256 118 
211: 849 732 424 292 44 
212: 884 736 642 438 325 
213: 947 738 488 214 120 
214: 803 739 544 213 45 
215: 765 741 678 305 34 
216: 999 742 741 602 220 
217: 958 746 138 114 64 
218: 874 755 365 274 2 
219: 975 775 269 60 48 
220: 949 780 346 339 216 
221: 945 785 711 276 90 
222: 788 787 606 285 205 
223: 872 790 475 195 159 
224: 797 796 706 202 47 
225: 889 801 800 494 198 
226: 910 801 541 257 131 
227: 803 802 372 297 99 
228: 898 813 812 593 502 
229: 968 816 815 649 265 
230: 864 817 795 571 49 
231: 836 820 281 109 41 
232: 829 828 563 248 200 
233: 995 833 279 262 28 
234: 936 838 412 394 204 
235: 930 840 839 194 90 
236: 858 857 330 250 184 
237: 907 868 301 248 82 
238: 875 874 687 406 81 
239: 940 877 400 59 5 
240: 905 893 883 379 110 
241: 989 895 551 82 48 
242: 920 896 718 530 289 
243: 964 927 259 116 25 
244: 950 929 591 335 49 
245: 930 929 399 148 25 
246: 973 933 272 145 9 
247: 971 970 897 513 140 
248: 605 237 232 24 
249: 890 136 57 34 
250: 994 251 236 3 
251: 285 252 250 110 
252: 614 251 111 9 
253: 311 154 113 112 
254: 554 184 167 114 
255: 474 167 150 88 
256: 695 210 186 29 
257: 705 226 169 115 
258: 481 198 128 116 
259: 633 243 120 2 
260: 343 261 146 137 
261: 324 260 190 181 
262: 639 233 115 10 
263: 270 265 203 18 
264: 925 266 173 155 
265: 306 267 263 229 
266: 879 267 264 202 
267: 490 266 265 35 
268: 651 269 57 24 
269: 594 268 219 11 
270: 263 117 98 48 
271: 280 144 138 117 
272: 325 246 45 36 
273: 688 54 43 15 
274: 666 218 194 36 
275: 375 119 108 31 
276: 673 221 188 118 
277: 508 200 182 170 
278: 633 79 11 9 
279: 233 174 143 141 
280: 550 281 271 69 
281: 283 280 231 183 
282: 333 283 183 0 
283: 318 282 281 133 
284: 716 156 135 119 
285: 440 251 222 120 
286: 327 287 193 120 
287: 623 288 286 27 
288: 310 289 287 169 
289: 411 288 242 80 
290: 386 291 38 29 
291: 534 290 137 121 
292: 211 61 55 50 
293: 756 129 88 84 
294: 385 129 122 0 
295: 299 193 50 3 
296: 640 297 123 63 
297: 750 298 296 227 
298: 996 299 297 97 
299: 427 298 295 117 
300: 436 109 80 64 
301: 560 302 237 122 
302: 764 301 130 124 
303: 666 304 201 43 
304: 305 303 203 124 
305: 924 304 215 172 
306: 664 307 265 16 
307: 442 308 306 43 
308: 900 309 307 72 
309: 543 310 308 38 
310: 767 309 288 165 
311: 312 253 177 104 
312: 451 311 195 37 
313: 805 201 47 14 
314: 526 316 199 2 
315: 468 316 125 64 
316: 437 317 315 314 
317: 479 316 160 8 
318: 821 283 64 60 
319: 902 320 201 126 
320: 965 321 319 52 
321: 667 322 320 15 
322: 824 321 197 75 
323: 880 324 26 16 
324: 881 323 261 105 
325: 883 272 212 79 
326: 892 327 72 5 
327: 831 326 286 207 
328: 869 329 206 47 
329: 431 331 328 57 
330: 521 331 236 127 
331: 928 330 329 153 
332: 361 333 128 4 
333: 876 335 332 282 
334: 698 335 152 149 
335: 336 334 333 244 
336: 379 337 335 155 
337: 338 336 194 5 
338: 350 339 337 22 
339: 539 338 220 175 
340: 924 175 31 15 
341: 637 342 148 39 
342: 931 341 129 43 
343: 646 344 260 130 
344: 921 345 343 41 
345: 588 346 344 51 
346: 948 345 220 176 
347: 614 348 208 182 
348: 349 347 170 38 
349: 972 348 179 87 
350: 351 338 66 58 
351: 980 350 132 131 
352: 748 353 66 19 
353: 813 355 352 0 
354: 617 355 133 61 
355: 918 356 354 353 
356: 917 358 355 25 
357: 884 360 165 38 
358: 669 360 356 39 
359: 491 361 164 134 
360: 777 363 358 357 
361: 406 366 359 332 
362: 792 370 187 159 
363: 869 371 360 7 
364: 973 372 199 150 
365: 667 373 218 190 
366: 838 374 361 54 
367: 624 380 52 4 
368: 837 386 139 98 
369: 704 388 146 80 
370: 881 389 362 179 
371: 808 392 363 80 
372: 781 396 364 227 
373: 978 397 393 365 
374: 752 398 366 62 
375: 672 400 275 135 
376: 478 401 383 171 
377: 915 403 38 16 
378: 507 405 154 40 
379: 761 405 336 240 
380: 625 408 367 94 
381: 715 410 95 12 
382: 552 413 163 99 
383: 869 417 376 186 
384: 922 418 65 41 
385: 582 420 294 24 
386: 647 422 368 290 
387: 783 425 92 30 
388: 508 428 369 36 
389: 734 432 370 171 
390: 656 434 136 55 
391: 774 443 439 50 
392: 807 444 409 371 
393: 677 445 373 18 
394: 937 447 234 7 
395: 604 448 45 20 
396: 545 449 372 59 
397: 866 450 373 161 
398: 734 453 374 137 
399: 756 454 402 245 
400: 767 456 375 239 
401: 556 457 376 98 
402: 933 461 399 78 
403: 916 463 377 53 
404: 609 465 180 1 
405: 753 466 379 378 
406: 516 467 361 238 
407: 900 470 423 116 
408: 611 471 380 93 
409: 849 472 432 392 
410: 822 476 381 44 
411: 584 477 289 52 
412: 994 481 427 234 
413: 951 482 382 76 
414: 847 483 49 26 
415: 949 488 83 67 
416: 617 492 139 69 
417: 651 493 383 176 
418: 720 497 384 51 
419: 857 498 138 58 
420: 837 500 385 161 
421: 946 502 145 77 
422: 789 506 386 76 
423: 703 509 407 20 
424: 726 513 211 167 
425: 681 514 387 151 
426: 646 515 210 91 
427: 993 519 412 299 
428: 705 521 388 25 
429: 731 522 147 136 
430: 615 523 139 56 
431: 978 523 329 140 
432: 939 524 409 389 
433: 993 526 437 54 
434: 643 527 390 141 
435: 936 527 62 13 
436: 761 528 300 6 
437: 798 531 433 316 
438: 748 534 520 212 
439: 994 535 391 114 
440: 717 541 285 142 
441: 660 543 96 86 
442: 797 544 307 20 
443: 995 545 497 391 
444: 976 549 392 42 
445: 934 553 393 21 
446: 613 555 479 44 
447: 627 555 394 203 
448: 701 556 395 37 
449: 782 561 396 9 
450: 913 561 542 397 
451: 778 565 501 312 
452: 726 570 518 21 
453: 751 570 398 186 
454: 755 574 399 59 
455: 999 576 18 5 
456: 876 577 400 143 
457: 853 578 401 46 
458: 658 580 461 43 
459: 707 581 44 24 
460: 899 584 574 177 
461: 959 585 458 402 
462: 895 590 156 144 
463: 709 592 403 156 
464: 965 593 178 145 
465: 620 594 404 146 
466: 904 596 405 86 
467: 719 597 406 45 
468: 911 599 552 315 
469: 712 602 575 147 
470: 901 608 407 14 
471: 845 612 408 207 
472: 912 614 409 127 
473: 616 615 595 148 
474: 832 620 255 149 
475: 871 620 223 150 
476: 823 621 410 10 
477: 780 624 411 33 
478: 886 628 376 5 
479: 746 629 446 317 
480: 990 631 93 46 
481: 826 632 412 258 
482: 859 632 413 23 
483: 641 636 414 206 
484: 946 637 485 151 
485: 738 638 484 11 
486: 870 638 180 152 
487: 932 639 152 65 
488: 654 641 415 213 
489: 788 643 642 67 
490: 702 645 267 119 
491: 839 647 359 200 
492: 681 648 416 85 
493: 952 650 566 417 
494: 655 654 565 225 
495: 941 656 655 47 
496: 960 656 48 45 
497: 662 661 443 418 
498: 977 663 419 153 
499: 665 664 538 17 
500: 838 672 514 420 
501: 785 679 451 73 
502: 947 679 421 228 
503: 684 683 91 49 
504: 811 683 554 50 
505: 685 684 525 51 
506: 891 688 422 162 
507: 765 690 378 75 
508: 810 697 388 277 
509: 821 702 586 423 
510: 934 703 155 154 
511: 974 706 111 44 
512: 815 708 156 61 
513: 727 709 424 247 
514: 713 712 500 425 
515: 717 712 426 153 
516: 818 718 406 107 
517: 725 724 670 157 
518: 998 725 452 101 
519: 778 728 727 427 
520: 729 728 438 158 
521: 730 729 428 330 
522: 781 731 429 52 
523: 733 732 431 430 
524: 850 732 432 131 
525: 972 733 505 159 
526: 799 733 433 314 
527: 935 735 435 434 
528: 879 735 436 176 
529: 737 736 653 540 
530: 738 737 242 139 
531: 854 740 437 86 
532: 889 742 581 142 
533: 861 745 205 160 
534: 762 747 438 291 
535: 750 749 439 137 
536: 998 750 598 91 
537: 979 753 752 161 
538: 754 753 674 499 
539: 915 758 339 27 
540: 761 760 529 162 
541: 911 760 440 226 
542: 763 762 450 163 
543: 776 766 441 309 
544: 798 768 442 214 
545: 771 770 443 396 
546: 851 777 776 90 
547: 855 778 777 53 
548: 923 779 164 12 
549: 977 781 444 65 
550: 791 790 696 280 
551: 908 806 241 34 
552: 912 807 468 382 
553: 979 809 445 53 
554: 922 810 504 254 
555: 850 816 447 446 
556: 819 818 448 401 
557: 966 823 178 87 
558: 825 824 585 13 
559: 942 827 826 165 
560: 828 827 713 301 
561: 914 828 450 449 
562: 830 829 752 87 
563: 831 830 232 69 
564: 966 835 834 118 
565: 836 835 494 451 
566: 849 848 493 62 
567: 851 850 54 6 
568: 856 855 797 78 
569: 857 856 804 60 
570: 863 862 453 452 
571: 873 863 230 166 
572: 865 864 663 167 
573: 931 870 165 143 
574: 871 870 460 454 
575: 876 875 632 469 
576: 998 882 455 168 
577: 886 885 745 456 
578: 887 886 457 169 
579: 888 887 170 55 
580: 932 888 458 171 
581: 926 890 532 459 
582: 897 896 603 385 
583: 975 899 172 124 
584: 992 900 460 411 
585: 902 901 558 461 
586: 903 902 509 4 
587: 904 903 694 185 
588: 908 907 345 27 
589: 910 909 173 82 
590: 970 916 462 174 
591: 971 928 244 56 
592: 999 938 463 12 
593: 948 947 464 228 
594: 950 949 465 269 
595: 953 952 714 473 
596: 958 957 829 466 
597: 959 958 729 467 
598: 997 962 536 13 
599: 967 966 468 196 
600: 978 977 188 175 
601: 981 980 176 169 
602: 987 986 469 216 
603: 997 996 582 184 
604: 395 132 19 
605: 248 58 57 
606: 222 177 162 
607: 178 177 6 
608: 470 179 157 
609: 404 182 59 
610: 611 180 14 
611: 610 408 67 
612: 471 181 60 
613: 446 182 66 
614: 472 347 252 
615: 473 430 19 
616: 473 62 61 
617: 416 354 17 
618: 183 154 63 
619: 208 184 97 
620: 475 474 465 
621: 622 476 146 
622: 621 186 185 
623: 287 187 106 
624: 477 367 187 
625: 380 188 83 
626: 188 179 2 
627: 447 64 62 
628: 478 189 15 
629: 630 479 171 
630: 631 629 64 
631: 630 480 35 
632: 575 482 481 
633: 634 278 259 
634: 633 175 65 
635: 190 49 12 
636: 637 483 191 
637: 636 484 341 
638: 486 485 66 
639: 487 262 148 
640: 296 89 32 
641: 488 483 16 
642: 489 212 67 
643: 489 434 192 
644: 55 18 17 
645: 646 490 193 
646: 645 426 343 
647: 491 386 130 
648: 649 492 196 
649: 648 229 194 
650: 493 194 19 
651: 417 268 68 
652: 195 70 69 
653: 529 196 195 
654: 494 488 196 
655: 495 494 100 
656: 496 495 390 
657: 198 197 4 
658: 659 458 198 
659: 660 658 71 
660: 659 441 3 
661: 497 96 79 
662: 497 209 138 
663: 664 572 498 
664: 663 499 306 
665: 499 200 199 
666: 303 274 89 
667: 668 365 321 
668: 667 39 20 
669: 358 201 197 
670: 671 517 201 
671: 670 202 72 
672: 500 375 202 
673: 276 203 9 
674: 675 538 21 
675: 676 674 204 
676: 675 4 3 
677: 678 393 4 
678: 679 677 215 
679: 678 502 501 
680: 95 73 7 
681: 492 425 7 
682: 683 74 53 
683: 682 504 503 
684: 505 503 125 
685: 505 77 75 
686: 687 75 5 
687: 688 686 238 
688: 687 506 273 
689: 205 76 40 
690: 507 206 68 
691: 692 206 88 
692: 693 691 22 
693: 692 159 77 
694: 587 77 65 
695: 696 256 78 
696: 697 695 550 
697: 696 508 52 
698: 334 200 79 
699: 700 207 11 
700: 699 80 20 
701: 702 448 69 
702: 701 509 490 
703: 704 510 423 
704: 703 369 81 
705: 706 428 257 
706: 705 511 224 
707: 459 113 23 
708: 905 512 141 
709: 513 463 5 
710: 711 208 167 
711: 710 221 192 
712: 515 514 469 
713: 560 514 1 
714: 715 595 209 
715: 714 381 135 
716: 284 210 22 
717: 515 440 92 
718: 516 242 82 
719: 720 467 13 
720: 721 719 418 
721: 722 720 16 
722: 723 721 185 
723: 722 83 3 
724: 517 84 83 
725: 518 517 23 
726: 452 424 23 
727: 519 513 28 
728: 520 519 183 
729: 597 521 520 
730: 521 85 71 
731: 522 429 50 
732: 524 523 211 
733: 526 525 523 
734: 735 398 389 
735: 734 528 527 
736: 529 212 24 
737: 530 529 83 
738: 530 485 213 
739: 214 86 54 
740: 741 531 1 
741: 740 216 215 
742: 743 532 216 
743: 744 742 25 
744: 743 204 156 
745: 577 533 26 
746: 747 479 217 
747: 746 534 0 
748: 749 438 352 
749: 748 535 77 
750: 536 535 297 
751: 453 193 78 
752: 562 537 374 
753: 538 537 405 
754: 755 538 15 
755: 754 454 218 
756: 757 399 293 
757: 758 756 82 
758: 757 539 87 
759: 760 88 87 
760: 759 541 540 
761: 540 436 379 
762: 542 534 80 
763: 764 542 89 
764: 763 302 191 
765: 766 507 215 
766: 765 543 90 
767: 768 400 310 
768: 769 767 544 
769: 770 768 90 
770: 769 545 0 
771: 772 545 7 
772: 771 112 91 
773: 774 91 28 
774: 775 773 391 
775: 776 774 219 
776: 775 546 543 
777: 547 546 360 
778: 547 519 451 
779: 780 548 48 
780: 779 477 220 
781: 549 522 372 
782: 783 449 0 
783: 782 387 86 
784: 92 90 84 
785: 786 501 221 
786: 787 785 93 
787: 786 222 24 
788: 789 489 222 
789: 790 788 422 
790: 789 550 223 
791: 792 550 43 
792: 793 791 362 
793: 794 792 199 
794: 795 793 94 
795: 796 794 230 
796: 795 224 57 
797: 568 442 224 
798: 544 437 180 
799: 526 88 22 
800: 225 158 1 
801: 802 226 225 
802: 801 227 41 
803: 804 227 214 
804: 805 803 569 
805: 804 313 182 
806: 807 551 6 
807: 806 552 392 
808: 809 371 95 
809: 810 808 553 
810: 809 554 508 
811: 812 504 190 
812: 811 228 147 
813: 814 353 228 
814: 815 813 21 
815: 814 512 229 
816: 555 229 121 
817: 818 230 160 
818: 817 556 516 
819: 556 181 134 
820: 821 231 99 
821: 820 509 318 
822: 410 166 60 
823: 557 476 126 
824: 558 322 163 
825: 826 558 96 
826: 825 559 481 
827: 560 559 168 
828: 561 560 232 
829: 596 562 232 
830: 563 562 14 
831: 832 563 327 
832: 833 831 474 
833: 834 832 233 
834: 833 564 70 
835: 565 564 133 
836: 565 231 129 
837: 420 368 94 
838: 500 366 234 
839: 491 235 61 
840: 841 235 205 
841: 842 840 97 
842: 843 841 196 
843: 844 842 27 
844: 845 843 28 
845: 846 844 471 
846: 847 845 29 
847: 848 846 414 
848: 847 566 128 
849: 566 409 211 
850: 567 555 524 
851: 852 567 546 
852: 853 851 18 
853: 854 852 457 
854: 853 531 30 
855: 568 547 30 
856: 569 568 98 
857: 569 419 236 
858: 859 236 79 
859: 860 858 482 
860: 861 859 19 
861: 862 860 533 
862: 861 570 81 
863: 571 570 7 
864: 572 230 98 
865: 866 572 17 
866: 865 397 25 
867: 868 161 97 
868: 867 237 140 
869: 383 363 328 
870: 574 573 486 
871: 574 475 73 
872: 873 223 189 
873: 874 872 571 
874: 873 238 218 
875: 575 238 26 
876: 575 456 333 
877: 878 239 164 
878: 877 178 176 
879: 880 528 266 
880: 879 323 99 
881: 882 370 324 
882: 883 881 576 
883: 882 325 240 
884: 885 357 212 
885: 884 577 145 
886: 578 577 478 
887: 579 578 1 
888: 889 580 579 
889: 888 532 225 
890: 891 581 249 
891: 892 890 506 
892: 891 326 63 
893: 894 240 207 
894: 895 893 203 
895: 894 462 241 
896: 582 242 144 
897: 898 582 247 
898: 899 897 228 
899: 898 583 460 
900: 584 407 308 
901: 585 470 7 
902: 586 585 319 
903: 587 586 92 
904: 587 466 72 
905: 906 708 240 
906: 907 905 99 
907: 906 588 237 
908: 909 588 551 
909: 908 589 96 
910: 589 226 1 
911: 541 468 56 
912: 552 472 8 
913: 450 98 51 
914: 561 149 1 
915: 539 377 10 
916: 917 590 403 
917: 916 356 89 
918: 919 355 42 
919: 920 918 95 
920: 921 919 242 
921: 920 344 85 
922: 923 554 384 
923: 922 548 31 
924: 925 340 305 
925: 926 924 264 
926: 927 925 581 
927: 928 926 243 
928: 927 591 331 
929: 245 244 29 
930: 245 235 32 
931: 932 573 342 
932: 931 580 487 
933: 402 246 102 
934: 510 445 47 
935: 936 527 155 
936: 935 435 234 
937: 938 394 202 
938: 939 937 592 
939: 940 938 432 
940: 941 939 239 
941: 942 940 495 
942: 943 941 559 
943: 944 942 187 
944: 945 943 74 
945: 946 944 221 
946: 945 484 421 
947: 593 502 213 
948: 593 346 198 
949: 594 415 220 
950: 951 594 244 
951: 952 950 413 
952: 951 595 493 
953: 954 595 184 
954: 955 953 123 
955: 956 954 8 
956: 957 955 173 
957: 956 596 59 
958: 597 596 217 
959: 960 597 461 
960: 961 959 496 
961: 962 960 66 
962: 963 961 598 
963: 964 962 151 
964: 965 963 243 
965: 964 464 320 
966: 599 564 557 
967: 968 599 209 
968: 969 967 229 
969: 968 208 174 
970: 590 247 76 
971: 591 247 170 
972: 525 349 150 
973: 974 364 246 
974: 975 973 511 
975: 974 583 219 
976: 444 172 46 
977: 600 549 498 
978: 600 431 373 
979: 553 537 58 
980: 601 351 32 
981: 982 601 28 
982: 983 981 67 
983: 984 982 2 
984: 985 983 93 
985: 986 984 186 
986: 985 602 31 
987: 988 602 4 
988: 989 987 6 
989: 990 988 241 
990: 991 989 480 
991: 992 990 27 
992: 993 991 584 
993: 992 433 427 
994: 439 412 250 
995: 996 443 233 
996: 995 603 298 
997: 603 598 210 
998: 576 536 518 
999: 592 455 216 
