3000
0: 2314 2247 2226 2051 1809 580 188 136 15 2 
1: 2851 1554 967 946 787 501 374 266 179 
2: 2506 1557 1346 1129 722 702 436 24 0 
3: 2439 1800 1478 1220 1191 1108 867 167 36 
4: 2941 2027 1926 1582 1392 847 95 91 90 
5: 2532 2352 2305 1682 1171 896 650 101 36 
6: 2429 2375 2115 1498 1334 1203 1113 1014 279 
7: 2737 2386 2180 1850 1389 939 712 268 116 
8: 2823 2461 2363 1729 1196 991 762 309 34 
9: 2938 2478 2214 2061 949 771 668 69 41 
10: 2964 2792 2464 1493 542 455 368 345 256 
11: 2960 1297 1260 984 914 550 189 159 
12: 1955 1635 1276 958 573 441 435 113 
13: 2012 1677 823 541 284 265 219 160 
14: 2489 1725 1474 1472 1402 713 307 163 
15: 2915 1749 1664 393 374 262 69 0 
16: 2115 1819 1480 1236 1163 584 298 90 
17: 2221 2020 1821 1023 411 340 286 38 
18: 2347 2074 1965 1627 1383 1375 201 121 
19: 2287 2080 2079 1922 403 338 98 40 
20: 2212 2154 1241 1201 1117 805 565 500 
21: 2876 2222 2001 1526 1372 1284 690 559 
22: 2829 2259 1829 1190 357 195 98 65 
23: 2799 2412 1634 1519 876 266 188 84 
24: 2639 2578 2255 1221 835 615 171 2 
25: 2944 2631 1348 1203 1055 936 786 642 
26: 2891 966 862 507 450 367 282 
27: 1158 1024 889 854 828 629 268 
28: 1903 1087 1063 896 831 302 200 
29: 2869 1149 986 976 837 242 142 
30: 2688 1240 1019 976 675 644 83 
31: 1863 1243 1228 805 581 571 95 
32: 1976 1273 1122 873 798 240 203 
33: 1703 1302 1116 814 529 459 262 
34: 1328 1311 843 776 472 175 8 
35: 1995 1331 1318 1054 632 608 304 
36: 2210 1343 618 406 294 5 3 
37: 1839 1384 752 359 357 118 78 
38: 2327 1432 1426 1420 1112 411 17 
39: 2565 1434 827 372 331 315 143 
40: 2783 1522 827 725 677 285 19 
41: 2288 1555 1448 180 74 50 9 
42: 2186 1560 1510 418 365 333 61 
43: 2874 1611 1390 1349 989 811 510 
44: 2837 1695 971 959 798 763 524 
45: 2411 1722 811 784 783 387 134 
46: 2683 1744 1573 1082 796 685 110 
47: 2095 1849 1094 791 615 216 131 
48: 2354 1875 1430 1037 833 532 330 
49: 2260 1878 1624 1032 992 899 158 
50: 2798 1885 1506 810 783 173 41 
51: 2022 1916 1886 378 258 245 181 
52: 2992 1921 1815 1699 1029 652 182 
53: 2788 1923 1490 1197 1067 1016 423 
54: 1992 1924 1669 1437 1426 883 516 
55: 2599 1938 1839 1747 870 773 130 
56: 2888 1940 1083 781 282 196 71 
57: 2220 1952 1951 1569 924 603 433 
58: 2687 1988 806 636 567 402 303 
59: 2615 1989 1764 1499 1159 260 94 
60: 2135 1994 1449 1250 1045 245 107 
61: 2918 1996 1838 829 739 650 42 
62: 2413 2018 1434 794 372 302 103 
63: 2591 2023 1847 1735 832 729 286 
64: 2841 2028 1484 1241 568 466 347 
65: 2367 2071 1817 666 210 141 22 
66: 2162 2100 1959 1897 1586 1527 864 
67: 2695 2103 1681 621 462 422 336 
68: 2642 2262 1686 1476 1290 368 351 
69: 2325 2274 912 822 772 15 9 
70: 2459 2297 1215 1115 1058 1005 789 
71: 2624 2414 1198 803 275 139 56 
72: 2733 2415 2096 1312 966 386 347 
73: 2800 2515 1808 879 852 791 285 
74: 2782 2518 1997 1040 349 307 41 
75: 2686 2520 2369 1104 746 294 99 
76: 2657 2553 2295 2192 1373 356 163 
77: 2881 2573 1225 1192 1050 709 395 
78: 2884 2583 2178 1864 803 316 37 
79: 2797 2595 2184 1113 795 379 283 
80: 2728 2628 2077 1834 766 227 89 
81: 2753 2708 1867 1585 1170 793 102 
82: 2871 2722 2310 506 438 435 342 
83: 2817 2729 990 684 429 239 30 
84: 2936 2917 2038 1977 840 322 23 
85: 2962 2930 1967 1966 999 456 420 
86: 1862 689 507 439 376 106 
87: 1101 708 637 636 543 419 
88: 1201 728 511 506 325 324 
89: 2284 792 736 641 248 80 
90: 2592 807 481 284 16 4 
91: 1853 826 669 347 140 4 
92: 1947 868 554 551 496 283 
93: 2835 871 838 557 362 157 
94: 1593 897 848 845 340 59 
95: 1072 932 426 158 31 4 
96: 1647 937 889 803 802 649 
97: 1255 948 924 790 602 287 
98: 1223 960 367 282 22 19 
99: 2958 1033 400 328 225 75 
100: 2071 1068 957 890 888 768 
101: 1654 1125 526 320 248 5 
102: 1991 1133 591 566 164 81 
103: 2385 1140 1094 1093 228 62 
104: 1604 1188 1109 800 446 348 
105: 1529 1194 1047 1022 720 314 
106: 1496 1200 414 198 118 86 
107: 1563 1205 465 442 306 60 
108: 2923 1251 1135 776 311 288 
109: 2299 1253 1211 1130 743 218 
110: 1795 1258 1124 325 278 46 
111: 1385 1262 998 823 528 196 
112: 1807 1266 1158 940 370 351 
113: 2505 1267 639 497 461 12 
114: 2698 1288 799 417 295 132 
115: 1931 1299 1270 829 828 346 
116: 2651 1327 796 382 185 7 
117: 2039 1327 1277 923 315 176 
118: 1843 1328 1232 1100 106 37 
119: 1395 1340 1297 1009 930 209 
120: 1852 1351 969 798 744 202 
121: 2999 1372 1065 417 284 18 
122: 1995 1399 1366 900 641 238 
123: 1829 1419 1285 866 782 487 
124: 2155 1423 1359 1048 943 318 
125: 2720 1439 1035 1023 876 683 
126: 1921 1444 1069 876 620 274 
127: 2414 1462 1022 994 485 296 
128: 2586 1467 1275 1001 695 282 
129: 1846 1468 1153 874 867 405 
130: 2128 1473 1295 1012 952 55 
131: 2116 1482 1333 742 389 47 
132: 1580 1486 763 647 290 114 
133: 1640 1491 1399 893 491 381 
134: 2379 1517 1136 812 365 45 
135: 2298 1519 1218 836 687 469 
136: 2417 1541 1256 586 263 0 
137: 1949 1567 1415 1342 353 352 
138: 1866 1568 1248 1147 767 171 
139: 1842 1596 1533 892 881 71 
140: 1839 1600 679 285 283 91 
141: 2277 1601 964 788 301 65 
142: 2305 1609 1504 973 680 29 
143: 1931 1616 1431 1350 490 39 
144: 2542 1625 839 745 707 621 
145: 2410 1632 1296 860 619 339 
146: 2257 1644 959 570 429 281 
147: 1702 1657 1157 841 403 224 
148: 2209 1681 949 948 634 186 
149: 2816 1683 1301 1163 909 230 
150: 1831 1705 844 785 504 462 
151: 2089 1740 886 541 469 415 
152: 2951 1759 1123 940 853 824 
153: 2767 1762 1628 1488 759 389 
154: 1882 1774 1125 1012 699 690 
155: 2342 1787 1779 1277 848 283 
156: 2842 1793 1773 392 288 173 
157: 2889 1799 1613 543 164 93 
158: 2652 1818 1509 521 95 49 
159: 1940 1818 1083 452 268 11 
160: 2392 1822 1502 804 742 13 
161: 2366 1822 1572 773 421 312 
162: 2965 1830 1101 933 913 409 
163: 2044 1837 380 364 76 14 
164: 1913 1840 981 647 157 102 
165: 2694 1841 1242 1096 678 240 
166: 2998 1844 1057 1039 834 557 
167: 2787 1847 1659 1018 345 3 
168: 1913 1848 1505 840 754 530 
169: 1890 1855 1520 721 574 289 
170: 2127 1857 1833 1832 1534 727 
171: 2050 1867 1185 487 138 24 
172: 2049 1871 1475 714 310 240 
173: 2745 1873 1623 1095 156 50 
174: 2207 1883 1141 1041 1037 518 
175: 2559 1884 1462 1047 394 34 
176: 2723 1886 1827 1561 739 117 
177: 1894 1893 1821 1438 498 296 
178: 2858 1910 1909 1868 1562 1206 
179: 2105 1914 1872 1324 297 1 
180: 2416 1919 1918 1128 272 41 
181: 2672 1933 1637 911 474 51 
182: 2470 1934 1516 1510 1003 52 
183: 2774 1939 1825 1198 835 670 
184: 2026 1944 1899 1317 1223 275 
185: 2063 1945 1944 1881 292 116 
186: 1947 1946 1766 1337 861 148 
187: 2807 1948 1115 836 764 223 
188: 2972 1949 1739 301 23 0 
189: 2104 1952 901 824 388 11 
190: 2173 1953 1566 1464 1225 557 
191: 2384 1960 1600 898 837 412 
192: 2021 1964 1433 530 398 358 
193: 2665 1969 1968 819 817 602 
194: 2663 1969 970 662 455 363 
195: 2442 1971 1970 662 201 22 
196: 2343 1975 1586 617 111 56 
197: 2394 1983 1889 932 815 248 
198: 2377 1984 844 719 578 106 
199: 2130 1985 1824 777 604 479 
200: 2002 1986 1823 673 499 28 
201: 2344 1987 1565 771 195 18 
202: 2709 1988 1565 1231 1043 120 
203: 2502 1991 1530 1455 1079 32 
204: 2738 2001 1261 1002 929 778 
205: 2995 2008 2007 1062 754 257 
206: 2984 2014 1951 1878 846 811 
207: 2110 2016 1357 914 614 526 
208: 2530 2026 1254 683 625 293 
209: 2492 2041 1819 1247 608 119 
210: 2236 2048 1866 1026 654 65 
211: 2304 2053 1172 880 844 515 
212: 2059 2053 1751 1363 1076 1030 
213: 2649 2054 2030 1053 758 378 
214: 2618 2064 1828 924 780 428 
215: 2957 2072 1900 910 814 751 
216: 2109 2073 1818 1096 929 47 
217: 2293 2078 1911 1385 606 311 
218: 2171 2088 1861 1463 579 109 
219: 2702 2094 1404 1286 506 13 
220: 2896 2121 1943 1942 1597 812 
221: 2575 2123 1670 753 361 326 
222: 2360 2127 1373 816 514 233 
223: 2973 2139 2103 2102 1305 187 
224: 2931 2143 1131 1129 985 147 
225: 2446 2147 1966 772 297 99 
226: 2276 2151 1548 1257 1195 964 
227: 2538 2153 2000 1999 470 80 
228: 2240 2159 1587 921 576 103 
229: 2689 2165 1296 1000 974 514 
230: 2574 2206 1881 813 324 149 
231: 2209 2208 1137 940 809 585 
232: 2243 2216 2107 809 723 289 
233: 2846 2241 1474 1168 920 222 
234: 2748 2245 2158 1091 921 291 
235: 2946 2245 2218 1692 1675 956 
236: 2406 2256 1892 1316 829 399 
237: 2590 2267 846 788 712 253 
238: 2271 2270 1789 1412 366 122 
239: 2513 2271 370 332 314 83 
240: 2435 2291 1106 172 165 32 
241: 2785 2312 1529 1220 908 890 
242: 2436 2318 1319 1128 655 29 
243: 2692 2322 1555 1458 1432 891 
244: 2328 2327 1920 1242 883 427 
245: 2491 2331 984 334 60 51 
246: 2440 2336 1806 1647 1360 781 
247: 2583 2336 2279 1571 716 390 
248: 2730 2370 356 197 101 89 
249: 2600 2388 2141 1354 1078 968 
250: 2533 2389 1950 1746 1066 391 
251: 2942 2408 2253 1291 918 782 
252: 2456 2428 2293 988 968 350 
253: 2781 2433 1836 942 931 237 
254: 2902 2444 2443 2286 1443 854 
255: 2562 2474 2057 1715 1075 686 
256: 2588 2481 2340 1043 947 10 
257: 2769 2482 1826 1013 778 205 
258: 2564 2501 2114 1680 545 51 
259: 2608 2506 2479 980 598 358 
260: 2507 2506 2393 1791 503 59 
261: 2511 2510 2431 2237 1706 1020 
262: 2955 2537 1284 1215 33 15 
263: 2629 2544 2398 729 350 136 
264: 2948 2560 1610 1280 972 882 
265: 2893 2566 2359 1002 371 13 
266: 2697 2610 2358 597 23 1 
267: 2614 2613 2264 983 600 376 
268: 2618 2617 2215 159 27 7 
269: 2994 2646 2598 1189 1011 281 
270: 2750 2648 977 951 841 667 
271: 2679 2678 1723 1326 875 321 
272: 2755 2679 2070 2002 299 180 
273: 2802 2687 2334 1633 1240 541 
274: 2921 2690 2689 2251 838 126 
275: 2986 2691 1106 354 184 71 
276: 2796 2747 1573 1028 584 496 
277: 2899 2768 2545 1108 1105 1103 
278: 2861 2818 2246 1915 1127 110 
279: 2968 2828 849 774 456 6 
280: 2932 2894 1450 1209 1197 444 
281: 2974 2949 2144 2143 269 146 
282: 2827 128 98 56 26 
283: 579 155 140 92 79 
284: 1517 287 121 90 13 
285: 2056 354 140 73 40 
286: 2852 383 341 63 17 
287: 760 394 359 284 97 
288: 896 410 338 156 108 
289: 1957 428 305 232 169 
290: 1243 466 364 291 132 
291: 1004 477 306 290 234 
292: 1870 497 310 295 185 
293: 2670 505 418 308 208 
294: 793 508 391 75 36 
295: 2734 562 335 292 114 
296: 2290 572 440 177 127 
297: 2593 586 301 225 179 
298: 1786 601 499 319 16 
299: 2205 615 395 355 272 
300: 1990 667 591 575 397 
301: 2725 679 297 188 141 
302: 1033 705 323 62 28 
303: 2765 710 386 378 58 
304: 1526 730 666 328 35 
305: 1549 736 596 505 289 
306: 987 758 421 291 107 
307: 1095 770 392 74 14 
308: 905 774 773 767 293 
309: 2979 775 667 475 8 
310: 1272 786 363 292 172 
311: 2832 792 552 217 108 
312: 1663 794 628 450 161 
313: 1081 797 519 498 451 
314: 916 802 801 239 105 
315: 2397 804 359 117 39 
316: 2552 804 459 407 78 
317: 2371 806 566 473 356 
318: 862 807 795 677 124 
319: 1891 830 777 750 298 
320: 1876 845 777 437 101 
321: 1905 850 487 323 271 
322: 851 850 840 740 84 
323: 1906 851 517 321 302 
324: 1054 855 638 230 88 
325: 859 857 533 110 88 
326: 2779 860 808 589 221 
327: 906 862 861 443 424 
328: 1140 863 704 304 99 
329: 1348 873 740 523 391 
330: 1315 877 595 474 48 
331: 1425 877 826 738 39 
332: 2413 879 815 599 239 
333: 962 882 781 780 42 
334: 2097 895 878 407 245 
335: 2217 900 747 399 295 
336: 2741 905 843 425 67 
337: 1923 908 859 825 446 
338: 1138 909 855 288 19 
339: 1989 913 516 382 145 
340: 922 919 868 94 17 
341: 1781 923 816 526 286 
342: 1116 928 734 681 82 
343: 1704 935 895 758 439 
344: 2862 936 780 684 637 
345: 1579 946 770 167 10 
346: 1807 951 912 911 115 
347: 2571 953 91 72 64 
348: 1785 955 801 360 104 
349: 1500 956 756 563 74 
350: 2232 957 352 263 252 
351: 1507 959 672 112 68 
352: 2236 960 512 350 137 
353: 1805 963 728 645 137 
354: 2184 965 443 285 275 
355: 2289 966 648 493 299 
356: 1487 970 317 248 76 
357: 2156 975 886 37 22 
358: 1176 977 475 259 192 
359: 1713 978 315 287 37 
360: 1417 983 979 369 348 
361: 1856 994 852 421 221 
362: 1183 996 890 447 93 
363: 2164 1010 974 310 194 
364: 1836 1013 869 290 163 
365: 2031 1014 460 134 42 
366: 1227 1024 956 485 238 
367: 2034 1033 647 98 26 
368: 2045 1039 555 68 10 
369: 1413 1040 828 827 360 
370: 2125 1045 1044 239 112 
371: 1985 1048 968 502 265 
372: 2238 1052 663 62 39 
373: 2269 1059 648 525 486 
374: 2597 1061 817 15 1 
375: 2148 1062 944 723 560 
376: 2544 1068 594 267 86 
377: 1533 1069 996 851 558 
378: 1911 1078 303 213 51 
379: 2087 1079 1020 547 79 
380: 2611 1081 1079 869 163 
381: 2372 1103 1015 980 133 
382: 1871 1112 830 339 116 
383: 2401 1118 952 486 286 
384: 2323 1121 910 909 907 
385: 1304 1123 1099 835 737 
386: 2766 1127 635 303 72 
387: 1945 1132 872 869 45 
388: 1721 1133 676 412 189 
389: 1473 1136 951 153 131 
390: 1140 1138 1134 423 247 
391: 2047 1139 329 294 250 
392: 2609 1143 756 307 156 
393: 1338 1144 931 661 15 
394: 1192 1150 710 287 175 
395: 2003 1151 624 299 77 
396: 2276 1153 1119 926 592 
397: 2207 1159 711 533 300 
398: 2282 1166 965 902 192 
399: 1880 1167 1130 335 236 
400: 1561 1169 922 550 99 
401: 1903 1172 1169 979 414 
402: 2470 1175 1039 715 58 
403: 2387 1178 604 147 19 
404: 2831 1179 1003 633 583 
405: 2158 1180 1115 576 129 
406: 2235 1186 635 561 36 
407: 1379 1202 963 334 316 
408: 1801 1204 1134 889 484 
409: 2552 1207 755 527 162 
410: 1485 1212 1137 941 288 
411: 2159 1224 801 38 17 
412: 1919 1228 1010 388 191 
413: 1591 1232 1042 549 434 
414: 2035 1233 834 401 106 
415: 2448 1245 1084 1080 151 
416: 2846 1260 1165 775 547 
417: 2821 1261 566 121 114 
418: 1893 1262 825 293 42 
419: 2172 1271 923 538 87 
420: 1318 1274 1193 503 85 
421: 1927 1278 361 306 161 
422: 1899 1281 604 481 67 
423: 2303 1287 891 390 53 
424: 2442 1287 1028 941 327 
425: 2344 1289 992 971 336 
426: 2765 1292 508 479 95 
427: 2547 1299 700 465 244 
428: 2467 1307 1189 289 214 
429: 2447 1308 1022 146 83 
430: 2793 1308 1216 1020 965 
431: 2580 1309 1121 1021 435 
432: 1435 1310 1253 967 652 
433: 2101 1315 1237 898 57 
434: 2826 1320 875 697 413 
435: 1905 1321 431 82 12 
436: 2216 1325 1097 485 2 
437: 1755 1329 1073 518 320 
438: 1339 1330 1038 1036 82 
439: 1578 1334 932 343 86 
440: 1815 1335 1098 492 296 
441: 2120 1340 823 810 12 
442: 2996 1341 587 520 107 
443: 2201 1342 482 354 327 
444: 2357 1346 569 478 280 
445: 2044 1355 1120 986 523 
446: 2273 1365 962 337 104 
447: 2119 1368 1145 853 362 
448: 2488 1369 1181 1044 451 
449: 2771 1386 1042 1041 1040 
450: 1638 1387 820 312 26 
451: 2485 1391 752 448 313 
452: 2035 1394 1258 1155 159 
453: 2334 1400 989 629 477 
454: 1980 1410 1085 863 627 
455: 2838 1418 696 194 10 
456: 2786 1424 850 279 85 
457: 1972 1430 1244 1056 950 
458: 2170 1436 931 861 799 
459: 2638 1439 1178 316 33 
460: 1503 1441 822 671 365 
461: 2441 1442 1137 1028 113 
462: 2529 1445 789 150 67 
463: 2910 1446 1157 1154 686 
464: 2175 1448 1157 818 601 
465: 1656 1454 720 427 107 
466: 2441 1454 1254 290 64 
467: 1738 1457 1421 775 774 
468: 2560 1461 1072 954 915 
469: 2925 1465 552 151 135 
470: 2407 1470 1214 702 227 
471: 2743 1471 1070 542 511 
472: 1875 1476 1071 582 34 
473: 2870 1495 893 611 317 
474: 2405 1496 1046 330 181 
475: 1904 1502 780 358 309 
476: 1724 1507 1003 1002 501 
477: 2135 1511 913 453 291 
478: 2885 1518 1199 537 444 
479: 2130 1532 870 426 199 
480: 1685 1546 760 698 536 
481: 2060 1556 882 422 90 
482: 2058 1560 594 548 443 
483: 1621 1562 901 649 498 
484: 2645 1563 1105 545 408 
485: 1693 1564 436 366 127 
486: 2712 1581 914 383 373 
487: 2137 1583 321 171 123 
488: 2122 1587 1064 659 573 
489: 2160 1588 1380 947 741 
490: 1930 1589 1512 767 143 
491: 2514 1589 1231 1065 133 
492: 2853 1594 1364 967 440 
493: 1849 1595 916 645 355 
494: 2179 1597 864 714 522 
495: 2602 1605 1486 1019 942 
496: 2790 1608 787 276 92 
497: 2835 1608 786 292 113 
498: 1982 1612 483 313 177 
499: 2661 1617 894 298 200 
500: 2789 1618 955 640 20 
501: 2172 1621 1303 476 1 
502: 2541 1622 1067 1004 371 
503: 2621 1627 1034 420 260 
504: 2107 1629 1359 1070 150 
505: 1754 1632 607 305 293 
506: 1917 1639 219 88 82 
507: 1781 1641 1528 86 26 
508: 1767 1642 1403 426 294 
509: 2554 1646 1382 1064 1063 
510: 2262 1648 993 961 43 
511: 2734 1652 1249 471 88 
512: 2024 1653 1312 1256 352 
513: 2967 1653 1021 897 633 
514: 1782 1657 1087 229 222 
515: 1872 1661 1021 810 211 
516: 2280 1662 657 339 54 
517: 1820 1664 1128 873 323 
518: 2836 1675 1620 437 174 
519: 2410 1676 1607 970 313 
520: 2017 1679 1077 548 442 
521: 2749 1689 1331 1152 158 
522: 2527 1694 1034 788 494 
523: 2726 1698 872 445 329 
524: 2472 1698 1300 709 44 
525: 2518 1701 1162 1062 373 
526: 1874 1707 341 207 101 
527: 2134 1708 1545 1239 409 
528: 2099 1714 1216 897 111 
529: 2815 1715 1484 538 33 
530: 2266 1717 1574 192 168 
531: 2166 1718 1105 930 661 
532: 2430 1729 1142 1135 48 
533: 2206 1730 915 397 325 
534: 2102 1733 1264 1111 898 
535: 2432 1741 1006 977 945 
536: 2290 1742 776 555 480 
537: 2935 1743 1485 590 478 
538: 2113 1756 1393 529 419 
539: 1785 1765 1148 1085 948 
540: 2682 1766 1722 1427 1120 
541: 1821 1776 273 151 13 
542: 2999 1786 1495 471 10 
543: 2312 1790 973 157 87 
544: 2324 1799 1535 1112 1111 
545: 2455 1802 1538 484 258 
546: 2947 1805 1649 1615 1166 
547: 2610 1808 779 416 379 
548: 2033 1810 860 520 482 
549: 2990 1817 1294 703 413 
550: 2626 1820 1483 400 11 
551: 2604 1820 1584 830 92 
552: 2011 1823 1273 469 311 
553: 2656 1824 1234 1102 748 
554: 2443 1832 1174 1173 92 
555: 2029 1836 1370 536 368 
556: 1844 1843 1822 1107 1086 
557: 1906 1845 190 166 93 
558: 1846 1845 1826 693 377 
559: 2953 1851 1131 797 21 
560: 2210 1852 1221 909 375 
561: 2926 1855 922 804 406 
562: 2003 1859 1691 1113 295 
563: 2107 1860 1370 904 349 
564: 2292 1862 1469 884 766 
565: 2529 1864 1658 1100 20 
566: 2099 1865 417 317 102 
567: 1978 1866 1683 1542 58 
568: 2976 1877 1876 1044 64 
569: 2717 1879 1477 1170 444 
570: 2536 1883 1445 690 146 
571: 1884 1883 770 721 31 
572: 1977 1885 1884 1222 296 
573: 2903 1887 928 488 12 
574: 2987 1889 1784 1189 169 
575: 2686 1892 1015 818 300 
576: 1998 1898 848 405 228 
577: 1900 1899 1732 935 926 
578: 2213 1901 1813 814 198 
579: 2074 1904 623 283 218 
580: 2233 1909 1625 1139 0 
581: 1963 1910 1245 731 31 
582: 2825 1916 1804 598 472 
583: 2097 1922 1053 1029 404 
584: 2138 1925 1224 276 16 
585: 2399 1927 1830 783 231 
586: 1929 1928 887 297 136 
587: 2834 1936 1393 885 442 
588: 2144 1937 940 695 616 
589: 2122 1941 842 821 326 
590: 2924 1942 1226 849 537 
591: 2569 1946 868 300 102 
592: 2006 1951 1950 1358 396 
593: 2020 1954 1677 1614 993 
594: 2282 1956 1955 482 376 
595: 2282 1956 1633 784 330 
596: 2339 1958 1694 785 305 
597: 1959 1958 1796 1686 266 
598: 2833 1958 1054 582 259 
599: 1971 1960 1008 981 332 
600: 2711 1961 1770 837 267 
601: 2539 1962 1080 464 298 
602: 2324 1970 978 193 97 
603: 2244 1974 1707 1114 57 
604: 2348 1983 422 403 199 
605: 2313 1984 974 733 674 
606: 2840 1990 1353 847 217 
607: 2157 1994 1993 1492 505 
608: 2277 1996 747 209 35 
609: 2662 1998 1891 1709 813 
610: 2065 1998 874 849 718 
611: 2793 1999 1720 1121 473 
612: 2489 2008 1659 1645 1219 
613: 2528 2013 1481 1088 805 
614: 2181 2015 1612 1080 207 
615: 2168 2016 299 47 24 
616: 2461 2019 1034 933 588 
617: 2623 2025 1606 1175 196 
618: 2263 2032 1114 1009 36 
619: 2842 2034 2010 1276 145 
620: 2839 2040 972 682 126 
621: 2811 2043 919 144 67 
622: 2948 2052 1626 1166 703 
623: 2607 2059 1300 906 579 
624: 2872 2062 2061 925 395 
625: 2064 2063 1181 1046 208 
626: 2531 2066 2065 1619 978 
627: 2102 2067 2066 1795 454 
628: 2879 2068 2067 806 312 
629: 2258 2072 701 453 27 
630: 2707 2072 1873 1210 1132 
631: 2117 2076 1827 779 726 
632: 2908 2077 1599 1177 35 
633: 2542 2079 1049 513 404 
634: 2134 2083 1568 1239 148 
635: 2180 2084 832 406 386 
636: 2959 2090 766 87 58 
637: 2223 2091 839 344 87 
638: 2947 2093 1996 1532 324 
639: 2856 2094 2093 1961 113 
640: 2423 2104 2103 2081 500 
641: 2361 2105 726 122 89 
642: 2900 2109 969 907 25 
643: 2904 2117 2046 1401 908 
644: 2223 2123 1336 824 30 
645: 2234 2129 1421 493 353 
646: 2659 2132 2131 1617 1050 
647: 2822 2137 367 164 132 
648: 2422 2145 1378 373 355 
649: 2803 2146 1122 483 96 
650: 2242 2148 2147 61 5 
651: 2152 2151 2112 1908 653 
652: 2158 2157 1345 432 52 
653: 2166 2165 1001 920 651 
654: 2172 2171 1480 1405 210 
655: 2557 2179 1938 1937 242 
656: 2494 2183 1542 1518 1052 
657: 2425 2186 2185 2176 516 
658: 2528 2188 1285 1188 1064 
659: 2328 2189 1806 1671 488 
660: 2640 2196 1901 1008 815 
661: 2641 2198 1761 531 393 
662: 2931 2203 1190 195 194 
663: 2969 2211 1141 1086 372 
664: 2633 2217 2018 1511 782 
665: 2218 2217 1074 791 698 
666: 2654 2235 1280 304 65 
667: 2512 2242 309 300 270 
668: 2248 2247 2152 1575 9 
669: 2331 2249 1780 958 91 
670: 2594 2251 1861 1622 183 
671: 2454 2253 2252 1320 460 
672: 2656 2254 1733 750 351 
673: 2549 2257 2256 1055 200 
674: 2780 2261 2124 961 605 
675: 2882 2270 2269 2160 30 
676: 2637 2275 1325 1321 388 
677: 2784 2285 687 318 40 
678: 2481 2303 2302 904 165 
679: 2681 2306 1506 301 140 
680: 2511 2306 1651 900 142 
681: 2341 2311 1074 1051 342 
682: 2983 2311 1790 1428 620 
683: 2579 2314 974 208 125 
684: 2863 2316 836 344 83 
685: 2351 2318 2006 2005 46 
686: 2778 2323 1387 463 255 
687: 2743 2332 1712 677 135 
688: 2650 2335 2308 2307 717 
689: 2576 2338 1648 1576 86 
690: 2742 2346 570 154 21 
691: 2535 2350 2210 941 703 
692: 2975 2351 2252 1571 1073 
693: 2354 2353 1618 900 558 
694: 2462 2356 1149 1093 1035 
695: 2376 2359 2208 588 128 
696: 2907 2369 1173 1039 455 
697: 2635 2373 1289 1078 434 
698: 2452 2381 1310 665 480 
699: 2564 2383 1270 1213 154 
700: 2402 2401 1349 732 427 
701: 2471 2403 1455 971 629 
702: 2517 2408 1811 470 2 
703: 2420 2419 691 622 549 
704: 2622 2426 1027 880 328 
705: 2849 2447 2391 744 302 
706: 2647 2463 1933 1932 902 
707: 2684 2465 2436 2435 144 
708: 2933 2476 1877 1041 87 
709: 2671 2488 1047 524 77 
710: 2499 2498 1309 394 303 
711: 2501 2500 2230 1265 397 
712: 2542 2501 1233 237 7 
713: 2875 2509 1735 1134 14 
714: 2927 2530 1065 494 172 
715: 2775 2537 2536 1711 402 
716: 2693 2543 1692 1453 247 
717: 2755 2546 1180 806 688 
718: 2835 2548 1726 1129 610 
719: 2860 2563 2479 1042 198 
720: 2724 2575 1935 465 105 
721: 2578 2577 979 571 169 
722: 2653 2580 1251 1044 2 
723: 2963 2584 808 375 232 
724: 2989 2585 2523 1787 1593 
725: 2731 2592 2228 1396 40 
726: 2598 2597 2062 641 631 
727: 2612 2611 2444 1027 170 
728: 2623 2622 1513 353 88 
729: 2688 2634 2545 263 63 
730: 2805 2642 2337 1724 304 
731: 2756 2661 1103 802 581 
732: 2662 2661 2483 1341 700 
733: 2678 2677 917 903 605 
734: 2681 2680 2582 1943 342 
735: 2952 2685 2596 1104 739 
736: 2997 2706 1191 305 89 
737: 2758 2710 1461 938 385 
738: 2716 2715 1672 937 331 
739: 2901 2724 735 176 61 
740: 2725 2724 2475 329 322 
741: 2729 2728 1279 831 489 
742: 2730 2729 1630 160 131 
743: 2956 2735 857 852 109 
744: 2739 2738 2136 705 120 
745: 2880 2749 1974 1774 144 
746: 2867 2752 2751 813 75 
747: 2803 2770 2106 608 335 
748: 2792 2791 2666 1000 553 
749: 2796 2795 1894 934 921 
750: 2873 2804 1122 672 319 
751: 2990 2813 2060 1714 215 
752: 2816 2815 1523 451 37 
753: 2821 2820 2368 1274 221 
754: 2827 2826 1650 205 168 
755: 2845 2844 1382 1272 409 
756: 2939 2862 2246 392 349 
757: 2970 2875 2442 1443 1031 
758: 2877 2876 343 306 213 
759: 2887 2886 1760 1031 153 
760: 2894 2893 950 480 287 
761: 2929 2895 1494 1165 809 
762: 2909 2896 2895 2420 8 
763: 2991 2898 1851 132 44 
764: 2961 2912 1582 1207 187 
765: 2971 2916 1671 1613 1163 
766: 2920 2919 636 564 80 
767: 2922 2921 490 308 138 
768: 2933 2932 2911 2495 100 
769: 2959 2958 2480 1252 845 
770: 2678 571 345 307 
771: 800 772 201 9 
772: 1176 771 225 69 
773: 2090 308 161 55 
774: 1388 467 308 279 
775: 2092 467 416 309 
776: 888 536 108 34 
777: 2140 320 319 199 
778: 2300 779 257 204 
779: 1166 778 631 547 
780: 475 344 333 214 
781: 1174 333 246 56 
782: 1520 664 251 123 
783: 990 585 50 45 
784: 858 785 595 45 
785: 1066 784 596 150 
786: 787 497 310 25 
787: 1059 786 496 1 
788: 790 522 237 141 
789: 2198 790 462 70 
790: 1294 789 788 97 
791: 899 665 73 47 
792: 1337 793 311 89 
793: 1011 792 294 81 
794: 1088 795 312 62 
795: 2714 794 318 79 
796: 1524 797 116 46 
797: 1901 796 559 313 
798: 1061 120 44 32 
799: 862 800 458 114 
800: 2752 799 771 104 
801: 2636 411 348 314 
802: 1550 731 314 96 
803: 1380 96 78 71 
804: 561 316 315 160 
805: 1235 613 31 20 
806: 717 628 317 58 
807: 2268 808 318 90 
808: 925 807 723 326 
809: 1868 761 232 231 
810: 1230 515 441 50 
811: 812 206 45 43 
812: 1332 811 220 134 
813: 858 746 609 230 
814: 1118 578 215 33 
815: 894 660 332 197 
816: 2808 817 341 222 
817: 1902 816 374 193 
818: 2000 819 575 464 
819: 2089 820 818 193 
820: 912 821 819 450 
821: 1908 822 820 589 
822: 1283 821 460 69 
823: 2189 441 111 13 
824: 2812 644 189 152 
825: 2133 826 418 337 
826: 2616 825 331 91 
827: 1676 369 40 39 
828: 1104 369 115 27 
829: 2920 236 115 61 
830: 831 551 382 319 
831: 1450 830 741 28 
832: 2605 833 635 63 
833: 1803 834 832 48 
834: 1930 833 414 166 
835: 1381 385 183 24 
836: 1687 684 187 135 
837: 1912 600 191 29 
838: 1973 839 274 93 
839: 1919 838 637 144 
840: 1978 322 168 84 
841: 1099 842 270 147 
842: 885 843 841 589 
843: 2427 842 336 34 
844: 1983 211 198 150 
845: 1988 769 320 94 
846: 1989 847 237 206 
847: 881 846 606 4 
848: 1895 576 155 94 
849: 1672 610 590 279 
850: 2601 456 322 321 
851: 939 377 323 322 
852: 853 743 361 73 
853: 1343 852 447 152 
854: 1880 856 254 27 
855: 2727 856 338 324 
856: 2453 857 855 854 
857: 1362 856 743 325 
858: 1892 859 813 784 
859: 2021 858 337 325 
860: 1306 548 326 145 
861: 1032 458 327 186 
862: 799 327 318 26 
863: 2407 865 454 328 
864: 2234 865 494 66 
865: 2450 866 864 863 
866: 2040 867 865 123 
867: 2981 866 129 3 
868: 2042 591 340 92 
869: 2043 387 380 364 
870: 985 871 479 55 
871: 2534 872 870 93 
872: 1446 871 523 387 
873: 1293 517 329 32 
874: 2049 875 610 129 
875: 1314 874 434 271 
876: 1753 126 125 23 
877: 2485 878 331 330 
878: 2943 879 877 334 
879: 2051 878 332 73 
880: 2760 881 704 211 
881: 2054 880 847 139 
882: 2061 481 333 264 
883: 2070 884 244 54 
884: 1530 885 883 564 
885: 975 884 842 587 
886: 2116 887 357 151 
887: 1036 888 886 586 
888: 1605 887 776 100 
889: 2644 408 96 27 
890: 2073 362 241 100 
891: 1164 892 423 243 
892: 1227 893 891 139 
893: 2820 892 473 133 
894: 2096 895 815 499 
895: 2086 894 343 334 
896: 2097 288 28 5 
897: 1570 528 513 94 
898: 899 534 433 191 
899: 1838 898 791 49 
900: 693 680 335 122 
901: 1067 902 483 189 
902: 903 901 706 398 
903: 1599 904 902 733 
904: 2484 903 678 563 
905: 1575 906 336 308 
906: 907 905 623 327 
907: 1282 906 642 384 
908: 1038 643 337 241 
909: 560 384 338 149 
910: 1630 911 384 215 
911: 1043 910 346 181 
912: 2131 820 346 69 
913: 1772 477 339 162 
914: 1378 486 207 11 
915: 2146 917 533 468 
916: 1850 918 493 314 
917: 2916 918 915 733 
918: 2147 917 916 251 
919: 1401 920 621 340 
920: 1588 919 653 233 
921: 2611 749 234 228 
922: 2168 561 400 340 
923: 2173 419 341 117 
924: 2185 214 97 57 
925: 1427 927 808 624 
926: 1678 927 577 396 
927: 2766 928 926 925 
928: 2188 927 573 342 
929: 2197 930 216 204 
930: 1719 929 531 119 
931: 2200 458 393 253 
932: 934 439 197 95 
933: 1365 934 616 162 
934: 962 933 932 749 
935: 1500 936 577 343 
936: 2201 935 344 25 
937: 2204 938 738 96 
938: 1844 939 937 737 
939: 2205 938 851 7 
940: 588 231 152 112 
941: 2209 691 424 410 
942: 2404 943 495 253 
943: 2732 944 942 124 
944: 1716 945 943 375 
945: 2224 946 944 535 
946: 947 945 345 1 
947: 1611 946 489 256 
948: 2555 539 148 97 
949: 1777 950 148 9 
950: 2215 949 760 457 
951: 2379 389 346 270 
952: 1279 953 383 130 
953: 1929 954 952 347 
954: 2243 955 953 468 
955: 2950 954 500 348 
956: 2757 366 349 235 
957: 1017 958 350 100 
958: 2248 957 669 12 
959: 2258 351 146 44 
960: 1959 961 352 98 
961: 1972 960 674 510 
962: 2272 934 446 333 
963: 1950 964 407 353 
964: 2161 963 226 141 
965: 2281 430 398 354 
966: 2290 355 72 26 
967: 2291 492 432 1 
968: 969 371 252 249 
969: 2292 968 642 120 
970: 1161 519 356 194 
971: 2310 701 425 44 
972: 1911 973 620 264 
973: 1063 972 543 142 
974: 683 605 363 229 
975: 2561 976 885 357 
976: 1200 975 30 29 
977: 1173 535 358 270 
978: 2325 626 602 359 
979: 1644 721 401 360 
980: 2507 982 381 259 
981: 2145 982 599 164 
982: 2349 983 981 980 
983: 1167 982 360 267 
984: 2830 985 245 11 
985: 2332 984 870 224 
986: 2118 987 445 29 
987: 1758 988 986 306 
988: 2117 989 987 252 
989: 2562 988 453 43 
990: 2343 991 783 83 
991: 2751 992 990 8 
992: 1907 991 425 49 
993: 2229 995 593 510 
994: 1208 995 361 127 
995: 1006 997 994 993 
996: 1275 997 377 362 
997: 1376 998 996 995 
998: 1209 999 997 111 
999: 2346 1000 998 85 
1000: 1001 999 748 229 
1001: 2347 1000 653 128 
1002: 2345 476 265 204 
1003: 1283 476 404 182 
1004: 1264 1005 502 291 
1005: 1914 1007 1004 70 
1006: 2321 1007 995 535 
1007: 2360 1008 1006 1005 
1008: 1408 1007 660 599 
1009: 1164 1010 618 119 
1010: 2368 1009 412 363 
1011: 2374 1012 793 269 
1012: 2966 1011 154 130 
1013: 2378 1014 364 257 
1014: 2764 1013 365 6 
1015: 1084 1016 575 381 
1016: 2699 1017 1015 53 
1017: 2249 1018 1016 957 
1018: 2402 1019 1017 167 
1019: 2403 1018 495 30 
1020: 1212 430 379 261 
1021: 2572 515 513 431 
1022: 2556 429 127 105 
1023: 1374 1025 125 17 
1024: 1614 1025 366 27 
1025: 1655 1026 1024 1023 
1026: 2050 1027 1025 210 
1027: 2427 1026 727 704 
1028: 1030 461 424 276 
1029: 1494 1030 583 52 
1030: 2058 1029 1028 212 
1031: 2309 1032 759 757 
1032: 2443 1031 861 49 
1033: 2190 367 302 99 
1034: 2843 616 522 503 
1035: 1322 1036 694 125 
1036: 2149 1035 887 438 
1037: 2715 1038 174 48 
1038: 1411 1037 908 438 
1039: 696 402 368 166 
1040: 2475 449 369 74 
1041: 1114 708 449 174 
1042: 2478 719 449 413 
1043: 1413 911 256 202 
1044: 722 568 448 370 
1045: 2400 1046 370 60 
1046: 2486 1045 625 474 
1047: 1049 709 175 105 
1048: 1984 1049 371 124 
1049: 1219 1048 1047 633 
1050: 1332 1051 646 77 
1051: 2409 1052 1050 681 
1052: 1053 1051 656 372 
1053: 1910 1052 583 213 
1054: 1268 598 324 35 
1055: 2418 1056 673 25 
1056: 2913 1057 1055 457 
1057: 1102 1058 1056 166 
1058: 1404 1060 1057 70 
1059: 1835 1060 787 373 
1060: 2515 1061 1059 1058 
1061: 2516 1060 798 374 
1062: 2519 525 375 205 
1063: 2527 973 509 28 
1064: 2655 658 509 488 
1065: 1066 714 491 121 
1066: 2532 1065 785 250 
1067: 2540 901 502 53 
1068: 1521 1069 376 100 
1069: 2543 1068 377 126 
1070: 2195 1071 504 471 
1071: 1840 1072 1070 472 
1072: 1688 1071 468 95 
1073: 2352 1075 692 437 
1074: 2155 1076 681 665 
1075: 1483 1077 1073 255 
1076: 2156 1077 1074 212 
1077: 2563 1076 1075 520 
1078: 2599 697 378 249 
1079: 1396 380 379 203 
1080: 1082 614 601 415 
1081: 1761 1082 380 313 
1082: 1740 1081 1080 46 
1083: 1939 1084 159 56 
1084: 1238 1083 1015 415 
1085: 1962 1089 539 454 
1086: 2493 1089 663 556 
1087: 2169 1090 514 28 
1088: 1390 1090 794 613 
1089: 2082 1091 1086 1085 
1090: 2012 1092 1088 1087 
1091: 1583 1092 1089 234 
1092: 2083 1093 1091 1090 
1093: 2628 1092 694 103 
1094: 2883 1095 103 47 
1095: 1098 1094 307 173 
1096: 2241 1097 216 165 
1097: 1146 1098 1096 436 
1098: 2629 1097 1095 440 
1099: 1522 1100 841 385 
1100: 1278 1099 565 118 
1101: 1609 1102 162 87 
1102: 2859 1101 1057 553 
1103: 1492 731 381 277 
1104: 1680 828 735 75 
1105: 2722 531 484 277 
1106: 2948 1107 275 240 
1107: 2045 1109 1106 556 
1108: 1636 1110 277 3 
1109: 2044 1110 1107 104 
1110: 1259 1111 1109 1108 
1111: 1590 1110 544 534 
1112: 2723 544 382 38 
1113: 1199 562 79 6 
1114: 1651 1041 618 603 
1115: 1117 405 187 70 
1116: 2754 1117 342 33 
1117: 1979 1116 1115 20 
1118: 2114 1119 814 383 
1119: 2321 1120 1118 396 
1120: 2763 1119 540 445 
1121: 2792 611 431 384 
1122: 2540 750 649 32 
1123: 2493 1124 385 152 
1124: 2533 1126 1123 110 
1125: 2299 1126 154 101 
1126: 2298 1127 1125 1124 
1127: 2819 1126 386 278 
1128: 2823 517 242 180 
1129: 2204 718 224 2 
1130: 2326 1131 399 109 
1131: 2836 1130 559 224 
1132: 1400 1133 630 387 
1133: 2871 1132 388 102 
1134: 2874 713 408 390 
1135: 1603 1136 532 108 
1136: 1353 1135 389 134 
1137: 2905 461 410 231 
1138: 1306 1139 390 338 
1139: 2636 1138 580 391 
1140: 2906 390 328 103 
1141: 1440 1142 663 174 
1142: 1263 1143 1141 532 
1143: 2270 1144 1142 392 
1144: 1338 1145 1143 393 
1145: 2841 1146 1144 447 
1146: 2581 1147 1145 1097 
1147: 1196 1148 1146 138 
1148: 1268 1150 1147 539 
1149: 2191 1151 694 29 
1150: 2068 1152 1148 394 
1151: 1948 1154 1149 395 
1152: 2214 1155 1150 521 
1153: 2041 1156 396 129 
1154: 2190 1156 1151 463 
1155: 2131 1156 1152 452 
1156: 2910 1155 1154 1153 
1157: 1162 464 463 147 
1158: 1906 1160 112 27 
1159: 2155 1160 397 59 
1160: 1379 1161 1159 1158 
1161: 2296 1162 1160 970 
1162: 2911 1161 1157 525 
1163: 2917 765 149 16 
1164: 2227 1165 1009 891 
1165: 2930 1164 761 416 
1166: 779 622 546 398 
1167: 1854 1168 983 399 
1168: 2151 1169 1167 233 
1169: 2952 1168 401 400 
1170: 2098 1171 569 81 
1171: 1932 1172 1170 5 
1172: 2953 1171 401 211 
1173: 2967 977 696 554 
1174: 1771 1175 781 554 
1175: 2968 1174 617 402 
1176: 2322 1177 772 358 
1177: 2078 1179 1176 632 
1178: 1472 1182 459 403 
1179: 2543 1182 1177 404 
1180: 2289 1183 717 405 
1181: 2239 1184 625 448 
1182: 1982 1184 1179 1178 
1183: 2977 1185 1180 362 
1184: 2238 1186 1182 1181 
1185: 1794 1187 1183 171 
1186: 2181 1187 1184 406 
1187: 2043 1188 1186 1185 
1188: 2978 1187 658 104 
1189: 1798 574 428 269 
1190: 2932 1191 662 22 
1191: 1475 1190 736 3 
1192: 2194 1193 394 77 
1193: 2551 1194 1192 420 
1194: 1768 1195 1193 105 
1195: 2338 1202 1194 226 
1196: 2242 1204 1147 8 
1197: 1355 1205 280 53 
1198: 2779 1206 183 71 
1199: 2735 1208 1113 478 
1200: 2319 1210 976 106 
1201: 1330 1211 88 20 
1202: 2273 1213 1195 407 
1203: 2608 1214 25 6 
1204: 2071 1217 1196 408 
1205: 2352 1217 1197 107 
1206: 1419 1218 1198 178 
1207: 1592 1222 764 409 
1208: 1825 1226 1199 994 
1209: 2716 1229 998 280 
1210: 2759 1229 1200 630 
1211: 2088 1234 1201 109 
1212: 2409 1236 1020 410 
1213: 1717 1237 1202 699 
1214: 1460 1238 1203 470 
1215: 1670 1246 262 70 
1216: 2408 1246 528 430 
1217: 1577 1247 1205 1204 
1218: 1961 1249 1206 135 
1219: 1528 1250 1049 612 
1220: 2395 1252 241 3 
1221: 2663 1255 560 24 
1222: 1606 1257 1207 572 
1223: 2619 1259 184 98 
1224: 2632 1265 584 411 
1225: 1952 1266 190 77 
1226: 1794 1267 1208 590 
1227: 1547 1269 892 366 
1228: 2708 1269 412 31 
1229: 2326 1281 1210 1209 
1230: 1377 1282 1271 810 
1231: 1987 1286 491 202 
1232: 1536 1288 413 118 
1233: 1594 1290 712 414 
1234: 2417 1292 1211 553 
1235: 1301 1293 1244 805 
1236: 2858 1295 1212 16 
1237: 2866 1298 1213 433 
1238: 2622 1298 1214 1084 
1239: 1317 1302 634 527 
1240: 2469 1303 273 30 
1241: 2960 1305 64 20 
1242: 1695 1311 244 165 
1243: 2082 1313 290 31 
1244: 1643 1314 1235 457 
1245: 1964 1316 581 415 
1246: 1854 1319 1216 1215 
1247: 2286 1322 1217 209 
1248: 1969 1323 1313 138 
1249: 1499 1323 1218 511 
1250: 1516 1326 1219 60 
1251: 2887 1329 722 108 
1252: 1737 1333 1220 769 
1253: 2333 1335 432 109 
1254: 1374 1336 466 208 
1255: 1754 1339 1221 97 
1256: 2329 1344 512 136 
1257: 2947 1345 1222 226 
1258: 1938 1347 452 110 
1259: 1624 1347 1223 1110 
1260: 2364 1350 416 11 
1261: 2002 1351 417 204 
1262: 2025 1352 418 111 
1263: 2526 1352 1304 1142 
1264: 2789 1356 1004 534 
1265: 2904 1357 1224 711 
1266: 1942 1358 1225 112 
1267: 2890 1360 1226 113 
1268: 2794 1361 1148 1054 
1269: 2707 1361 1228 1227 
1270: 2563 1362 699 115 
1271: 1890 1363 1230 419 
1272: 2041 1364 755 310 
1273: 2980 1366 552 32 
1274: 2722 1367 753 420 
1275: 1907 1368 996 128 
1276: 2053 1369 619 12 
1277: 1773 1371 155 117 
1278: 1928 1371 1100 421 
1279: 2387 1376 952 741 
1280: 2949 1377 666 264 
1281: 2887 1383 1229 422 
1282: 2025 1384 1230 907 
1283: 2460 1386 1003 822 
1284: 2516 1388 262 21 
1285: 2301 1389 658 123 
1286: 2339 1391 1231 219 
1287: 1888 1392 424 423 
1288: 2050 1394 1232 114 
1289: 1570 1395 697 425 
1290: 2541 1397 1233 68 
1291: 1837 1398 1397 251 
1292: 2656 1402 1234 426 
1293: 2468 1403 1235 873 
1294: 1629 1406 790 549 
1295: 1793 1407 1236 130 
1296: 1902 1408 229 145 
1297: 2187 1409 119 11 
1298: 2508 1409 1238 1237 
1299: 1720 1410 427 115 
1300: 1662 1414 623 524 
1301: 1559 1414 1235 149 
1302: 2740 1416 1239 33 
1303: 1531 1420 1240 501 
1304: 2710 1422 1263 385 
1305: 1508 1422 1241 223 
1306: 2579 1423 1138 860 
1307: 1917 1424 1412 428 
1308: 1552 1425 430 429 
1309: 2296 1428 710 431 
1310: 2791 1429 698 432 
1311: 2814 1431 1242 34 
1312: 1854 1433 512 72 
1313: 2810 1436 1248 1243 
1314: 2476 1438 1244 875 
1315: 2606 1444 433 330 
1316: 1893 1447 1245 236 
1317: 2568 1451 1239 184 
1318: 1628 1452 420 35 
1319: 2561 1452 1246 242 
1320: 2152 1456 671 434 
1321: 2809 1457 676 435 
1322: 2285 1458 1247 1035 
1323: 1970 1459 1249 1248 
1324: 2085 1459 1415 179 
1325: 2808 1460 676 436 
1326: 2521 1463 1250 271 
1327: 2382 1464 117 116 
1328: 1745 1465 118 34 
1329: 2581 1466 1251 437 
1330: 2087 1467 1201 438 
1331: 1536 1469 521 35 
1332: 1877 1477 1050 812 
1333: 1734 1479 1252 131 
1334: 1674 1481 439 6 
1335: 2630 1482 1253 440 
1336: 2224 1489 1254 644 
1337: 1835 1490 792 186 
1338: 2199 1491 1144 393 
1339: 2662 1503 1255 438 
1340: 1845 1504 441 119 
1341: 2018 1505 732 442 
1342: 2183 1508 443 137 
1343: 2669 1509 853 36 
1344: 2701 1512 1442 1256 
1345: 2854 1513 1257 652 
1346: 2358 1514 444 2 
1347: 1898 1515 1259 1258 
1348: 2249 1521 329 25 
1349: 2356 1524 700 43 
1350: 2721 1525 1260 143 
1351: 2981 1535 1261 120 
1352: 2011 1537 1263 1262 
1353: 2895 1537 1136 606 
1354: 2232 1538 1406 249 
1355: 1925 1539 1197 445 
1356: 2788 1540 1418 1264 
1357: 2905 1541 1265 207 
1358: 1907 1543 1266 592 
1359: 2108 1544 504 124 
1360: 2859 1546 1267 246 
1361: 2505 1547 1269 1268 
1362: 2038 1550 1270 857 
1363: 2024 1551 1271 212 
1364: 2690 1551 1272 492 
1365: 1607 1552 933 446 
1366: 1798 1553 1273 122 
1367: 2721 1553 1381 1274 
1368: 1812 1554 1275 447 
1369: 1929 1557 1276 448 
1370: 2380 1558 563 555 
1371: 2482 1567 1278 1277 
1372: 1769 1574 121 21 
1373: 2294 1576 222 76 
1374: 2029 1577 1254 1023 
1375: 2315 1579 1564 18 
1376: 2940 1580 1279 997 
1377: 2593 1581 1280 1230 
1378: 2668 1585 914 648 
1379: 2612 1590 1160 407 
1380: 2558 1591 803 489 
1381: 2805 1601 1367 835 
1382: 2187 1602 755 509 
1383: 1623 1602 1281 18 
1384: 2245 1619 1282 37 
1385: 1697 1620 217 111 
1386: 2360 1631 1283 449 
1387: 1700 1636 686 450 
1388: 2992 1640 1284 774 
1389: 2302 1643 1285 7 
1390: 1667 1646 1088 43 
1391: 2080 1649 1286 451 
1392: 1871 1650 1287 4 
1393: 2833 1652 587 538 
1394: 2909 1660 1288 452 
1395: 2067 1661 1289 119 
1396: 2593 1665 1079 725 
1397: 2706 1665 1291 1290 
1398: 1750 1666 1466 1291 
1399: 2079 1667 133 122 
1400: 2870 1668 1132 453 
1401: 2387 1669 919 643 
1402: 2365 1678 1292 14 
1403: 2075 1682 1293 508 
1404: 2095 1684 1058 219 
1405: 2448 1687 1673 654 
1406: 2265 1688 1354 1294 
1407: 2278 1689 1604 1295 
1408: 2361 1690 1296 1008 
1409: 2536 1690 1298 1297 
1410: 1963 1696 1299 454 
1411: 2463 1696 1451 1038 
1412: 2373 1697 1307 238 
1413: 2193 1700 1043 369 
1414: 1848 1701 1301 1300 
1415: 2617 1702 1324 137 
1416: 2457 1703 1515 1302 
1417: 2817 1704 1596 360 
1418: 2496 1705 1356 455 
1419: 2374 1706 1206 123 
1420: 2598 1709 1303 38 
1421: 2235 1710 645 467 
1422: 2381 1713 1305 1304 
1423: 2614 1718 1306 124 
1424: 2882 1719 1307 456 
1425: 2046 1721 1308 331 
1426: 2852 1726 54 38 
1427: 2113 1727 925 540 
1428: 2413 1728 1309 682 
1429: 1833 1730 1558 1310 
1430: 1971 1731 457 48 
1431: 2464 1736 1311 143 
1432: 2625 1736 243 38 
1433: 2867 1739 1312 192 
1434: 2019 1741 62 39 
1435: 2054 1742 1716 432 
1436: 2024 1743 1313 458 
1437: 2944 1745 1637 54 
1438: 2394 1746 1314 177 
1439: 2493 1748 459 125 
1440: 2894 1750 1493 1141 
1441: 2865 1751 1578 460 
1442: 2700 1752 1344 461 
1443: 2829 1752 757 254 
1444: 2504 1753 1315 126 
1445: 2528 1757 570 462 
1446: 2892 1759 872 463 
1447: 2469 1760 1453 1316 
1448: 2621 1763 464 41 
1449: 2520 1769 1514 60 
1450: 2863 1775 831 280 
1451: 2741 1775 1411 1317 
1452: 2562 1780 1319 1318 
1453: 2470 1784 1447 716 
1454: 1915 1788 466 465 
1455: 2311 1792 701 203 
1456: 2153 1797 1685 1320 
1457: 2877 1797 1321 467 
1458: 2323 1801 1322 243 
1459: 2492 1810 1324 1323 
1460: 2607 1814 1325 1214 
1461: 2709 1819 737 468 
1462: 2643 1824 175 127 
1463: 1828 1827 1326 218 
1464: 1997 1828 1327 190 
1465: 2088 1829 1328 469 
1466: 2664 1830 1398 1329 
1467: 1908 1831 1330 128 
1468: 2437 1834 1833 129 
1469: 1861 1834 1331 564 
1470: 2466 1841 1840 470 
1471: 2898 1841 1549 471 
1472: 2997 1842 1178 14 
1473: 2375 1842 389 130 
1474: 2620 1843 233 14 
1475: 2998 1850 1191 172 
1476: 2471 1851 472 68 
1477: 2718 1853 1332 569 
1478: 2919 1856 1855 3 
1479: 2487 1858 1857 1333 
1480: 1859 1858 654 16 
1481: 2114 1858 1334 613 
1482: 2773 1860 1335 131 
1483: 1863 1862 1075 550 
1484: 2112 1863 529 64 
1485: 1865 1864 537 410 
1486: 2272 1867 495 132 
1487: 2265 1869 1868 356 
1488: 2243 1869 1655 153 
1489: 2042 1870 1869 1336 
1490: 2007 1872 1337 53 
1491: 1875 1874 1338 133 
1492: 2660 1876 1103 607 
1493: 1880 1879 1440 10 
1494: 1882 1881 1029 761 
1495: 2078 1882 542 473 
1496: 2754 1885 474 106 
1497: 1888 1887 1734 1615 
1498: 2390 1895 1894 6 
1499: 1962 1896 1249 59 
1500: 1898 1897 935 349 
1501: 2731 1902 1767 1660 
1502: 2809 1905 475 160 
1503: 2225 1909 1339 460 
1504: 2777 1912 1340 142 
1505: 2844 1912 1341 168 
1506: 1967 1913 679 50 
1507: 2657 1914 476 351 
1508: 2959 1918 1342 1305 
1509: 2982 1920 1343 158 
1510: 2718 1924 182 42 
1511: 2216 1924 664 477 
1512: 1927 1926 1344 490 
1513: 2853 1928 1345 728 
1514: 1934 1933 1449 1346 
1515: 2458 1934 1416 1347 
1516: 2343 1935 1250 182 
1517: 2184 1939 284 134 
1518: 2776 1941 656 478 
1519: 2762 1947 135 23 
1520: 1949 1948 782 169 
1521: 2250 1953 1348 1068 
1522: 2653 1957 1099 40 
1523: 2999 1960 1792 752 
1524: 2355 1963 1349 796 
1525: 2845 1968 1584 1350 
1526: 2603 1979 304 21 
1527: 2877 1980 1788 66 
1528: 1981 1980 1219 507 
1529: 2574 1981 241 105 
1530: 2719 1990 884 203 
1531: 1992 1991 1731 1303 
1532: 2419 1997 638 479 
1533: 2295 1999 377 139 
1534: 2004 2003 1783 170 
1535: 2980 2005 1351 544 
1536: 2750 2009 1331 1232 
1537: 2945 2012 1353 1352 
1538: 2233 2013 1354 545 
1539: 2498 2014 1540 1355 
1540: 2522 2015 1539 1356 
1541: 2023 2015 1357 136 
1542: 2017 2016 656 567 
1543: 2028 2027 1598 1358 
1544: 2624 2028 1654 1359 
1545: 2667 2031 2030 527 
1546: 2860 2032 1360 480 
1547: 2191 2033 1361 1227 
1548: 2055 2036 2035 226 
1549: 2899 2037 1471 305 
1550: 2739 2039 1362 802 
1551: 2219 2042 1364 1363 
1552: 2091 2045 1365 1308 
1553: 2301 2046 1367 1366 
1554: 2120 2047 1368 1 
1555: 2049 2048 243 41 
1556: 2185 2052 2051 481 
1557: 2892 2052 1369 2 
1558: 2703 2055 1429 1370 
1559: 2434 2057 2056 1301 
1560: 2855 2057 482 42 
1561: 2169 2058 400 176 
1562: 2060 2059 483 178 
1563: 2454 2066 484 107 
1564: 2849 2069 1375 485 
1565: 2928 2073 202 201 
1566: 2426 2077 2076 190 
1567: 2483 2083 1371 137 
1568: 2446 2084 634 138 
1569: 2917 2094 1673 57 
1570: 2784 2098 1289 897 
1571: 2100 2099 692 247 
1572: 2105 2104 1804 161 
1573: 2521 2106 276 46 
1574: 2866 2106 1372 530 
1575: 2362 2108 905 668 
1576: 2128 2108 1373 689 
1577: 2353 2111 1374 1217 
1578: 2668 2113 1441 439 
1579: 2848 2118 1375 345 
1580: 2386 2119 1376 132 
1581: 2594 2126 1377 486 
1582: 2946 2132 764 4 
1583: 2658 2138 1091 487 
1584: 2141 2140 1525 551 
1585: 2676 2144 1378 81 
1586: 2146 2145 196 66 
1587: 2150 2149 488 228 
1588: 2473 2150 920 489 
1589: 2529 2150 491 490 
1590: 2585 2154 1379 1111 
1591: 2696 2159 1380 413 
1592: 2163 2162 1973 1207 
1593: 2586 2163 724 94 
1594: 2165 2164 1233 492 
1595: 2526 2167 2166 493 
1596: 2818 2177 1417 139 
1597: 2824 2178 494 220 
1598: 2180 2179 1993 1543 
1599: 2182 2181 903 632 
1600: 2183 2182 191 140 
1601: 2806 2182 1381 141 
1602: 2424 2188 1383 1382 
1603: 2197 2196 2004 1135 
1604: 2568 2197 1407 104 
1605: 2199 2198 888 495 
1606: 2342 2199 1222 617 
1607: 2497 2200 1365 519 
1608: 2834 2200 497 496 
1609: 2655 2202 1101 142 
1610: 2307 2204 2203 264 
1611: 2467 2211 947 43 
1612: 2213 2212 614 498 
1613: 2214 2213 765 157 
1614: 2477 2215 1024 593 
1615: 2220 2219 1497 546 
1616: 2486 2221 2220 143 
1617: 2227 2226 646 499 
1618: 2922 2244 693 500 
1619: 2795 2244 1384 626 
1620: 2247 2246 1385 518 
1621: 2599 2248 501 483 
1622: 2700 2250 670 502 
1623: 2888 2257 1383 173 
1624: 2910 2259 1259 49 
1625: 2637 2261 580 144 
1626: 2954 2263 2262 622 
1627: 2438 2264 503 18 
1628: 2813 2265 1318 153 
1629: 2801 2266 1294 504 
1630: 2276 2275 910 742 
1631: 2279 2278 2260 1386 
1632: 2969 2281 505 145 
1633: 2317 2283 595 273 
1634: 2551 2287 2286 23 
1635: 2298 2297 1772 12 
1636: 2324 2302 1387 1108 
1637: 2945 2308 1437 181 
1638: 2723 2312 1639 450 
1639: 2402 2313 1638 506 
1640: 2991 2313 1388 133 
1641: 2445 2315 2314 507 
1642: 2564 2319 1693 508 
1643: 2393 2320 1389 1244 
1644: 2510 2325 979 146 
1645: 2327 2326 1691 612 
1646: 2804 2333 1390 509 
1647: 2854 2337 246 96 
1648: 2675 2339 689 510 
1649: 2848 2340 1391 546 
1650: 2351 2350 1392 754 
1651: 2753 2353 1114 680 
1652: 2355 2354 1393 511 
1653: 2412 2355 513 512 
1654: 2625 2357 1544 101 
1655: 2359 2358 1488 1025 
1656: 2362 2361 1870 465 
1657: 2364 2363 514 147 
1658: 2370 2369 2142 565 
1659: 2371 2370 612 167 
1660: 2372 2371 1501 1394 
1661: 2627 2374 1395 515 
1662: 2376 2375 1300 516 
1663: 2377 2376 1778 312 
1664: 2824 2378 517 15 
1665: 2707 2380 1397 1396 
1666: 2772 2382 2381 1398 
1667: 2384 2383 1399 1390 
1668: 2746 2386 2385 1400 
1669: 2740 2388 1401 54 
1670: 2391 2390 1215 221 
1671: 2395 2394 765 659 
1672: 2397 2396 849 738 
1673: 2918 2396 1569 1405 
1674: 2494 2405 2404 1334 
1675: 2406 2405 518 235 
1676: 2503 2409 827 519 
1677: 2417 2416 593 13 
1678: 2613 2418 1402 926 
1679: 2499 2419 2418 520 
1680: 2502 2421 1104 258 
1681: 2424 2423 148 67 
1682: 2425 2424 1403 5 
1683: 2428 2427 567 149 
1684: 2431 2430 2167 1404 
1685: 2434 2433 1456 480 
1686: 2441 2440 597 68 
1687: 2701 2447 1405 836 
1688: 2561 2449 1406 1072 
1689: 2567 2451 1407 521 
1690: 2453 2452 1409 1408 
1691: 2454 2453 1645 562 
1692: 2582 2455 716 235 
1693: 2565 2457 1642 485 
1694: 2550 2460 596 522 
1695: 2857 2463 1242 44 
1696: 2466 2465 1411 1410 
1697: 2736 2466 1412 1385 
1698: 2819 2471 524 523 
1699: 2480 2479 2036 52 
1700: 2834 2482 1413 1387 
1701: 2485 2484 1414 525 
1702: 2934 2491 1415 147 
1703: 2988 2492 1416 33 
1704: 2495 2494 1417 343 
1705: 2985 2495 1418 150 
1706: 2780 2496 1419 261 
1707: 2752 2500 603 526 
1708: 2504 2503 2239 527 
1709: 2505 2504 1420 609 
1710: 2508 2507 2472 1421 
1711: 2761 2513 2512 715 
1712: 2744 2519 1796 687 
1713: 2577 2525 1422 359 
1714: 2812 2525 751 528 
1715: 2531 2530 529 255 
1716: 2534 2533 1435 944 
1717: 2978 2535 1213 530 
1718: 2578 2541 1423 531 
1719: 2883 2544 1424 930 
1720: 2868 2546 1299 611 
1721: 2553 2552 1425 388 
1722: 2558 2557 540 45 
1723: 2566 2565 1865 271 
1724: 2643 2567 730 476 
1725: 2571 2570 2174 14 
1726: 2853 2570 1426 718 
1727: 2577 2576 2330 1427 
1728: 2977 2585 2584 1428 
1729: 2597 2596 532 8 
1730: 2602 2601 1429 533 
1731: 2603 2602 1531 1430 
1732: 2864 2609 2608 577 
1733: 2616 2615 672 534 
1734: 2617 2616 1497 1333 
1735: 2620 2619 713 63 
1736: 2626 2625 1432 1431 
1737: 2628 2627 2490 1252 
1738: 2806 2631 2630 467 
1739: 2632 2631 1433 188 
1740: 2635 2634 1082 151 
1741: 2638 2637 1434 535 
1742: 2644 2643 1435 536 
1743: 2648 2647 1436 537 
1744: 2651 2650 2250 46 
1745: 2705 2654 1437 1328 
1746: 2655 2654 1438 250 
1747: 2658 2657 2458 55 
1748: 2676 2660 1755 1439 
1749: 2914 2665 2664 15 
1750: 2668 2667 1440 1398 
1751: 2783 2669 1441 212 
1752: 2828 2673 1443 1442 
1753: 2675 2674 1444 876 
1754: 2970 2674 1255 505 
1755: 2677 2675 1748 437 
1756: 2684 2683 2524 538 
1757: 2704 2684 1758 1445 
1758: 2763 2685 1757 987 
1759: 2891 2685 1446 152 
1760: 2693 2692 1447 759 
1761: 2699 2698 1081 661 
1762: 2906 2702 2701 153 
1763: 2994 2703 2702 1448 
1764: 2706 2705 2322 59 
1765: 2711 2710 1816 539 
1766: 2762 2713 540 186 
1767: 2732 2717 1501 508 
1768: 2847 2719 2718 1194 
1769: 2721 2720 1449 1372 
1770: 2738 2737 2283 600 
1771: 2747 2746 2680 1174 
1772: 2757 2756 1635 913 
1773: 2762 2761 1277 156 
1774: 2764 2763 745 154 
1775: 2769 2768 1451 1450 
1776: 2886 2771 2770 541 
1777: 2773 2772 2547 949 
1778: 2818 2777 2776 1663 
1779: 2782 2781 2033 155 
1780: 2790 2789 1452 669 
1781: 2797 2796 507 341 
1782: 2799 2798 2462 514 
1783: 2801 2800 2589 1534 
1784: 2805 2804 1453 574 
1785: 2808 2807 539 348 
1786: 2825 2824 542 298 
1787: 2833 2832 724 155 
1788: 2838 2837 1527 1454 
1789: 2839 2838 2101 238 
1790: 2840 2839 682 543 
1791: 2929 2850 2849 260 
1792: 2998 2850 1523 1455 
1793: 2897 2857 1295 156 
1794: 2862 2861 1226 1185 
1795: 2872 2871 627 110 
1796: 2876 2875 1712 597 
1797: 2937 2878 1457 1456 
1798: 2993 2878 1366 1189 
1799: 2881 2880 544 157 
1800: 2890 2889 2034 3 
1801: 2893 2892 1458 408 
1802: 2898 2897 2098 545 
1803: 2900 2899 2231 833 
1804: 2903 2902 1572 582 
1805: 2909 2908 546 353 
1806: 2914 2913 659 246 
1807: 2925 2924 346 112 
1808: 2929 2928 547 73 
1809: 2934 2933 1823 0 
1810: 2943 2942 1459 548 
1811: 2958 2957 2845 702 
1812: 2963 2962 2744 1368 
1813: 2965 2964 2587 578 
1814: 2966 2965 1900 1460 
1815: 2973 2972 440 52 
1816: 2975 2974 2017 1765 
1817: 2993 2989 549 65 
1818: 216 159 158 
1819: 1461 209 16 
1820: 551 550 517 
1821: 541 177 17 
1822: 556 161 160 
1823: 1809 552 200 
1824: 1462 553 199 
1825: 1826 1208 183 
1826: 1825 558 257 
1827: 1463 631 176 
1828: 1464 1463 214 
1829: 1465 123 22 
1830: 1466 585 162 
1831: 1832 1467 150 
1832: 1831 554 170 
1833: 1468 1429 170 
1834: 1469 1468 80 
1835: 2600 1337 1059 
1836: 555 364 253 
1837: 1838 1291 163 
1838: 1837 899 61 
1839: 140 55 37 
1840: 1470 1071 164 
1841: 1471 1470 165 
1842: 1473 1472 139 
1843: 1474 556 118 
1844: 938 556 166 
1845: 1340 558 557 
1846: 1847 558 129 
1847: 1846 167 63 
1848: 1849 1414 168 
1849: 1848 493 47 
1850: 1475 916 7 
1851: 1476 763 559 
1852: 1853 560 120 
1853: 1852 1477 91 
1854: 1312 1246 1167 
1855: 1478 561 169 
1856: 1857 1478 361 
1857: 1856 1479 170 
1858: 1481 1480 1479 
1859: 1860 1480 562 
1860: 1859 1482 563 
1861: 1469 670 218 
1862: 1483 564 86 
1863: 1484 1483 31 
1864: 1485 565 78 
1865: 1723 1485 566 
1866: 567 210 138 
1867: 1486 171 81 
1868: 1487 809 178 
1869: 1489 1488 1487 
1870: 1656 1489 292 
1871: 1392 382 172 
1872: 1490 515 179 
1873: 1874 630 173 
1874: 1873 1491 526 
1875: 1491 472 48 
1876: 1492 568 320 
1877: 1332 708 568 
1878: 1879 206 49 
1879: 1878 1493 569 
1880: 1493 854 399 
1881: 1494 230 185 
1882: 1495 1494 154 
1883: 571 570 174 
1884: 572 571 175 
1885: 1496 572 50 
1886: 1887 176 51 
1887: 1886 1497 573 
1888: 1889 1497 1287 
1889: 1888 574 197 
1890: 1891 1271 169 
1891: 1890 609 319 
1892: 858 575 236 
1893: 1316 418 177 
1894: 1498 749 177 
1895: 1896 1498 848 
1896: 1897 1895 1499 
1897: 1896 1500 66 
1898: 1500 1347 576 
1899: 577 422 184 
1900: 1814 577 215 
1901: 797 660 578 
1902: 1501 1296 817 
1903: 1904 401 28 
1904: 1903 579 475 
1905: 1502 435 321 
1906: 1158 557 323 
1907: 1358 1275 992 
1908: 1467 821 651 
1909: 1503 580 178 
1910: 1053 581 178 
1911: 972 378 217 
1912: 1505 1504 837 
1913: 1506 168 164 
1914: 1507 1005 179 
1915: 1916 1454 278 
1916: 1915 582 51 
1917: 1918 1307 506 
1918: 1917 1508 180 
1919: 839 412 180 
1920: 1921 1509 244 
1921: 1920 126 52 
1922: 1923 583 19 
1923: 1922 337 53 
1924: 1511 1510 54 
1925: 1926 1355 584 
1926: 1925 1512 4 
1927: 1512 585 421 
1928: 1513 1278 586 
1929: 1369 953 586 
1930: 2905 834 490 
1931: 1932 143 115 
1932: 1931 1171 706 
1933: 1514 706 181 
1934: 1515 1514 182 
1935: 1936 1516 720 
1936: 1937 1935 587 
1937: 1936 655 588 
1938: 1258 655 55 
1939: 1517 1083 183 
1940: 1941 159 56 
1941: 1940 1518 589 
1942: 1266 590 220 
1943: 1944 734 220 
1944: 1943 185 184 
1945: 1946 387 185 
1946: 1945 591 186 
1947: 1519 186 92 
1948: 1520 1151 187 
1949: 1520 188 137 
1950: 963 592 250 
1951: 592 206 57 
1952: 1225 189 57 
1953: 1954 1521 190 
1954: 1955 1953 593 
1955: 1954 594 12 
1956: 1957 595 594 
1957: 1956 1522 289 
1958: 598 597 596 
1959: 960 597 66 
1960: 1523 599 191 
1961: 1218 639 600 
1962: 1499 1085 601 
1963: 1524 1410 581 
1964: 1965 1245 192 
1965: 1966 1964 18 
1966: 1965 225 85 
1967: 1968 1506 85 
1968: 1967 1525 193 
1969: 1248 194 193 
1970: 1323 602 195 
1971: 1430 599 195 
1972: 1973 961 457 
1973: 1972 1592 838 
1974: 1975 745 603 
1975: 1976 1974 196 
1976: 1977 1975 32 
1977: 1976 572 84 
1978: 1979 840 567 
1979: 1978 1526 1117 
1980: 1528 1527 454 
1981: 1982 1529 1528 
1982: 1981 1182 498 
1983: 844 604 197 
1984: 1048 605 198 
1985: 1986 371 199 
1986: 1987 1985 200 
1987: 1986 1231 201 
1988: 845 202 58 
1989: 846 339 59 
1990: 1530 606 300 
1991: 1531 203 102 
1992: 1993 1531 54 
1993: 1992 1598 607 
1994: 1995 607 60 
1995: 1994 122 35 
1996: 638 608 61 
1997: 1532 1464 74 
1998: 610 609 576 
1999: 1533 611 227 
2000: 2001 818 227 
2001: 2000 204 21 
2002: 1261 272 200 
2003: 1534 562 395 
2004: 2005 1603 1534 
2005: 2004 1535 685 
2006: 2007 685 592 
2007: 2006 1490 205 
2008: 2009 612 205 
2009: 2010 2008 1536 
2010: 2011 2009 619 
2011: 2010 1352 552 
2012: 1537 1090 13 
2013: 2014 1538 613 
2014: 2013 1539 206 
2015: 1541 1540 614 
2016: 1542 615 207 
2017: 1816 1542 520 
2018: 1341 664 62 
2019: 2020 1434 616 
2020: 2019 593 17 
2021: 2022 859 192 
2022: 2023 2021 51 
2023: 2022 1541 63 
2024: 1436 1363 512 
2025: 1282 1262 617 
2026: 2027 208 184 
2027: 2026 1543 4 
2028: 1544 1543 64 
2029: 2030 1374 555 
2030: 2029 1545 213 
2031: 2032 1545 365 
2032: 2031 1546 618 
2033: 1779 1547 548 
2034: 1800 619 367 
2035: 1548 452 414 
2036: 2037 1699 1548 
2037: 2038 2036 1549 
2038: 2037 1362 84 
2039: 2040 1550 117 
2040: 2039 866 620 
2041: 1272 1153 209 
2042: 1551 1489 868 
2043: 1187 869 621 
2044: 1109 445 163 
2045: 1552 1107 368 
2046: 1553 1425 643 
2047: 2048 1554 391 
2048: 2047 1555 210 
2049: 1555 874 172 
2050: 1288 1026 171 
2051: 1556 879 0 
2052: 1557 1556 622 
2053: 1276 212 211 
2054: 1435 881 213 
2055: 2056 1558 1548 
2056: 2055 1559 285 
2057: 1560 1559 255 
2058: 1561 1030 482 
2059: 1562 623 212 
2060: 1562 751 481 
2061: 882 624 9 
2062: 2063 726 624 
2063: 2062 625 185 
2064: 2065 625 214 
2065: 2064 626 610 
2066: 1563 627 626 
2067: 1395 628 627 
2068: 2069 1150 628 
2069: 2070 2068 1564 
2070: 2069 883 272 
2071: 1204 100 65 
2072: 630 629 215 
2073: 1565 890 216 
2074: 2075 579 18 
2075: 2076 2074 1403 
2076: 2075 1566 631 
2077: 1566 632 80 
2078: 1495 1177 217 
2079: 1399 633 19 
2080: 2081 1391 19 
2081: 2082 2080 640 
2082: 2081 1243 1089 
2083: 1567 1092 634 
2084: 2085 1568 635 
2085: 2086 2084 1324 
2086: 2087 2085 895 
2087: 2086 1330 379 
2088: 1465 1211 218 
2089: 2090 819 151 
2090: 2089 773 636 
2091: 2092 1552 637 
2092: 2093 2091 775 
2093: 2092 639 638 
2094: 1569 639 219 
2095: 2096 1404 47 
2096: 2095 894 72 
2097: 896 583 334 
2098: 1802 1570 1170 
2099: 1571 566 528 
2100: 2101 1571 66 
2101: 2100 1789 433 
2102: 627 534 223 
2103: 640 223 67 
2104: 1572 640 189 
2105: 1572 641 179 
2106: 1574 1573 747 
2107: 563 504 232 
2108: 1576 1575 1359 
2109: 2110 642 216 
2110: 2111 2109 207 
2111: 2112 2110 1577 
2112: 2111 1484 651 
2113: 1578 1427 538 
2114: 1481 1118 258 
2115: 2116 16 6 
2116: 2115 886 131 
2117: 988 643 631 
2118: 2119 1579 986 
2119: 2118 1580 447 
2120: 2121 1554 441 
2121: 2122 2120 220 
2122: 2121 589 488 
2123: 2124 644 221 
2124: 2125 2123 674 
2125: 2126 2124 370 
2126: 2127 2125 1581 
2127: 2126 222 170 
2128: 2129 1576 130 
2129: 2130 2128 645 
2130: 2129 479 199 
2131: 1155 912 646 
2132: 2133 1582 646 
2133: 2134 2132 825 
2134: 2133 634 527 
2135: 2136 477 60 
2136: 2137 2135 744 
2137: 2136 647 487 
2138: 2139 1583 584 
2139: 2140 2138 223 
2140: 2139 1584 777 
2141: 2142 1584 249 
2142: 2143 2141 1658 
2143: 2142 281 224 
2144: 1585 588 281 
2145: 1586 981 648 
2146: 1586 915 649 
2147: 918 650 225 
2148: 2149 650 375 
2149: 2148 1587 1036 
2150: 1589 1588 1587 
2151: 1168 651 226 
2152: 1320 668 651 
2153: 2154 1456 227 
2154: 2153 1590 20 
2155: 1159 1074 124 
2156: 2157 1076 357 
2157: 2156 652 607 
2158: 652 405 234 
2159: 1591 411 228 
2160: 2161 675 489 
2161: 2162 2160 964 
2162: 2161 1592 66 
2163: 2164 1593 1592 
2164: 2163 1594 363 
2165: 1594 653 229 
2166: 1595 653 531 
2167: 2168 1684 1595 
2168: 2167 922 615 
2169: 2170 1561 1087 
2170: 2171 2169 458 
2171: 2170 654 218 
2172: 654 501 419 
2173: 2174 923 190 
2174: 2175 2173 1725 
2175: 2176 2174 464 
2176: 2177 2175 657 
2177: 2178 2176 1596 
2178: 2177 1597 78 
2179: 1598 655 494 
2180: 1598 635 7 
2181: 1599 1186 614 
2182: 1601 1600 1599 
2183: 1600 1342 656 
2184: 1517 354 79 
2185: 1556 924 657 
2186: 2187 657 42 
2187: 2186 1382 1297 
2188: 1602 928 658 
2189: 2190 823 659 
2190: 2189 1154 1033 
2191: 2192 1547 1149 
2192: 2193 2191 76 
2193: 2194 2192 1413 
2194: 2195 2193 1192 
2195: 2196 2194 1070 
2196: 2195 1603 660 
2197: 1604 1603 929 
2198: 1605 789 661 
2199: 1606 1605 1338 
2200: 1608 1607 931 
2201: 2202 936 443 
2202: 2203 2201 1609 
2203: 2202 1610 662 
2204: 1610 1129 937 
2205: 2206 939 299 
2206: 2205 533 230 
2207: 2208 397 174 
2208: 2207 695 231 
2209: 941 231 148 
2210: 691 560 36 
2211: 2212 1611 663 
2212: 2211 1612 20 
2213: 1613 1612 578 
2214: 1613 1152 9 
2215: 1614 950 268 
2216: 1511 436 232 
2217: 665 664 335 
2218: 2219 665 235 
2219: 2218 1615 1551 
2220: 1616 1615 57 
2221: 2222 1616 17 
2222: 2223 2221 21 
2223: 2222 644 637 
2224: 2225 1336 945 
2225: 2226 2224 1503 
2226: 2225 1617 0 
2227: 2228 1617 1164 
2228: 2229 2227 725 
2229: 2230 2228 993 
2230: 2231 2229 711 
2231: 2232 2230 1803 
2232: 2231 1354 350 
2233: 2234 1538 580 
2234: 2233 864 645 
2235: 1421 666 406 
2236: 2237 352 210 
2237: 2238 2236 261 
2238: 2237 1184 372 
2239: 2240 1708 1181 
2240: 2241 2239 228 
2241: 2240 1096 233 
2242: 1196 667 650 
2243: 1488 954 232 
2244: 1619 1618 603 
2245: 1384 235 234 
2246: 1620 756 278 
2247: 1620 668 0 
2248: 1621 958 668 
2249: 1348 1017 669 
2250: 1744 1622 1521 
2251: 2252 670 274 
2252: 2251 692 671 
2253: 2254 671 251 
2254: 2255 2253 672 
2255: 2256 2254 24 
2256: 2255 673 236 
2257: 1623 673 146 
2258: 2259 959 629 
2259: 2258 1624 22 
2260: 2261 1631 49 
2261: 2260 1625 674 
2262: 1626 510 68 
2263: 2264 1626 618 
2264: 2263 1627 267 
2265: 1628 1487 1406 
2266: 2267 1629 530 
2267: 2268 2266 237 
2268: 2269 2267 807 
2269: 2268 675 373 
2270: 1143 675 238 
2271: 2272 239 238 
2272: 2271 1486 962 
2273: 2274 1202 446 
2274: 2275 2273 69 
2275: 2274 1630 676 
2276: 1630 396 226 
2277: 2278 608 141 
2278: 2277 1631 1407 
2279: 2280 1631 247 
2280: 2281 2279 516 
2281: 2280 1632 965 
2282: 595 594 398 
2283: 2284 1770 1633 
2284: 2285 2283 89 
2285: 2284 1322 677 
2286: 1634 1247 254 
2287: 2288 1634 19 
2288: 2289 2287 41 
2289: 2288 1180 355 
2290: 966 536 296 
2291: 2292 967 240 
2292: 2291 969 564 
2293: 2294 252 217 
2294: 2295 2293 1373 
2295: 2294 1533 76 
2296: 2297 1309 1161 
2297: 2296 1635 70 
2298: 1635 1126 135 
2299: 2300 1125 109 
2300: 2301 2299 778 
2301: 2300 1553 1285 
2302: 1636 1389 678 
2303: 2304 678 423 
2304: 2305 2303 211 
2305: 2304 142 5 
2306: 2307 680 679 
2307: 2306 1610 688 
2308: 2309 1637 688 
2309: 2310 2308 1031 
2310: 2309 971 82 
2311: 1455 682 681 
2312: 1638 543 241 
2313: 1640 1639 605 
2314: 1641 683 0 
2315: 2316 1641 1375 
2316: 2317 2315 684 
2317: 2318 2316 1633 
2318: 2317 685 242 
2319: 2320 1642 1200 
2320: 2321 2319 1643 
2321: 2320 1119 1006 
2322: 1764 1176 243 
2323: 1458 686 384 
2324: 1636 602 544 
2325: 1644 978 69 
2326: 1645 1229 1130 
2327: 1645 244 38 
2328: 2329 659 244 
2329: 2330 2328 1256 
2330: 2331 2329 1727 
2331: 2330 669 245 
2332: 2333 985 687 
2333: 2332 1646 1253 
2334: 2335 453 273 
2335: 2336 2334 688 
2336: 2335 247 246 
2337: 2338 1647 730 
2338: 2337 1195 689 
2339: 1648 1286 596 
2340: 2341 1649 256 
2341: 2342 2340 681 
2342: 2341 1606 155 
2343: 1516 990 196 
2344: 2345 425 201 
2345: 2346 2344 1002 
2346: 2345 999 690 
2347: 2348 1001 18 
2348: 2349 2347 604 
2349: 2350 2348 982 
2350: 2349 1650 691 
2351: 1650 692 685 
2352: 1205 1073 5 
2353: 1651 1577 693 
2354: 1652 693 48 
2355: 1653 1652 1524 
2356: 2357 1349 694 
2357: 2356 1654 444 
2358: 1655 1346 266 
2359: 1655 695 265 
2360: 1386 1007 222 
2361: 1656 1408 641 
2362: 2363 1656 1575 
2363: 2362 1657 8 
2364: 2365 1657 1260 
2365: 2366 2364 1402 
2366: 2367 2365 161 
2367: 2368 2366 65 
2368: 2367 1010 753 
2369: 1658 696 75 
2370: 1659 1658 248 
2371: 1660 1659 317 
2372: 2373 1660 381 
2373: 2372 1412 697 
2374: 1661 1419 1011 
2375: 1662 1473 6 
2376: 1663 1662 695 
2377: 2378 1663 198 
2378: 2377 1664 1013 
2379: 2380 951 134 
2380: 2379 1665 1370 
2381: 1666 1422 698 
2382: 2383 1666 1327 
2383: 2382 1667 699 
2384: 2385 1667 191 
2385: 2384 1668 103 
2386: 1668 1580 7 
2387: 1401 1279 403 
2388: 2389 1669 249 
2389: 2390 2388 250 
2390: 2389 1670 1498 
2391: 2392 1670 705 
2392: 2393 2391 160 
2393: 2392 1643 260 
2394: 1671 1438 197 
2395: 2396 1671 1220 
2396: 2395 1673 1672 
2397: 2398 1672 315 
2398: 2399 2397 263 
2399: 2400 2398 585 
2400: 2401 2399 1045 
2401: 2400 700 383 
2402: 1639 1018 700 
2403: 2404 1019 701 
2404: 2403 1674 942 
2405: 1675 1674 474 
2406: 2407 1675 236 
2407: 2406 863 470 
2408: 1216 702 251 
2409: 1676 1212 1051 
2410: 2411 519 145 
2411: 2412 2410 45 
2412: 2411 1653 23 
2413: 1428 332 62 
2414: 2415 127 71 
2415: 2416 2414 72 
2416: 2415 1677 180 
2417: 1677 1234 136 
2418: 1679 1678 1055 
2419: 1679 1532 703 
2420: 2421 762 703 
2421: 2422 2420 1680 
2422: 2423 2421 648 
2423: 2422 1681 640 
2424: 1682 1681 1602 
2425: 2426 1682 657 
2426: 2425 1566 704 
2427: 1683 1027 843 
2428: 2429 1683 252 
2429: 2430 2428 6 
2430: 2429 1684 532 
2431: 2432 1684 261 
2432: 2433 2431 535 
2433: 2432 1685 253 
2434: 2435 1685 1559 
2435: 2434 707 240 
2436: 2437 707 242 
2437: 2438 2436 1468 
2438: 2439 2437 1627 
2439: 2440 2438 3 
2440: 2439 1686 246 
2441: 1686 466 461 
2442: 757 424 195 
2443: 1032 554 254 
2444: 2445 727 254 
2445: 2446 2444 1641 
2446: 2445 1568 225 
2447: 1687 705 429 
2448: 2449 1405 415 
2449: 2450 2448 1688 
2450: 2451 2449 865 
2451: 2452 2450 1689 
2452: 2451 1690 698 
2453: 1691 1690 856 
2454: 1691 1563 671 
2455: 2456 1692 545 
2456: 2457 2455 252 
2457: 2456 1693 1416 
2458: 2459 1747 1515 
2459: 2460 2458 70 
2460: 2459 1694 1283 
2461: 2462 616 8 
2462: 2461 1782 694 
2463: 1695 1411 706 
2464: 2465 1431 10 
2465: 2464 1696 707 
2466: 1697 1696 1470 
2467: 2468 1611 428 
2468: 2469 2467 1293 
2469: 2468 1447 1240 
2470: 1453 402 182 
2471: 1698 1476 701 
2472: 2473 1710 524 
2473: 2474 2472 1588 
2474: 2475 2473 255 
2475: 2474 1040 740 
2476: 2477 1314 708 
2477: 2478 2476 1614 
2478: 2477 1042 9 
2479: 1699 719 259 
2480: 2481 1699 769 
2481: 2480 678 256 
2482: 1700 1371 257 
2483: 2484 1567 732 
2484: 2483 1701 904 
2485: 1701 877 451 
2486: 2487 1616 1046 
2487: 2488 2486 1479 
2488: 2487 709 448 
2489: 2490 612 14 
2490: 2491 2489 1737 
2491: 2490 1702 245 
2492: 1703 1459 209 
2493: 1439 1123 1086 
2494: 1704 1674 656 
2495: 1705 1704 768 
2496: 2497 1706 1418 
2497: 2498 2496 1607 
2498: 2497 1539 710 
2499: 2500 1679 710 
2500: 2499 1707 711 
2501: 712 711 258 
2502: 2503 1680 203 
2503: 2502 1708 1676 
2504: 1709 1708 1444 
2505: 1709 1361 113 
2506: 260 259 2 
2507: 1710 980 260 
2508: 2509 1710 1298 
2509: 2510 2508 713 
2510: 2509 1644 261 
2511: 2512 680 261 
2512: 2511 1711 667 
2513: 2514 1711 239 
2514: 2515 2513 491 
2515: 2514 1060 73 
2516: 2517 1284 1061 
2517: 2518 2516 702 
2518: 2517 525 74 
2519: 2520 1712 1062 
2520: 2519 1449 75 
2521: 2522 1573 1326 
2522: 2523 2521 1540 
2523: 2524 2522 724 
2524: 2525 2523 1756 
2525: 2524 1714 1713 
2526: 2527 1595 1263 
2527: 2526 1063 522 
2528: 1445 658 613 
2529: 1589 565 462 
2530: 1715 714 208 
2531: 2532 1715 626 
2532: 2531 1066 5 
2533: 1716 1124 250 
2534: 2535 1716 871 
2535: 2534 1717 691 
2536: 1409 715 570 
2537: 2538 715 262 
2538: 2539 2537 227 
2539: 2540 2538 601 
2540: 2539 1122 1067 
2541: 1718 1290 502 
2542: 712 633 144 
2543: 1179 1069 716 
2544: 1719 376 263 
2545: 2546 729 277 
2546: 2545 1720 717 
2547: 2548 1777 427 
2548: 2549 2547 718 
2549: 2550 2548 673 
2550: 2551 2549 1694 
2551: 2550 1634 1193 
2552: 1721 409 316 
2553: 2554 1721 76 
2554: 2555 2553 509 
2555: 2556 2554 948 
2556: 2557 2555 1022 
2557: 2556 1722 655 
2558: 2559 1722 1380 
2559: 2560 2558 175 
2560: 2559 468 264 
2561: 1688 1319 975 
2562: 1452 989 255 
2563: 1270 1077 719 
2564: 1642 699 258 
2565: 1723 1693 39 
2566: 2567 1723 265 
2567: 2566 1724 1689 
2568: 2569 1604 1317 
2569: 2570 2568 591 
2570: 2569 1726 1725 
2571: 2572 1725 347 
2572: 2573 2571 1021 
2573: 2574 2572 77 
2574: 2573 1529 230 
2575: 2576 720 221 
2576: 2575 1727 689 
2577: 1727 1713 721 
2578: 1718 721 24 
2579: 2580 1306 683 
2580: 2579 722 431 
2581: 2582 1329 1146 
2582: 2581 1692 734 
2583: 2584 247 78 
2584: 2583 1728 723 
2585: 1728 1590 724 
2586: 2587 1593 128 
2587: 2588 2586 1813 
2588: 2589 2587 256 
2589: 2590 2588 1783 
2590: 2591 2589 237 
2591: 2592 2590 63 
2592: 2591 725 90 
2593: 1396 1377 297 
2594: 2595 1581 670 
2595: 2596 2594 79 
2596: 2595 1729 735 
2597: 1729 726 374 
2598: 1420 726 269 
2599: 1621 1078 55 
2600: 2601 1835 249 
2601: 2600 1730 850 
2602: 1731 1730 495 
2603: 2604 1731 1526 
2604: 2605 2603 551 
2605: 2606 2604 832 
2606: 2607 2605 1315 
2607: 2606 1460 623 
2608: 1732 1203 259 
2609: 2610 1732 392 
2610: 2609 547 266 
2611: 921 727 380 
2612: 2613 1379 727 
2613: 2612 1678 267 
2614: 2615 1423 267 
2615: 2614 1733 59 
2616: 1734 1733 826 
2617: 1734 1415 268 
2618: 2619 268 214 
2619: 2618 1735 1223 
2620: 2621 1735 1474 
2621: 2620 1448 503 
2622: 1238 728 704 
2623: 2624 728 617 
2624: 2623 1544 71 
2625: 1736 1654 1432 
2626: 2627 1736 550 
2627: 2626 1737 1661 
2628: 1737 1093 80 
2629: 2630 1098 263 
2630: 2629 1738 1335 
2631: 1739 1738 25 
2632: 2633 1739 1224 
2633: 2634 2632 664 
2634: 2633 1740 729 
2635: 2636 1740 697 
2636: 2635 1139 801 
2637: 1741 1625 676 
2638: 2639 1741 459 
2639: 2640 2638 24 
2640: 2641 2639 660 
2641: 2642 2640 661 
2642: 2641 730 68 
2643: 1742 1724 1462 
2644: 2645 1742 889 
2645: 2646 2644 484 
2646: 2647 2645 269 
2647: 2646 1743 706 
2648: 2649 1743 270 
2649: 2650 2648 213 
2650: 2649 1744 688 
2651: 2652 1744 116 
2652: 2653 2651 158 
2653: 2652 1522 722 
2654: 1746 1745 666 
2655: 1746 1609 1064 
2656: 1292 672 553 
2657: 1747 1507 76 
2658: 2659 1747 1583 
2659: 2660 2658 646 
2660: 2659 1748 1492 
2661: 732 731 499 
2662: 1339 732 609 
2663: 2664 1221 194 
2664: 2663 1749 1466 
2665: 2666 1749 193 
2666: 2667 2665 748 
2667: 2666 1750 1545 
2668: 1750 1578 1378 
2669: 2670 1751 1343 
2670: 2671 2669 293 
2671: 2672 2670 709 
2672: 2673 2671 181 
2673: 2674 2672 1752 
2674: 2673 1754 1753 
2675: 1755 1753 1648 
2676: 2677 1748 1585 
2677: 2676 1755 733 
2678: 770 733 271 
2679: 2680 272 271 
2680: 2679 1771 734 
2681: 2682 734 679 
2682: 2683 2681 540 
2683: 2682 1756 46 
2684: 1757 1756 707 
2685: 1759 1758 735 
2686: 2687 575 75 
2687: 2686 273 58 
2688: 2689 729 30 
2689: 2688 274 229 
2690: 2691 1364 274 
2691: 2692 2690 275 
2692: 2691 1760 243 
2693: 2694 1760 716 
2694: 2695 2693 165 
2695: 2696 2694 67 
2696: 2697 2695 1591 
2697: 2698 2696 266 
2698: 2697 1761 114 
2699: 2700 1761 1016 
2700: 2699 1622 1442 
2701: 1762 1687 1344 
2702: 1763 1762 219 
2703: 2704 1763 1558 
2704: 2705 2703 1757 
2705: 2704 1764 1745 
2706: 1764 1397 736 
2707: 1665 1269 630 
2708: 2709 1228 81 
2709: 2708 1461 202 
2710: 1765 1304 737 
2711: 2712 1765 600 
2712: 2713 2711 486 
2713: 2714 2712 1766 
2714: 2715 2713 795 
2715: 2714 1037 738 
2716: 2717 1209 738 
2717: 2716 1767 569 
2718: 1768 1510 1477 
2719: 2720 1768 1530 
2720: 2719 1769 125 
2721: 1769 1367 1350 
2722: 1274 1105 82 
2723: 1638 1112 176 
2724: 740 739 720 
2725: 2726 740 301 
2726: 2727 2725 523 
2727: 2728 2726 855 
2728: 2727 741 80 
2729: 742 741 83 
2730: 2731 742 248 
2731: 2730 1501 725 
2732: 2733 1767 943 
2733: 2734 2732 72 
2734: 2733 511 295 
2735: 2736 1199 743 
2736: 2737 2735 1697 
2737: 2736 1770 7 
2738: 1770 744 204 
2739: 2740 1550 744 
2740: 2739 1669 1302 
2741: 2742 1451 336 
2742: 2743 2741 690 
2743: 2742 687 471 
2744: 2745 1812 1712 
2745: 2746 2744 173 
2746: 2745 1771 1668 
2747: 2748 1771 276 
2748: 2749 2747 234 
2749: 2748 745 521 
2750: 2751 1536 270 
2751: 2750 991 746 
2752: 1707 800 746 
2753: 2754 1651 81 
2754: 2753 1496 1116 
2755: 2756 717 272 
2756: 2755 1772 731 
2757: 2758 1772 956 
2758: 2759 2757 737 
2759: 2760 2758 1210 
2760: 2761 2759 880 
2761: 2760 1773 1711 
2762: 1773 1766 1519 
2763: 1774 1758 1120 
2764: 2765 1774 1014 
2765: 2764 426 303 
2766: 2767 927 386 
2767: 2768 2766 153 
2768: 2767 1775 277 
2769: 2770 1775 257 
2770: 2769 1776 747 
2771: 2772 1776 449 
2772: 2771 1777 1666 
2773: 2774 1777 1482 
2774: 2775 2773 183 
2775: 2776 2774 715 
2776: 2775 1778 1518 
2777: 2778 1778 1504 
2778: 2779 2777 686 
2779: 2778 1198 326 
2780: 2781 1706 674 
2781: 2780 1779 253 
2782: 2783 1779 74 
2783: 2782 1751 40 
2784: 2785 1570 677 
2785: 2786 2784 241 
2786: 2787 2785 456 
2787: 2788 2786 167 
2788: 2787 1356 53 
2789: 1780 1264 500 
2790: 2791 1780 496 
2791: 2790 1310 748 
2792: 1121 748 10 
2793: 2794 611 430 
2794: 2795 2793 1268 
2795: 2794 1619 749 
2796: 1781 749 276 
2797: 2798 1781 79 
2798: 2797 1782 50 
2799: 2800 1782 23 
2800: 2799 1783 73 
2801: 2802 1783 1629 
2802: 2803 2801 273 
2803: 2802 747 649 
2804: 1784 1646 750 
2805: 1784 1381 730 
2806: 2807 1738 1601 
2807: 2806 1785 187 
2808: 1785 1325 816 
2809: 2810 1502 1321 
2810: 2811 2809 1313 
2811: 2812 2810 621 
2812: 2811 1714 824 
2813: 2814 1628 751 
2814: 2815 2813 1311 
2815: 2814 752 529 
2816: 2817 752 149 
2817: 2816 1417 83 
2818: 1778 1596 278 
2819: 2820 1698 1127 
2820: 2819 893 753 
2821: 2822 753 417 
2822: 2823 2821 647 
2823: 2822 1128 8 
2824: 1786 1664 1597 
2825: 2826 1786 582 
2826: 2825 754 434 
2827: 2828 754 282 
2828: 2827 1752 279 
2829: 2830 1443 22 
2830: 2831 2829 984 
2831: 2832 2830 404 
2832: 2831 1787 311 
2833: 1787 1393 598 
2834: 1700 1608 587 
2835: 718 497 93 
2836: 2837 1131 518 
2837: 2836 1788 44 
2838: 1789 1788 455 
2839: 1790 1789 620 
2840: 2841 1790 606 
2841: 2840 1145 64 
2842: 2843 619 156 
2843: 2844 2842 1034 
2844: 2843 1505 755 
2845: 1811 1525 755 
2846: 2847 416 233 
2847: 2848 2846 1768 
2848: 2847 1649 1579 
2849: 1791 1564 705 
2850: 2851 1792 1791 
2851: 2852 2850 1 
2852: 2851 1426 286 
2853: 1726 1513 492 
2854: 2855 1647 1345 
2855: 2856 2854 1560 
2856: 2857 2855 639 
2857: 2856 1793 1695 
2858: 2859 1236 178 
2859: 2858 1360 1102 
2860: 2861 1546 719 
2861: 2860 1794 278 
2862: 1794 756 344 
2863: 2864 1450 684 
2864: 2865 2863 1732 
2865: 2866 2864 1441 
2866: 2865 1574 1237 
2867: 2868 1433 746 
2868: 2869 2867 1720 
2869: 2870 2868 29 
2870: 2869 1400 473 
2871: 1795 1133 82 
2872: 2873 1795 624 
2873: 2874 2872 750 
2874: 2873 1134 43 
2875: 1796 757 713 
2876: 1796 758 21 
2877: 1527 1457 758 
2878: 2879 1798 1797 
2879: 2880 2878 628 
2880: 2879 1799 745 
2881: 2882 1799 77 
2882: 2881 1424 675 
2883: 2884 1719 1094 
2884: 2885 2883 78 
2885: 2886 2884 478 
2886: 2885 1776 759 
2887: 1281 1251 759 
2888: 2889 1623 56 
2889: 2888 1800 157 
2890: 2891 1800 1267 
2891: 2890 1759 26 
2892: 1801 1557 1446 
2893: 1801 760 265 
2894: 1440 760 280 
2895: 1353 762 761 
2896: 2897 762 220 
2897: 2896 1802 1793 
2898: 1802 1471 763 
2899: 1803 1549 277 
2900: 2901 1803 642 
2901: 2902 2900 739 
2902: 2901 1804 254 
2903: 2904 1804 573 
2904: 2903 1265 643 
2905: 1930 1357 1137 
2906: 2907 1762 1140 
2907: 2908 2906 696 
2908: 2907 1805 632 
2909: 1805 1394 762 
2910: 1624 1156 463 
2911: 2912 1162 768 
2912: 2913 2911 764 
2913: 2912 1806 1056 
2914: 2915 1806 1749 
2915: 2916 2914 15 
2916: 2915 917 765 
2917: 1569 1163 84 
2918: 2919 1673 61 
2919: 2918 1478 766 
2920: 2921 829 766 
2921: 2920 767 274 
2922: 2923 1618 767 
2923: 2924 2922 108 
2924: 2923 1807 590 
2925: 2926 1807 469 
2926: 2927 2925 561 
2927: 2928 2926 714 
2928: 2927 1808 1565 
2929: 1808 1791 761 
2930: 2931 1165 85 
2931: 2930 662 224 
2932: 1190 768 280 
2933: 1809 768 708 
2934: 2935 1809 1702 
2935: 2936 2934 537 
2936: 2937 2935 84 
2937: 2938 2936 1797 
2938: 2939 2937 9 
2939: 2940 2938 756 
2940: 2941 2939 1376 
2941: 2942 2940 4 
2942: 2941 1810 251 
2943: 2944 1810 878 
2944: 2943 1437 25 
2945: 2946 1637 1537 
2946: 2945 1582 235 
2947: 1257 638 546 
2948: 1106 622 264 
2949: 2950 1280 281 
2950: 2951 2949 955 
2951: 2952 2950 152 
2952: 2951 1169 735 
2953: 2954 1172 559 
2954: 2955 2953 1626 
2955: 2956 2954 262 
2956: 2957 2955 743 
2957: 2956 1811 215 
2958: 1811 769 99 
2959: 1508 769 636 
2960: 2961 1241 11 
2961: 2962 2960 764 
2962: 2961 1812 85 
2963: 2964 1812 723 
2964: 2963 1813 10 
2965: 1814 1813 162 
2966: 2967 1814 1012 
2967: 2966 1173 513 
2968: 2969 1175 279 
2969: 2968 1632 663 
2970: 2971 1754 757 
2971: 2972 2970 765 
2972: 2971 1815 188 
2973: 2974 1815 223 
2974: 2973 1816 281 
2975: 2976 1816 692 
2976: 2977 2975 568 
2977: 2976 1728 1183 
2978: 2979 1717 1188 
2979: 2980 2978 309 
2980: 2979 1535 1273 
2981: 2982 1351 867 
2982: 2983 2981 1509 
2983: 2984 2982 682 
2984: 2985 2983 206 
2985: 2986 2984 1705 
2986: 2987 2985 275 
2987: 2988 2986 574 
2988: 2989 2987 1703 
2989: 2988 1817 724 
2990: 2991 751 549 
2991: 2990 1640 763 
2992: 2993 1388 52 
2993: 2992 1817 1798 
2994: 2995 1763 269 
2995: 2996 2994 205 
2996: 2997 2995 442 
2997: 2996 1472 736 
2998: 1792 1475 166 
2999: 1523 542 121 
