2000
0: 1520 1050 882 580 508 459 223 206 195 
1: 1541 1260 1190 1130 1081 291 230 167 56 
2: 1813 1530 1476 1300 588 329 183 79 10 
3: 1953 1796 1578 1577 1510 1243 998 977 610 
4: 1994 1933 1647 1286 1229 679 532 408 81 
5: 1962 788 580 521 517 450 427 328 
6: 1366 892 670 528 504 104 82 19 
7: 1107 1076 815 745 551 204 181 30 
8: 1282 1102 1013 624 612 530 295 23 
9: 1733 1147 899 230 155 75 16 11 
10: 1685 1227 732 682 506 464 146 2 
11: 1750 1392 1055 637 564 244 76 9 
12: 1948 1403 841 581 573 280 187 118 
13: 1576 1569 621 502 376 354 184 146 
14: 1979 1697 1303 1235 423 324 283 47 
15: 1585 649 365 252 62 41 18 
16: 677 656 355 337 324 177 9 
17: 994 913 847 577 483 417 97 
18: 1146 946 736 507 74 71 15 
19: 1310 948 538 536 219 212 6 
20: 1787 987 789 666 578 286 65 
21: 1061 1060 1042 389 303 186 180 
22: 1381 1103 292 199 139 135 49 
23: 1197 1132 776 608 512 81 8 
24: 1960 1151 1016 1014 744 599 59 
25: 1313 1170 603 548 473 374 77 
26: 1624 1180 967 883 746 287 188 
27: 1743 1218 1213 680 510 144 61 
28: 1758 1233 1191 986 966 395 160 
29: 1288 1252 535 399 232 200 30 
30: 1868 1253 436 264 183 29 7 
31: 1920 1307 1082 889 658 438 35 
32: 1709 1367 1332 1216 845 261 50 
33: 1808 1408 1249 801 704 671 53 
34: 1730 1411 1265 348 343 209 148 
35: 1528 1441 1237 928 379 287 31 
36: 1818 1452 1057 379 266 182 66 
37: 1833 1472 619 310 236 63 51 
38: 1561 1478 701 636 518 184 158 
39: 1741 1494 1156 1081 790 779 76 
40: 1562 1553 1131 940 803 451 251 
41: 1985 1635 1067 838 821 583 15 
42: 1975 1698 842 555 510 448 70 
43: 1714 1713 1372 1321 421 194 54 
44: 1878 1805 1464 1315 1261 870 561 
45: 1988 1831 1461 1460 496 278 161 
46: 1866 1846 1827 1445 865 460 73 
47: 1971 1898 1387 722 492 88 14 
48: 1932 1915 1727 1665 1664 872 571 
49: 1028 214 196 158 110 22 
50: 716 258 207 68 51 32 
51: 1667 462 461 229 50 37 
52: 1812 509 394 336 284 53 
53: 1683 514 395 313 52 33 
54: 1322 522 443 318 235 43 
55: 1474 593 563 459 202 176 
56: 1006 610 445 180 125 1 
57: 752 627 593 323 305 193 
58: 1331 633 575 564 465 178 
59: 1438 695 690 597 584 24 
60: 1078 707 255 241 108 98 
61: 1374 712 609 330 86 27 
62: 1101 716 156 119 75 15 
63: 1715 752 687 545 123 37 
64: 1266 754 403 277 173 67 
65: 1258 772 573 456 210 20 
66: 1370 779 513 511 478 36 
67: 1262 788 211 186 128 64 
68: 1072 790 761 753 544 50 
69: 1630 819 795 424 220 212 
70: 1017 843 236 176 127 42 
71: 1946 844 617 435 154 18 
72: 1204 853 785 771 237 73 
73: 1385 861 276 257 72 46 
74: 1314 866 731 607 330 18 
75: 1160 879 651 445 62 9 
76: 1858 895 670 188 39 11 
77: 1295 914 625 239 154 25 
78: 1611 917 668 384 297 294 
79: 1389 931 832 613 347 2 
80: 1327 932 569 435 220 91 
81: 1411 959 250 129 23 4 
82: 1954 961 796 741 171 6 
83: 1393 993 713 587 519 166 
84: 1425 1011 787 664 580 544 
85: 1637 1015 766 636 635 241 
86: 1492 1062 1053 824 585 61 
87: 1264 1074 976 568 516 160 
88: 1890 1075 881 594 192 47 
89: 1387 1096 1032 777 299 133 
90: 1342 1110 1045 1003 606 124 
91: 1564 1122 964 385 260 80 
92: 1654 1127 691 582 532 460 
93: 1185 1137 905 535 294 152 
94: 1435 1162 945 906 585 584 
95: 1885 1177 902 896 682 248 
96: 1532 1205 792 383 276 156 
97: 1236 1220 672 590 293 17 
98: 1309 1244 635 263 252 60 
99: 1251 1246 1055 709 244 189 
100: 1969 1247 1232 834 611 421 
101: 1406 1248 1247 1079 620 416 
102: 1371 1253 1048 849 596 350 
103: 1989 1257 876 513 158 146 
104: 1419 1267 710 523 205 6 
105: 1844 1268 786 660 524 321 
106: 1274 1272 1171 937 545 529 
107: 1420 1284 929 568 208 198 
108: 1942 1287 1090 532 319 60 
109: 1553 1296 932 869 836 138 
110: 1519 1297 729 727 263 49 
111: 1738 1298 1281 947 657 492 
112: 1871 1301 1108 890 693 641 
113: 1676 1302 1301 957 760 266 
114: 1986 1302 1009 996 642 546 
115: 1956 1326 1280 1007 710 639 
116: 1525 1328 689 628 305 210 
117: 1627 1338 708 628 550 222 
118: 1460 1347 820 589 329 12 
119: 1357 1356 1091 517 425 62 
120: 1379 1357 524 418 206 173 
121: 1902 1374 954 878 681 540 
122: 1877 1376 1114 525 265 157 
123: 1756 1377 1286 1250 919 63 
124: 1475 1380 979 577 298 90 
125: 1455 1394 873 342 259 56 
126: 1443 1398 1316 589 553 175 
127: 1496 1401 1400 921 703 70 
128: 1451 1409 1250 662 380 67 
129: 1712 1412 1358 667 382 81 
130: 1769 1416 1072 1017 578 538 
131: 1563 1425 1064 690 668 627 
132: 1735 1437 1334 1253 651 640 
133: 1510 1439 1402 1268 632 89 
134: 1505 1454 1294 1058 957 679 
135: 1481 1480 1252 556 534 22 
136: 1864 1493 1361 1190 697 648 
137: 1815 1496 1373 1324 924 622 
138: 1899 1507 913 600 536 109 
139: 1865 1517 732 361 290 22 
140: 1594 1554 1397 1230 980 207 
141: 1759 1580 1576 909 466 175 
142: 1856 1592 1458 1113 702 224 
143: 1644 1599 544 515 345 200 
144: 1883 1607 1219 644 350 27 
145: 1612 1611 1165 1007 722 228 
146: 1958 1612 505 103 13 10 
147: 1765 1614 1522 1252 558 509 
148: 1682 1615 1614 1305 565 34 
149: 1652 1617 1391 1390 1089 326 
150: 1892 1618 1002 559 413 331 
151: 1736 1620 1444 601 343 170 
152: 1811 1621 1184 815 503 93 
153: 1789 1625 1448 1118 866 663 
154: 1670 1638 856 539 77 71 
155: 1836 1640 1371 649 299 9 
156: 1787 1651 1169 539 96 62 
157: 1780 1657 781 618 308 122 
158: 1951 1682 1193 103 49 38 
159: 1706 1702 995 763 696 655 
160: 1959 1718 690 491 87 28 
161: 1732 1731 1675 1414 179 45 
162: 1881 1736 1735 1467 746 255 
163: 1778 1742 1535 1534 715 249 
164: 1897 1745 1541 1242 997 354 
165: 1934 1764 1763 1124 514 371 
166: 1927 1773 1289 537 300 83 
167: 1837 1777 1770 1753 701 1 
168: 1905 1807 1155 821 190 184 
169: 1997 1820 1794 895 894 205 
170: 1983 1834 1545 664 456 151 
171: 1911 1847 1337 538 497 82 
172: 1905 1904 1700 1346 1056 471 
173: 1952 1924 1269 339 120 64 
174: 1997 1965 1215 806 562 300 
175: 910 274 262 141 126 
176: 1260 278 254 70 55 
177: 1944 286 230 194 16 
178: 938 291 204 202 58 
179: 1343 314 305 221 161 
180: 970 360 192 56 21 
181: 386 360 344 213 7 
182: 1520 396 316 217 36 
183: 1549 400 191 30 2 
184: 502 407 168 38 13 
185: 1228 408 259 257 208 
186: 793 426 294 67 21 
187: 911 429 210 191 12 
188: 1701 454 414 76 26 
189: 656 470 196 190 99 
190: 543 471 238 189 168 
191: 702 472 403 187 183 
192: 639 505 393 180 88 
193: 1415 506 499 224 57 
194: 1974 508 476 177 43 
195: 1386 512 483 306 0 
196: 1285 516 304 189 49 
197: 641 521 421 386 203 
198: 707 529 484 268 107 
199: 1209 530 267 208 22 
200: 650 533 311 143 29 
201: 1427 554 282 236 219 
202: 1329 556 518 178 55 
203: 1480 566 541 453 197 
204: 1333 567 554 178 7 
205: 1886 572 571 169 104 
206: 1021 577 378 120 0 
207: 1075 579 481 140 50 
208: 582 581 199 185 107 
209: 720 596 591 411 34 
210: 1865 598 187 116 65 
211: 1848 598 587 567 67 
212: 1431 601 376 69 19 
213: 1547 603 419 343 181 
214: 1100 615 410 265 49 
215: 1330 623 541 490 344 
216: 802 643 590 444 237 
217: 1059 645 644 415 182 
218: 1141 653 576 442 248 
219: 972 653 622 201 19 
220: 1613 657 614 80 69 
221: 1434 659 404 317 179 
222: 813 663 662 507 117 
223: 1625 666 280 271 0 
224: 1457 669 237 193 142 
225: 1651 669 592 520 388 
226: 742 672 631 316 287 
227: 1256 673 579 241 240 
228: 675 674 555 238 145 
229: 1409 676 646 578 51 
230: 1365 678 177 9 1 
231: 1720 682 609 367 267 
232: 1583 686 469 331 29 
233: 1477 695 577 516 255 
234: 864 696 641 440 297 
235: 1926 698 678 675 54 
236: 858 699 201 70 37 
237: 1542 700 224 216 72 
238: 733 703 446 228 190 
239: 1852 707 403 397 77 
240: 1801 711 511 273 227 
241: 1571 714 227 85 60 
242: 1837 717 367 315 256 
243: 734 719 642 602 582 
244: 1996 721 583 99 11 
245: 781 738 729 452 370 
246: 1432 751 589 523 390 
247: 1159 762 724 718 562 
248: 1046 763 268 218 95 
249: 1269 775 741 732 163 
250: 1388 782 527 525 81 
251: 871 783 709 349 40 
252: 786 784 547 98 15 
253: 971 785 676 574 457 
254: 1699 791 643 642 176 
255: 1704 795 233 162 60 
256: 1919 799 769 667 242 
257: 1305 804 542 185 73 
258: 992 808 441 392 50 
259: 1350 814 306 185 125 
260: 888 816 494 413 91 
261: 1331 819 685 275 32 
262: 1755 823 653 408 175 
263: 855 825 458 110 98 
264: 1816 826 550 418 30 
265: 1379 829 573 214 122 
266: 1484 835 466 113 36 
267: 1673 838 325 231 199 
268: 1768 839 273 248 198 
269: 1447 846 460 360 351 
270: 1313 857 747 597 457 
271: 1645 860 489 352 223 
272: 1762 874 398 345 334 
273: 1642 877 533 268 240 
274: 1471 879 718 285 175 
275: 1202 885 551 533 261 
276: 1360 891 654 96 73 
277: 1870 891 364 311 64 
278: 1317 893 554 176 45 
279: 1881 897 619 461 358 
280: 1643 901 631 223 12 
281: 1509 905 780 730 455 
282: 1513 908 526 508 201 
283: 1685 915 689 383 14 
284: 1423 918 872 621 52 
285: 1306 921 586 387 274 
286: 1629 925 865 177 20 
287: 935 926 226 35 26 
288: 1495 930 739 705 352 
289: 1781 933 756 657 327 
290: 1597 939 567 347 139 
291: 1501 942 569 178 1 
292: 1634 942 723 712 22 
293: 1941 949 791 537 97 
294: 1163 951 186 93 78 
295: 1907 954 638 539 8 
296: 1876 956 914 507 391 
297: 1115 958 612 234 78 
298: 1054 960 854 637 124 
299: 1542 963 812 155 89 
300: 1947 965 595 174 166 
301: 1388 969 349 331 322 
302: 1964 974 774 648 612 
303: 1918 979 694 576 21 
304: 1354 980 841 531 196 
305: 1772 982 179 116 57 
306: 1166 989 623 259 195 
307: 1117 991 546 536 353 
308: 1736 992 922 566 157 
309: 1674 1000 572 565 498 
310: 1169 1009 840 374 37 
311: 1928 1018 651 277 200 
312: 1313 1019 773 521 361 
313: 1258 1028 730 405 53 
314: 1351 1031 484 422 179 
315: 1136 1033 765 616 242 
316: 1519 1034 447 226 182 
317: 1417 1038 813 486 221 
318: 1323 1051 978 510 54 
319: 1383 1064 745 744 108 
320: 1726 1068 800 755 410 
321: 1538 1071 337 333 105 
322: 1408 1071 987 692 301 
323: 1217 1073 540 477 57 
324: 1323 1078 504 16 14 
325: 1347 1080 810 586 267 
326: 1776 1085 1040 699 149 
327: 1717 1085 844 574 289 
328: 1200 1086 956 506 5 
329: 1672 1088 995 118 2 
330: 1850 1093 564 74 61 
331: 1584 1094 301 232 150 
332: 1154 1095 592 557 509 
333: 1115 1108 632 400 321 
334: 1246 1111 880 483 272 
335: 1273 1113 630 496 412 
336: 1251 1116 784 741 52 
337: 1506 1124 664 321 16 
338: 1848 1128 505 490 357 
339: 1840 1129 629 526 173 
340: 1922 1129 576 575 411 
341: 1403 1133 726 684 602 
342: 1949 1138 998 685 125 
343: 1147 1140 213 151 34 
344: 1835 1143 540 215 181 
345: 1763 1143 885 272 143 
346: 1451 1144 846 604 579 
347: 1575 1153 566 290 79 
348: 1335 1168 1043 845 34 
349: 1387 1183 437 301 251 
350: 1887 1189 718 144 102 
351: 1289 1196 1123 708 269 
352: 1971 1196 984 288 271 
353: 1820 1204 1179 504 307 
354: 1540 1208 397 164 13 
355: 1829 1210 847 713 16 
356: 1348 1211 1194 1188 665 
357: 1500 1216 525 524 338 
358: 1836 1222 1070 1005 279 
359: 1636 1227 1152 982 543 
360: 1261 1247 269 181 180 
361: 1271 1249 770 312 139 
362: 1378 1254 1245 766 526 
363: 1340 1257 826 611 610 
364: 1503 1259 735 636 277 
365: 1889 1262 1198 515 15 
366: 1967 1263 1024 515 487 
367: 1452 1263 678 242 231 
368: 1293 1264 1158 534 451 
369: 1446 1265 605 570 521 
370: 1984 1266 880 728 245 
371: 1363 1267 1018 522 165 
372: 1587 1267 1050 711 574 
373: 1666 1270 586 585 404 
374: 1547 1271 634 310 25 
375: 1453 1273 611 561 528 
376: 1412 1276 916 212 13 
377: 1737 1278 937 751 674 
378: 1794 1283 659 530 206 
379: 1293 1292 1232 36 35 
380: 1589 1292 1214 453 128 
381: 1861 1297 777 726 488 
382: 1578 1299 454 420 129 
383: 1875 1299 742 283 96 
384: 1659 1304 851 652 78 
385: 1803 1306 806 543 91 
386: 1746 1309 683 197 181 
387: 1938 1311 1083 955 285 
388: 1968 1315 938 522 225 
389: 1436 1317 1274 409 21 
390: 1448 1318 1091 725 246 
391: 1321 1320 1077 406 296 
392: 1363 1325 1279 675 258 
393: 1596 1326 1304 803 192 
394: 1616 1337 1336 1140 52 
395: 1761 1338 1221 53 28 
396: 1694 1339 1121 753 182 
397: 1691 1340 541 354 239 
398: 1955 1348 999 805 272 
399: 1577 1350 643 572 29 
400: 1604 1356 420 333 183 
401: 1973 1356 1355 783 637 
402: 1951 1360 859 514 469 
403: 1816 1368 239 191 64 
404: 1399 1378 1022 373 221 
405: 1383 1382 1194 523 313 
406: 1550 1384 903 882 391 
407: 1910 1390 543 542 184 
408: 1602 1393 262 185 4 
409: 1437 1394 771 756 389 
410: 1527 1405 1377 320 214 
411: 1586 1410 927 340 209 
412: 1497 1411 934 612 335 
413: 1851 1413 715 260 150 
414: 1853 1424 1355 740 188 
415: 1430 1429 1148 468 217 
416: 1532 1436 1107 693 101 
417: 1461 1441 807 646 17 
418: 1815 1447 595 264 120 
419: 1479 1454 1453 1449 213 
420: 1879 1466 433 400 382 
421: 1469 1468 197 100 43 
422: 1775 1469 1195 981 314 
423: 1814 1479 1478 548 14 
424: 1483 1482 1393 665 69 
425: 1487 1486 1424 1331 119 
426: 1489 1487 1351 933 186 
427: 1601 1490 632 617 5 
428: 1842 1499 978 765 754 
429: 1559 1506 1505 1429 187 
430: 1623 1508 1239 1134 708 
431: 1939 1511 1047 633 581 
432: 1730 1512 948 852 511 
433: 1893 1529 1528 631 420 
434: 1530 1529 1154 1150 647 
435: 1631 1535 1217 80 71 
436: 1748 1542 624 561 30 
437: 1545 1544 1010 809 349 
438: 1843 1545 1127 662 31 
439: 1909 1564 1550 1549 867 
440: 1565 1564 1539 1097 234 
441: 1678 1565 1199 1008 258 
442: 1757 1568 1361 946 218 
443: 1622 1582 762 652 54 
444: 1784 1593 1541 517 216 
445: 1646 1600 1035 75 56 
446: 1722 1603 862 809 238 
447: 1711 1606 683 448 316 
448: 1705 1607 545 447 42 
449: 1726 1615 1590 656 638 
450: 1762 1619 1370 661 5 
451: 1871 1619 1088 368 40 
452: 1823 1621 1620 1225 245 
453: 1655 1624 568 380 203 
454: 1752 1629 1548 382 188 
455: 1639 1638 1191 500 281 
456: 1677 1643 1112 170 65 
457: 1790 1644 664 270 253 
458: 1649 1648 1470 798 263 
459: 1808 1653 1199 55 0 
460: 1719 1655 269 92 46 
461: 1740 1666 825 279 51 
462: 1826 1666 1557 843 51 
463: 1860 1679 1184 730 654 
464: 1681 1680 1397 1320 10 
465: 1686 1685 925 658 58 
466: 1687 1686 1282 266 141 
467: 1690 1689 1060 832 674 
468: 1712 1711 1544 1141 415 
469: 1993 1721 1720 402 232 
470: 1858 1725 1145 748 189 
471: 1758 1729 705 190 172 
472: 1906 1732 1310 614 191 
473: 1760 1740 1404 698 25 
474: 1970 1744 1743 1175 605 
475: 1819 1747 589 588 488 
476: 1982 1751 1573 1572 194 
477: 1880 1753 852 542 323 
478: 1913 1760 1112 531 66 
479: 1862 1771 1286 538 531 
480: 1792 1782 1259 860 575 
481: 1841 1784 1783 681 207 
482: 1805 1804 1106 836 645 
483: 1929 1806 334 195 17 
484: 1900 1813 711 314 198 
485: 1867 1822 673 671 613 
486: 1838 1824 1720 692 317 
487: 1826 1825 1380 798 366 
488: 1835 1834 1157 475 381 
489: 1914 1842 851 830 271 
490: 1847 1845 604 338 215 
491: 1908 1852 1212 1151 160 
492: 1936 1853 1852 111 47 
493: 1872 1861 789 767 731 
494: 1864 1863 1486 1352 260 
495: 1875 1870 1218 780 669 
496: 1872 1871 652 335 45 
497: 1944 1895 1106 770 171 
498: 1918 1917 1817 506 309 
499: 1919 1918 1914 1667 193 
500: 1987 1922 1921 1804 455 
501: 1930 1929 1558 1401 1117 
502: 1984 1983 837 184 13 
503: 1987 1986 1103 794 152 
504: 1821 353 324 6 
505: 1422 338 192 146 
506: 498 328 193 10 
507: 743 296 222 18 
508: 1894 282 194 0 
509: 784 332 147 52 
510: 1254 318 42 27 
511: 607 432 240 66 
512: 909 513 195 23 
513: 527 512 103 66 
514: 1257 402 165 53 
515: 1686 366 365 143 
516: 552 233 196 87 
517: 520 444 119 5 
518: 1344 519 202 38 
519: 559 520 518 83 
520: 601 519 517 225 
521: 369 312 197 5 
522: 686 388 371 54 
523: 1268 405 246 104 
524: 719 357 120 105 
525: 1925 357 250 122 
526: 527 362 339 282 
527: 1080 526 513 250 
528: 1935 529 375 6 
529: 1173 528 198 106 
530: 688 378 199 8 
531: 714 479 478 304 
532: 1026 108 92 4 
533: 1572 275 273 200 
534: 600 535 368 135 
535: 1294 534 93 29 
536: 537 307 138 19 
537: 1166 536 293 166 
538: 479 171 130 19 
539: 663 295 156 154 
540: 877 344 323 121 
541: 1022 397 215 203 
542: 565 477 407 257 
543: 407 385 359 190 
544: 1802 143 84 68 
545: 549 448 106 63 
546: 714 547 307 114 
547: 1296 549 546 252 
548: 1093 549 423 25 
549: 903 548 547 545 
550: 899 552 264 117 
551: 613 553 275 7 
552: 717 553 550 516 
553: 1089 552 551 126 
554: 1718 278 204 201 
555: 1669 556 228 42 
556: 1319 555 202 135 
557: 1182 560 558 332 
558: 618 560 557 147 
559: 1341 560 519 150 
560: 989 559 558 557 
561: 563 436 375 44 
562: 1328 563 247 174 
563: 920 562 561 55 
564: 1330 330 58 11 
565: 950 542 309 148 
566: 1000 347 308 203 
567: 1283 290 211 204 
568: 640 453 107 87 
569: 1012 570 291 80 
570: 1312 571 569 369 
571: 797 570 205 48 
572: 1351 399 309 205 
573: 1350 265 65 12 
574: 863 372 327 253 
575: 808 480 340 58 
576: 816 340 303 218 
577: 233 206 124 17 
578: 985 229 130 20 
579: 1076 346 227 207 
580: 1426 84 5 0 
581: 1430 431 208 12 
582: 1400 243 208 92 
583: 633 584 244 41 
584: 1990 583 94 59 
585: 1930 373 94 86 
586: 1275 373 325 285 
587: 1392 588 211 83 
588: 1431 587 475 2 
589: 475 246 126 118 
590: 1410 591 216 97 
591: 875 592 590 209 
592: 594 591 332 225 
593: 747 594 57 55 
594: 1442 593 592 88 
595: 950 596 418 300 
596: 597 595 209 102 
597: 960 596 270 59 
598: 1013 599 211 210 
599: 1189 600 598 24 
600: 1662 599 534 138 
601: 602 520 212 151 
602: 1445 601 341 243 
603: 1291 604 213 25 
604: 606 603 490 346 
605: 811 606 474 369 
606: 650 605 604 90 
607: 1025 608 511 74 
608: 1069 609 607 23 
609: 1451 608 231 61 
610: 1466 363 56 3 
611: 691 375 363 100 
612: 412 302 297 8 
613: 1105 551 485 79 
614: 1209 615 472 220 
615: 1583 616 614 214 
616: 1084 617 615 315 
617: 618 616 427 71 
618: 758 617 558 157 
619: 1728 620 279 37 
620: 1259 621 619 101 
621: 622 620 284 13 
622: 626 621 219 137 
623: 1002 625 306 215 
624: 1207 626 436 8 
625: 1329 626 623 77 
626: 1660 625 624 622 
627: 1442 629 131 57 
628: 1339 630 117 116 
629: 1378 630 627 339 
630: 876 629 628 335 
631: 1507 433 280 226 
632: 1039 427 333 133 
633: 634 583 431 58 
634: 1418 635 633 374 
635: 949 634 98 85 
636: 1791 364 85 38 
637: 1513 401 298 11 
638: 1118 639 449 295 
639: 640 638 192 115 
640: 1696 639 568 132 
641: 1548 234 197 112 
642: 1560 254 243 114 
643: 644 399 254 216 
644: 887 643 217 144 
645: 1606 646 482 217 
646: 647 645 417 229 
647: 1415 648 646 434 
648: 1572 647 302 136 
649: 1058 650 155 15 
650: 1576 649 606 200 
651: 969 311 132 75 
652: 1583 496 443 384 
653: 655 262 219 218 
654: 1068 655 463 276 
655: 1710 654 653 159 
656: 1047 449 189 16 
657: 1614 289 220 111 
658: 1069 660 465 31 
659: 1379 661 378 221 
660: 1397 661 658 105 
661: 1620 660 659 450 
662: 1353 438 222 128 
663: 1661 539 222 153 
664: 457 337 170 84 
665: 1349 666 424 356 
666: 1646 665 223 20 
667: 1650 668 256 129 
668: 669 667 131 78 
669: 668 495 225 224 
670: 1664 671 76 6 
671: 1656 670 485 33 
672: 1508 673 226 97 
673: 1162 672 485 227 
674: 1657 467 377 228 
675: 677 392 235 228 
676: 868 677 253 229 
677: 764 676 675 16 
678: 1658 367 235 230 
679: 1658 680 134 4 
680: 731 681 679 27 
681: 922 680 481 121 
682: 1660 231 95 10 
683: 1293 684 447 386 
684: 772 685 683 341 
685: 830 684 342 261 
686: 728 687 522 232 
687: 1518 688 686 63 
688: 878 689 687 530 
689: 1684 688 283 116 
690: 1717 160 131 59 
691: 1467 692 611 92 
692: 854 691 486 322 
693: 1128 694 416 112 
694: 1739 695 693 303 
695: 1740 694 233 59 
696: 1570 697 234 159 
697: 1278 698 696 136 
698: 1741 697 473 235 
699: 1725 700 326 236 
700: 1724 701 699 237 
701: 1754 700 167 38 
702: 1248 704 191 142 
703: 794 706 238 127 
704: 1432 706 702 33 
705: 1142 706 471 288 
706: 1757 705 704 703 
707: 1769 239 198 60 
708: 1027 430 351 117 
709: 1798 710 251 99 
710: 1799 709 115 104 
711: 1814 484 372 240 
712: 1187 713 292 61 
713: 749 712 355 83 
714: 715 546 531 241 
715: 1104 714 413 163 
716: 1518 717 62 50 
717: 1838 716 552 242 
718: 721 350 274 247 
719: 1626 720 524 243 
720: 750 721 719 209 
721: 1025 720 718 244 
722: 1838 723 145 47 
723: 1096 724 722 292 
724: 853 725 723 247 
725: 1034 727 724 390 
726: 1245 727 381 341 
727: 1855 726 725 110 
728: 924 729 686 370 
729: 858 728 245 110 
730: 731 463 313 281 
731: 730 680 493 74 
732: 740 249 139 10 
733: 952 735 734 238 
734: 974 736 733 243 
735: 814 737 733 364 
736: 1828 737 734 18 
737: 1998 738 736 735 
738: 965 739 737 245 
739: 1491 740 738 288 
740: 1425 739 732 414 
741: 1866 336 249 82 
742: 1511 743 383 226 
743: 1505 744 742 507 
744: 944 743 319 24 
745: 807 746 319 7 
746: 1876 745 162 26 
747: 1681 748 593 270 
748: 1876 749 747 470 
749: 976 750 748 713 
750: 1036 751 749 720 
751: 1877 750 377 246 
752: 1314 755 63 57 
753: 1523 757 396 68 
754: 761 757 428 64 
755: 1897 758 752 320 
756: 1285 759 409 289 
757: 1843 759 754 753 
758: 883 760 755 618 
759: 1353 760 757 756 
760: 1898 759 758 113 
761: 917 762 754 68 
762: 764 761 443 247 
763: 1610 764 248 159 
764: 1941 763 762 677 
765: 1472 767 428 315 
766: 936 768 362 85 
767: 1036 768 765 493 
768: 1240 769 767 766 
769: 1863 770 768 256 
770: 771 769 497 361 
771: 1943 770 409 72 
772: 1724 773 684 65 
773: 1940 774 772 312 
774: 1723 775 773 302 
775: 1675 776 774 249 
776: 850 778 775 23 
777: 1066 778 381 89 
778: 1952 779 777 776 
779: 1953 778 66 39 
780: 1027 782 495 281 
781: 1943 782 245 157 
782: 783 781 780 250 
783: 1721 782 401 251 
784: 1958 509 336 252 
785: 1308 786 253 72 
786: 787 785 252 105 
787: 1713 788 786 84 
788: 1959 787 67 5 
789: 818 790 493 20 
790: 1573 789 68 39 
791: 1290 792 293 254 
792: 1595 793 791 96 
793: 1966 796 792 186 
794: 1793 797 703 503 
795: 900 799 255 69 
796: 1178 800 793 82 
797: 1223 801 794 571 
798: 859 802 487 458 
799: 1255 804 795 256 
800: 1725 805 796 320 
801: 1995 810 797 33 
802: 1950 811 798 216 
803: 1931 812 393 40 
804: 1746 817 799 257 
805: 1763 817 800 398 
806: 1277 818 385 174 
807: 1246 820 745 417 
808: 1306 822 575 258 
809: 1721 822 446 437 
810: 985 823 801 325 
811: 1957 824 802 605 
812: 1689 827 803 299 
813: 1749 827 317 222 
814: 947 828 735 259 
815: 1734 828 152 7 
816: 1832 829 576 260 
817: 1063 831 805 804 
818: 1233 831 806 789 
819: 997 833 261 69 
820: 1516 834 807 118 
821: 1797 835 168 41 
822: 1183 837 809 808 
823: 1333 839 810 262 
824: 1092 840 811 86 
825: 884 842 461 263 
826: 1109 848 363 264 
827: 1795 849 813 812 
828: 1512 850 815 814 
829: 1325 855 816 265 
830: 1722 856 685 489 
831: 1043 857 818 817 
832: 1020 861 467 79 
833: 1092 862 848 819 
834: 1514 863 820 100 
835: 1198 864 821 266 
836: 1272 867 482 109 
837: 1988 869 822 502 
838: 1833 870 267 41 
839: 1844 871 823 268 
840: 1153 873 824 310 
841: 1703 874 304 12 
842: 1695 875 825 42 
843: 1474 881 462 70 
844: 1826 886 327 71 
845: 1385 887 348 32 
846: 1524 889 346 269 
847: 1345 890 355 17 
848: 1176 892 833 826 
849: 1502 893 827 102 
850: 1680 894 828 776 
851: 1913 896 489 384 
852: 1119 897 477 432 
853: 1855 898 724 72 
854: 1248 900 692 298 
855: 1308 901 829 263 
856: 1683 904 830 154 
857: 1747 904 831 270 
858: 1176 907 729 236 
859: 1633 907 798 402 
860: 1258 908 480 271 
861: 1486 910 832 73 
862: 1939 912 833 446 
863: 1802 916 834 574 
864: 1037 918 835 234 
865: 1609 919 286 46 
866: 1026 920 153 74 
867: 1273 923 836 439 
868: 1751 926 923 676 
869: 1281 927 837 109 
870: 1485 928 838 44 
871: 1958 929 839 251 
872: 1579 930 284 48 
873: 1639 934 840 125 
874: 1923 936 841 272 
875: 1318 939 842 591 
876: 1504 940 630 103 
877: 1292 941 540 273 
878: 1070 941 688 121 
879: 1097 943 274 75 
880: 1954 944 370 334 
881: 1364 951 843 88 
882: 1938 952 406 0 
883: 1630 953 758 26 
884: 1665 953 915 825 
885: 1551 955 345 275 
886: 1945 959 902 844 
887: 1384 962 845 644 
888: 1540 962 912 260 
889: 1446 963 846 31 
890: 1346 964 847 112 
891: 1402 968 277 276 
892: 1709 968 848 6 
893: 1588 970 849 278 
894: 1676 973 850 169 
895: 1531 975 169 76 
896: 1659 975 851 95 
897: 1786 977 852 279 
898: 1978 981 911 853 
899: 990 983 550 9 
900: 1605 983 854 795 
901: 1023 986 855 280 
902: 1827 988 886 95 
903: 1937 990 549 406 
904: 1727 991 857 856 
905: 1884 993 281 93 
906: 1010 994 971 94 
907: 1155 996 859 858 
908: 1854 1001 860 282 
909: 1575 1001 512 141 
910: 1203 1003 861 175 
911: 1903 1004 898 187 
912: 1539 1004 888 862 
913: 1443 1008 138 17 
914: 1547 1011 296 77 
915: 1052 1014 884 283 
916: 1179 1016 863 376 
917: 1940 1019 761 78 
918: 1275 1020 864 284 
919: 1082 1021 865 123 
920: 1981 1024 866 563 
921: 1105 1030 285 127 
922: 1659 1030 681 308 
923: 1307 1031 868 867 
924: 1309 1032 728 137 
925: 1788 1035 465 286 
926: 1752 1038 868 287 
927: 1295 1040 869 411 
928: 1262 1041 870 35 
929: 1177 1041 871 107 
930: 1491 1044 872 288 
931: 1523 1044 1015 79 
932: 1339 1045 109 80 
933: 1376 1048 426 289 
934: 1496 1049 873 412 
935: 1254 1051 958 287 
936: 1702 1052 874 766 
937: 1277 1057 377 106 
938: 1314 1062 388 178 
939: 1376 1063 875 290 
940: 1382 1065 876 40 
941: 1519 1065 878 877 
942: 1828 1066 292 291 
943: 1628 1077 1005 879 
944: 1202 1084 880 744 
945: 1087 1086 1073 94 
946: 1362 1087 442 18 
947: 1280 1090 814 111 
948: 1731 1098 432 19 
949: 1830 1098 635 293 
950: 1332 1099 595 565 
951: 1764 1100 881 294 
952: 1475 1101 882 733 
953: 1904 1102 884 883 
954: 1235 1104 295 121 
955: 1219 1109 885 387 
956: 1688 1110 328 296 
957: 1114 1111 134 113 
958: 1434 1120 935 297 
959: 1561 1120 886 81 
960: 1514 1122 597 298 
961: 1489 1125 1083 82 
962: 1824 1125 888 887 
963: 1312 1126 889 299 
964: 1563 1126 890 91 
965: 1442 1131 738 300 
966: 1809 1132 1033 28 
967: 1778 1134 1116 26 
968: 1710 1135 892 891 
969: 1234 1137 651 301 
970: 1501 1139 893 180 
971: 1580 1139 906 253 
972: 1585 1145 988 219 
973: 1506 1149 999 894 
974: 1483 1150 734 302 
975: 1795 1152 896 895 
976: 1644 1156 749 87 
977: 1647 1157 897 3 
978: 1909 1158 428 318 
979: 1364 1159 303 124 
980: 1398 1161 304 140 
981: 1908 1164 898 422 
982: 1668 1165 359 305 
983: 1719 1167 900 899 
984: 1972 1167 1037 352 
985: 1504 1170 810 578 
986: 1642 1172 901 28 
987: 1915 1172 322 20 
988: 1697 1173 972 902 
989: 1326 1175 560 306 
990: 1315 1178 903 899 
991: 1206 1180 904 307 
992: 1737 1181 308 258 
993: 1508 1186 905 83 
994: 1472 1195 906 17 
995: 1346 1197 329 159 
996: 1571 1200 907 114 
997: 1940 1201 819 164 
998: 1684 1206 342 3 
999: 1507 1207 973 398 
1000: 1296 1208 566 309 
1001: 1316 1211 909 908 
1002: 1251 1214 623 150 
1003: 1845 1224 910 90 
1004: 1744 1225 912 911 
1005: 1567 1226 943 358 
1006: 1787 1228 1201 56 
1007: 1521 1231 145 115 
1008: 1566 1236 913 441 
1009: 1548 1239 310 114 
1010: 1471 1241 906 437 
1011: 1546 1242 914 84 
1012: 1684 1250 1249 569 
1013: 1305 1256 598 8 
1014: 1609 1260 915 24 
1015: 1522 1261 931 85 
1016: 1264 1263 916 24 
1017: 1270 1269 130 70 
1018: 1271 1270 371 311 
1019: 1482 1272 917 312 
1020: 1336 1276 918 832 
1021: 1279 1278 919 206 
1022: 1284 1283 541 404 
1023: 1465 1285 1284 901 
1024: 1500 1290 920 366 
1025: 1298 1297 721 607 
1026: 1299 1298 866 532 
1027: 1957 1300 780 708 
1028: 1303 1302 313 49 
1029: 1304 1303 1238 1186 
1030: 1421 1307 922 921 
1031: 1950 1308 923 314 
1032: 1342 1310 924 89 
1033: 1929 1311 966 315 
1034: 1854 1311 725 316 
1035: 1534 1312 925 445 
1036: 1473 1316 767 750 
1037: 1318 1317 984 864 
1038: 1473 1327 926 317 
1039: 1860 1334 1333 632 
1040: 1437 1334 927 326 
1041: 1921 1335 929 928 
1042: 1612 1335 1146 21 
1043: 1687 1336 831 348 
1044: 1338 1337 931 930 
1045: 1839 1343 932 90 
1046: 1611 1345 1130 248 
1047: 1589 1349 656 431 
1048: 1359 1352 933 102 
1049: 1552 1353 1352 934 
1050: 1632 1354 372 0 
1051: 1358 1357 935 318 
1052: 1610 1361 936 915 
1053: 1363 1362 1322 86 
1054: 1679 1365 1168 298 
1055: 1916 1366 99 11 
1056: 1708 1368 1367 172 
1057: 1663 1369 937 36 
1058: 1613 1372 649 134 
1059: 1373 1372 1061 217 
1060: 1567 1373 467 21 
1061: 1785 1374 1059 21 
1062: 1754 1375 938 86 
1063: 1668 1375 939 817 
1064: 1462 1377 319 131 
1065: 1912 1381 941 940 
1066: 1714 1386 942 777 
1067: 1392 1391 1375 41 
1068: 1395 1394 654 320 
1069: 1961 1396 658 608 
1070: 1835 1407 878 358 
1071: 1888 1409 322 321 
1072: 1643 1410 130 68 
1073: 1739 1414 945 323 
1074: 1417 1416 1396 87 
1075: 1731 1420 207 88 
1076: 1671 1421 579 7 
1077: 1568 1426 943 391 
1078: 1832 1428 324 60 
1079: 1569 1430 1135 101 
1080: 1457 1431 527 325 
1081: 1433 1432 39 1 
1082: 1665 1433 919 31 
1083: 1488 1433 961 387 
1084: 1436 1435 944 616 
1085: 1440 1438 327 326 
1086: 1799 1440 945 328 
1087: 1590 1441 946 945 
1088: 1870 1444 451 329 
1089: 1446 1445 553 149 
1090: 1448 1447 947 108 
1091: 1555 1449 390 119 
1092: 1463 1450 833 824 
1093: 1499 1450 548 330 
1094: 1453 1452 1369 331 
1095: 1457 1456 1395 332 
1096: 1839 1456 723 89 
1097: 1853 1458 879 440 
1098: 1829 1468 949 948 
1099: 1526 1471 1470 950 
1100: 1937 1473 951 214 
1101: 1598 1476 952 62 
1102: 1903 1481 953 8 
1103: 1681 1483 503 22 
1104: 1831 1484 954 715 
1105: 1874 1485 921 613 
1106: 1490 1489 497 482 
1107: 1533 1490 416 7 
1108: 1492 1491 333 112 
1109: 1704 1495 955 826 
1110: 1498 1497 956 90 
1111: 1928 1497 957 334 
1112: 1761 1498 478 456 
1113: 1775 1503 335 142 
1114: 1857 1504 957 122 
1115: 1873 1509 333 297 
1116: 1777 1509 967 336 
1117: 1518 1517 501 307 
1118: 1521 1520 638 153 
1119: 1522 1521 1174 852 
1120: 1560 1523 959 958 
1121: 1546 1524 1203 396 
1122: 1526 1525 960 91 
1123: 1792 1529 1240 351 
1124: 1654 1537 337 165 
1125: 1823 1538 962 961 
1126: 1991 1543 964 963 
1127: 1582 1546 438 92 
1128: 1963 1549 693 338 
1129: 1551 1550 340 339 
1130: 1552 1551 1046 1 
1131: 1901 1552 965 40 
1132: 1808 1556 966 23 
1133: 1563 1562 1192 341 
1134: 1999 1566 967 430 
1135: 1608 1568 1079 968 
1136: 1998 1574 1349 315 
1137: 1891 1577 969 93 
1138: 1579 1578 1362 342 
1139: 1980 1581 971 970 
1140: 1615 1581 394 343 
1141: 1766 1584 468 218 
1142: 1589 1588 1171 705 
1143: 1596 1595 345 344 
1144: 1693 1603 1602 346 
1145: 1857 1610 972 470 
1146: 1723 1613 1042 18 
1147: 1768 1616 343 9 
1148: 1623 1622 1537 415 
1149: 1626 1625 1459 973 
1150: 1636 1635 974 434 
1151: 1851 1636 491 24 
1152: 1825 1637 975 359 
1153: 1761 1640 840 347 
1154: 1642 1641 434 332 
1155: 1856 1641 907 168 
1156: 1658 1645 976 39 
1157: 1779 1646 977 488 
1158: 1908 1648 978 368 
1159: 1854 1649 979 247 
1160: 1830 1653 1652 75 
1161: 1654 1653 1319 980 
1162: 1992 1657 673 94 
1163: 1664 1663 1536 294 
1164: 1668 1667 1533 981 
1165: 1896 1669 982 145 
1166: 1671 1670 537 306 
1167: 1673 1672 984 983 
1168: 1849 1678 1054 348 
1169: 1683 1682 310 156 
1170: 1994 1690 985 25 
1171: 1693 1692 1142 106 
1172: 1916 1692 987 986 
1173: 1734 1696 988 529 
1174: 1703 1698 1697 1119 
1175: 1701 1700 989 474 
1176: 1972 1703 858 848 
1177: 1706 1705 929 95 
1178: 1708 1707 990 796 
1179: 1801 1707 916 353 
1180: 1728 1716 991 26 
1181: 1719 1718 1382 992 
1182: 1723 1722 1591 557 
1183: 1987 1724 822 349 
1184: 1733 1732 463 152 
1185: 1904 1733 1287 93 
1186: 1738 1737 1029 993 
1187: 1742 1741 1488 712 
1188: 1743 1742 1639 356 
1189: 1756 1755 599 350 
1190: 1757 1756 136 1 
1191: 1809 1762 455 28 
1192: 1869 1765 1764 1133 
1193: 1768 1767 1650 158 
1194: 1773 1772 405 356 
1195: 1855 1774 994 422 
1196: 1780 1779 352 351 
1197: 1781 1780 995 23 
1198: 1782 1781 835 365 
1199: 1807 1783 459 441 
1200: 1785 1784 996 328 
1201: 1798 1786 1006 997 
1202: 1955 1788 944 275 
1203: 1794 1793 1121 910 
1204: 1821 1810 353 72 
1205: 1813 1812 1502 96 
1206: 1822 1821 998 991 
1207: 1828 1827 999 624 
1208: 1831 1830 1000 354 
1209: 1880 1834 614 199 
1210: 1837 1836 1767 355 
1211: 1840 1839 1001 356 
1212: 1842 1841 1515 491 
1213: 1849 1848 1829 27 
1214: 1851 1850 1002 380 
1215: 1859 1858 1565 174 
1216: 1867 1866 357 32 
1217: 1868 1867 435 323 
1218: 1995 1869 495 27 
1219: 1873 1872 955 144 
1220: 1883 1882 1774 97 
1221: 1977 1888 1887 395 
1222: 1894 1893 1584 358 
1223: 1901 1900 1391 797 
1224: 1907 1906 1255 1003 
1225: 1917 1907 1004 452 
1226: 1976 1910 1909 1005 
1227: 1912 1911 359 10 
1228: 1921 1920 1006 185 
1229: 1927 1926 1645 4 
1230: 1932 1931 1291 140 
1231: 1935 1934 1859 1007 
1232: 1942 1941 379 100 
1233: 1952 1951 818 28 
1234: 1954 1953 1656 969 
1235: 1957 1956 954 14 
1236: 1963 1962 1008 97 
1237: 1964 1963 1800 35 
1238: 1970 1969 1882 1029 
1239: 1974 1973 1009 430 
1240: 1976 1975 1123 768 
1241: 1981 1980 1540 1010 
1242: 1982 1981 1011 164 
1243: 1983 1982 1332 3 
1244: 1989 1988 1543 98 
1245: 1992 1991 726 362 
1246: 807 334 99 
1247: 360 101 100 
1248: 854 702 101 
1249: 1012 361 33 
1250: 1012 128 123 
1251: 1002 336 99 
1252: 147 135 29 
1253: 132 102 30 
1254: 935 510 362 
1255: 1256 1224 799 
1256: 1255 1013 227 
1257: 514 363 103 
1258: 860 313 65 
1259: 620 480 364 
1260: 1014 176 1 
1261: 1015 360 44 
1262: 928 365 67 
1263: 1016 367 366 
1264: 1016 368 87 
1265: 1266 369 34 
1266: 1265 370 64 
1267: 372 371 104 
1268: 523 133 105 
1269: 1017 249 173 
1270: 1018 1017 373 
1271: 1018 374 361 
1272: 1019 836 106 
1273: 867 375 335 
1274: 1275 389 106 
1275: 1274 918 586 
1276: 1277 1020 376 
1277: 1276 937 806 
1278: 1021 697 377 
1279: 1280 1021 392 
1280: 1279 947 115 
1281: 1282 869 111 
1282: 1281 466 8 
1283: 1022 567 378 
1284: 1023 1022 107 
1285: 1023 756 196 
1286: 479 123 4 
1287: 1288 1185 108 
1288: 1289 1287 29 
1289: 1288 351 166 
1290: 1291 1024 791 
1291: 1290 1230 603 
1292: 877 380 379 
1293: 683 379 368 
1294: 1295 535 134 
1295: 1294 927 77 
1296: 1000 547 109 
1297: 1025 381 110 
1298: 1026 1025 111 
1299: 1026 383 382 
1300: 1301 1027 2 
1301: 1300 113 112 
1302: 1028 114 113 
1303: 1029 1028 14 
1304: 1029 393 384 
1305: 1013 257 148 
1306: 808 385 285 
1307: 1030 923 31 
1308: 1031 855 785 
1309: 924 386 98 
1310: 1032 472 19 
1311: 1034 1033 387 
1312: 1035 963 570 
1313: 312 270 25 
1314: 938 752 74 
1315: 990 388 44 
1316: 1036 1001 126 
1317: 1037 389 278 
1318: 1037 875 390 
1319: 1320 1161 556 
1320: 1319 464 391 
1321: 1322 391 43 
1322: 1321 1053 54 
1323: 1324 324 318 
1324: 1325 1323 137 
1325: 1324 829 392 
1326: 989 393 115 
1327: 1328 1038 80 
1328: 1327 562 116 
1329: 1330 625 202 
1330: 1329 564 215 
1331: 425 261 58 
1332: 1243 950 32 
1333: 1039 823 204 
1334: 1040 1039 132 
1335: 1042 1041 348 
1336: 1043 1020 394 
1337: 1044 394 171 
1338: 1044 395 117 
1339: 932 628 396 
1340: 1341 397 363 
1341: 1342 1340 559 
1342: 1341 1032 90 
1343: 1344 1045 179 
1344: 1345 1343 518 
1345: 1344 1046 847 
1346: 995 890 172 
1347: 1348 325 118 
1348: 1347 398 356 
1349: 1136 1047 665 
1350: 573 399 259 
1351: 572 426 314 
1352: 1049 1048 494 
1353: 1049 759 662 
1354: 1355 1050 304 
1355: 1354 414 401 
1356: 401 400 119 
1357: 1051 120 119 
1358: 1359 1051 129 
1359: 1360 1358 1048 
1360: 1359 402 276 
1361: 1052 442 136 
1362: 1138 1053 946 
1363: 1053 392 371 
1364: 1365 979 881 
1365: 1364 1054 230 
1366: 1367 1055 6 
1367: 1366 1056 32 
1368: 1369 1056 403 
1369: 1368 1094 1057 
1370: 1371 450 66 
1371: 1370 155 102 
1372: 1059 1058 43 
1373: 1060 1059 137 
1374: 1061 121 61 
1375: 1067 1063 1062 
1376: 939 933 122 
1377: 1064 410 123 
1378: 629 404 362 
1379: 659 265 120 
1380: 1381 487 124 
1381: 1380 1065 22 
1382: 1181 940 405 
1383: 1384 405 319 
1384: 1383 887 406 
1385: 1386 845 73 
1386: 1385 1066 195 
1387: 349 89 47 
1388: 1389 301 250 
1389: 1390 1388 79 
1390: 1389 407 149 
1391: 1223 1067 149 
1392: 1067 587 11 
1393: 424 408 83 
1394: 1068 409 125 
1395: 1396 1095 1068 
1396: 1395 1074 1069 
1397: 660 464 140 
1398: 1399 980 126 
1399: 1400 1398 404 
1400: 1399 582 127 
1401: 1402 501 127 
1402: 1401 891 133 
1403: 1404 341 12 
1404: 1405 1403 473 
1405: 1406 1404 410 
1406: 1407 1405 101 
1407: 1408 1406 1070 
1408: 1407 322 33 
1409: 1071 229 128 
1410: 1072 590 411 
1411: 412 81 34 
1412: 1413 376 129 
1413: 1414 1412 413 
1414: 1413 1073 161 
1415: 1416 647 193 
1416: 1415 1074 130 
1417: 1418 1074 317 
1418: 1419 1417 634 
1419: 1420 1418 104 
1420: 1419 1075 107 
1421: 1422 1076 1030 
1422: 1423 1421 505 
1423: 1424 1422 284 
1424: 1423 425 414 
1425: 740 131 84 
1426: 1427 1077 580 
1427: 1428 1426 201 
1428: 1429 1427 1078 
1429: 1428 429 415 
1430: 1079 581 415 
1431: 1080 588 212 
1432: 1081 704 246 
1433: 1083 1082 1081 
1434: 1435 958 221 
1435: 1434 1084 94 
1436: 1084 416 389 
1437: 1040 409 132 
1438: 1439 1085 59 
1439: 1440 1438 133 
1440: 1439 1086 1085 
1441: 1087 417 35 
1442: 965 627 594 
1443: 1444 913 126 
1444: 1443 1088 151 
1445: 1089 602 46 
1446: 1089 889 369 
1447: 1090 418 269 
1448: 1090 390 153 
1449: 1450 1091 419 
1450: 1449 1093 1092 
1451: 609 346 128 
1452: 1094 367 36 
1453: 1094 419 375 
1454: 1455 419 134 
1455: 1456 1454 125 
1456: 1455 1096 1095 
1457: 1095 1080 224 
1458: 1459 1097 142 
1459: 1460 1458 1149 
1460: 1459 118 45 
1461: 1462 417 45 
1462: 1463 1461 1064 
1463: 1464 1462 1092 
1464: 1465 1463 44 
1465: 1466 1464 1023 
1466: 1465 610 420 
1467: 1468 691 162 
1468: 1467 1098 421 
1469: 1470 422 421 
1470: 1469 1099 458 
1471: 1099 1010 274 
1472: 994 765 37 
1473: 1100 1038 1036 
1474: 1475 843 55 
1475: 1474 952 124 
1476: 1477 1101 2 
1477: 1478 1476 233 
1478: 1477 423 38 
1479: 1480 423 419 
1480: 1479 203 135 
1481: 1482 1102 135 
1482: 1481 1019 424 
1483: 1103 974 424 
1484: 1485 1104 266 
1485: 1484 1105 870 
1486: 861 494 425 
1487: 1488 426 425 
1488: 1487 1187 1083 
1489: 1106 961 426 
1490: 1107 1106 427 
1491: 1108 930 739 
1492: 1493 1108 86 
1493: 1494 1492 136 
1494: 1495 1493 39 
1495: 1494 1109 288 
1496: 934 137 127 
1497: 1111 1110 412 
1498: 1499 1112 1110 
1499: 1498 1093 428 
1500: 1501 1024 357 
1501: 1500 970 291 
1502: 1503 1205 849 
1503: 1502 1113 364 
1504: 1114 985 876 
1505: 743 429 134 
1506: 973 429 337 
1507: 999 631 138 
1508: 993 672 430 
1509: 1116 1115 281 
1510: 1511 133 3 
1511: 1510 742 431 
1512: 1513 828 432 
1513: 1512 637 282 
1514: 1515 960 834 
1515: 1516 1514 1212 
1516: 1517 1515 820 
1517: 1516 1117 139 
1518: 1117 716 687 
1519: 941 316 110 
1520: 1118 182 0 
1521: 1119 1118 1007 
1522: 1119 1015 147 
1523: 1120 931 753 
1524: 1525 1121 846 
1525: 1524 1122 116 
1526: 1527 1122 1099 
1527: 1528 1526 410 
1528: 1527 433 35 
1529: 1123 434 433 
1530: 1531 434 2 
1531: 1532 1530 895 
1532: 1531 416 96 
1533: 1534 1164 1107 
1534: 1533 1035 163 
1535: 1536 435 163 
1536: 1537 1535 1163 
1537: 1536 1148 1124 
1538: 1539 1125 321 
1539: 1538 912 440 
1540: 1241 888 354 
1541: 444 164 1 
1542: 436 299 237 
1543: 1544 1244 1126 
1544: 1543 468 437 
1545: 438 437 170 
1546: 1127 1121 1011 
1547: 914 374 213 
1548: 1009 641 454 
1549: 1128 439 183 
1550: 1129 439 406 
1551: 1130 1129 885 
1552: 1131 1130 1049 
1553: 1554 109 40 
1554: 1555 1553 140 
1555: 1556 1554 1091 
1556: 1557 1555 1132 
1557: 1558 1556 462 
1558: 1559 1557 501 
1559: 1560 1558 429 
1560: 1559 1120 642 
1561: 1562 959 38 
1562: 1561 1133 40 
1563: 1133 964 131 
1564: 440 439 91 
1565: 1215 441 440 
1566: 1567 1134 1008 
1567: 1566 1060 1005 
1568: 1135 1077 442 
1569: 1570 1079 13 
1570: 1571 1569 696 
1571: 1570 996 241 
1572: 648 533 476 
1573: 1574 790 476 
1574: 1575 1573 1136 
1575: 1574 909 347 
1576: 650 141 13 
1577: 1137 399 3 
1578: 1138 382 3 
1579: 1580 1138 872 
1580: 1579 971 141 
1581: 1582 1140 1139 
1582: 1581 1127 443 
1583: 652 615 232 
1584: 1222 1141 331 
1585: 1586 972 15 
1586: 1587 1585 411 
1587: 1588 1586 372 
1588: 1587 1142 893 
1589: 1142 1047 380 
1590: 1591 1087 449 
1591: 1592 1590 1182 
1592: 1593 1591 142 
1593: 1594 1592 444 
1594: 1595 1593 140 
1595: 1594 1143 792 
1596: 1597 1143 393 
1597: 1598 1596 290 
1598: 1599 1597 1101 
1599: 1600 1598 143 
1600: 1601 1599 445 
1601: 1602 1600 427 
1602: 1601 1144 408 
1603: 1604 1144 446 
1604: 1605 1603 400 
1605: 1606 1604 900 
1606: 1605 645 447 
1607: 1608 448 144 
1608: 1609 1607 1135 
1609: 1608 1014 865 
1610: 1145 1052 763 
1611: 1046 145 78 
1612: 1042 146 145 
1613: 1146 1058 220 
1614: 657 148 147 
1615: 1140 449 148 
1616: 1617 1147 394 
1617: 1618 1616 149 
1618: 1619 1617 150 
1619: 1618 451 450 
1620: 661 452 151 
1621: 1622 452 152 
1622: 1621 1148 443 
1623: 1624 1148 430 
1624: 1623 453 26 
1625: 1149 223 153 
1626: 1627 1149 719 
1627: 1628 1626 117 
1628: 1629 1627 943 
1629: 1628 454 286 
1630: 1631 883 69 
1631: 1632 1630 435 
1632: 1633 1631 1050 
1633: 1634 1632 859 
1634: 1635 1633 292 
1635: 1634 1150 41 
1636: 1151 1150 359 
1637: 1638 1152 85 
1638: 1637 455 154 
1639: 1188 873 455 
1640: 1641 1153 155 
1641: 1640 1155 1154 
1642: 1154 986 273 
1643: 1072 456 280 
1644: 976 457 143 
1645: 1229 1156 271 
1646: 1157 666 445 
1647: 1648 977 4 
1648: 1647 1158 458 
1649: 1650 1159 458 
1650: 1649 1193 667 
1651: 1652 225 156 
1652: 1651 1160 149 
1653: 1161 1160 459 
1654: 1161 1124 92 
1655: 1656 460 453 
1656: 1655 1234 671 
1657: 1162 674 157 
1658: 1156 679 678 
1659: 922 896 384 
1660: 1661 682 626 
1661: 1662 1660 663 
1662: 1663 1661 600 
1663: 1662 1163 1057 
1664: 1163 670 48 
1665: 1082 884 48 
1666: 462 461 373 
1667: 1164 499 51 
1668: 1164 1063 982 
1669: 1670 1165 555 
1670: 1669 1166 154 
1671: 1672 1166 1076 
1672: 1671 1167 329 
1673: 1674 1167 267 
1674: 1675 1673 309 
1675: 1674 775 161 
1676: 1677 894 113 
1677: 1678 1676 456 
1678: 1677 1168 441 
1679: 1680 1054 463 
1680: 1679 850 464 
1681: 1103 747 464 
1682: 1169 158 148 
1683: 1169 856 53 
1684: 1012 998 689 
1685: 465 283 10 
1686: 515 466 465 
1687: 1688 1043 466 
1688: 1689 1687 956 
1689: 1688 812 467 
1690: 1691 1170 467 
1691: 1692 1690 397 
1692: 1691 1172 1171 
1693: 1694 1171 1144 
1694: 1695 1693 396 
1695: 1696 1694 842 
1696: 1695 1173 640 
1697: 1174 988 14 
1698: 1699 1174 42 
1699: 1700 1698 254 
1700: 1699 1175 172 
1701: 1702 1175 188 
1702: 1701 936 159 
1703: 1176 1174 841 
1704: 1705 1109 255 
1705: 1704 1177 448 
1706: 1707 1177 159 
1707: 1706 1179 1178 
1708: 1709 1178 1056 
1709: 1708 892 32 
1710: 1711 968 655 
1711: 1710 468 447 
1712: 1713 468 129 
1713: 1712 787 43 
1714: 1715 1066 43 
1715: 1716 1714 63 
1716: 1717 1715 1180 
1717: 1716 690 327 
1718: 1181 554 160 
1719: 1181 983 460 
1720: 486 469 231 
1721: 809 783 469 
1722: 1182 830 446 
1723: 1182 1146 774 
1724: 1183 772 700 
1725: 800 699 470 
1726: 1727 449 320 
1727: 1726 904 48 
1728: 1729 1180 619 
1729: 1730 1728 471 
1730: 1729 432 34 
1731: 1075 948 161 
1732: 1184 472 161 
1733: 1185 1184 9 
1734: 1735 1173 815 
1735: 1734 162 132 
1736: 308 162 151 
1737: 1186 992 377 
1738: 1739 1186 111 
1739: 1738 1073 694 
1740: 695 473 461 
1741: 1187 698 39 
1742: 1188 1187 163 
1743: 1188 474 27 
1744: 1745 1004 474 
1745: 1746 1744 164 
1746: 1745 804 386 
1747: 1748 857 475 
1748: 1749 1747 436 
1749: 1750 1748 813 
1750: 1751 1749 11 
1751: 1750 868 476 
1752: 1753 926 454 
1753: 1752 477 167 
1754: 1755 1062 701 
1755: 1754 1189 262 
1756: 1190 1189 123 
1757: 1190 706 442 
1758: 1759 471 28 
1759: 1760 1758 141 
1760: 1759 478 473 
1761: 1153 1112 395 
1762: 1191 450 272 
1763: 805 345 165 
1764: 1192 951 165 
1765: 1766 1192 147 
1766: 1767 1765 1141 
1767: 1766 1210 1193 
1768: 1193 1147 268 
1769: 1770 707 130 
1770: 1771 1769 167 
1771: 1772 1770 479 
1772: 1771 1194 305 
1773: 1774 1194 166 
1774: 1773 1220 1195 
1775: 1776 1113 422 
1776: 1777 1775 326 
1777: 1776 1116 167 
1778: 1779 967 163 
1779: 1778 1196 1157 
1780: 1197 1196 157 
1781: 1198 1197 289 
1782: 1783 1198 480 
1783: 1782 1199 481 
1784: 1200 481 444 
1785: 1786 1200 1061 
1786: 1785 1201 897 
1787: 1006 156 20 
1788: 1789 1202 925 
1789: 1790 1788 153 
1790: 1791 1789 457 
1791: 1999 1790 636 
1792: 1793 1123 480 
1793: 1792 1203 794 
1794: 1203 378 169 
1795: 1796 975 827 
1796: 1797 1795 3 
1797: 1798 1796 821 
1798: 1797 1201 709 
1799: 1800 1086 710 
1800: 1801 1799 1237 
1801: 1800 1179 240 
1802: 1803 863 544 
1803: 1804 1802 385 
1804: 1803 500 482 
1805: 1806 482 44 
1806: 1807 1805 483 
1807: 1806 1199 168 
1808: 1132 459 33 
1809: 1810 1191 966 
1810: 1811 1809 1204 
1811: 1812 1810 152 
1812: 1811 1205 52 
1813: 1205 484 2 
1814: 1815 711 423 
1815: 1814 418 137 
1816: 1817 403 264 
1817: 1818 1816 498 
1818: 1819 1817 36 
1819: 1820 1818 475 
1820: 1819 353 169 
1821: 1206 1204 504 
1822: 1823 1206 485 
1823: 1822 1125 452 
1824: 1825 962 486 
1825: 1824 1152 487 
1826: 844 487 462 
1827: 1207 902 46 
1828: 1207 942 736 
1829: 1213 1098 355 
1830: 1208 1160 949 
1831: 1208 1104 45 
1832: 1833 1078 816 
1833: 1832 838 37 
1834: 1209 488 170 
1835: 1070 488 344 
1836: 1210 358 155 
1837: 1210 242 167 
1838: 722 717 486 
1839: 1211 1096 1045 
1840: 1841 1211 339 
1841: 1840 1212 481 
1842: 1212 489 428 
1843: 1844 757 438 
1844: 1843 839 105 
1845: 1846 1003 490 
1846: 1847 1845 46 
1847: 1846 490 171 
1848: 1213 338 211 
1849: 1850 1213 1168 
1850: 1849 1214 330 
1851: 1214 1151 413 
1852: 492 491 239 
1853: 1097 492 414 
1854: 1159 1034 908 
1855: 1195 853 727 
1856: 1857 1155 142 
1857: 1856 1145 1114 
1858: 1215 470 76 
1859: 1860 1231 1215 
1860: 1859 1039 463 
1861: 1862 493 381 
1862: 1863 1861 479 
1863: 1862 769 494 
1864: 1865 494 136 
1865: 1864 210 139 
1866: 1216 741 46 
1867: 1217 1216 485 
1868: 1869 1217 30 
1869: 1868 1218 1192 
1870: 1088 495 277 
1871: 496 451 112 
1872: 1219 496 493 
1873: 1874 1219 1115 
1874: 1875 1873 1105 
1875: 1874 495 383 
1876: 748 746 296 
1877: 1878 751 122 
1878: 1879 1877 44 
1879: 1880 1878 420 
1880: 1879 1209 477 
1881: 1882 279 162 
1882: 1881 1238 1220 
1883: 1884 1220 144 
1884: 1885 1883 905 
1885: 1886 1884 95 
1886: 1887 1885 205 
1887: 1886 1221 350 
1888: 1889 1221 1071 
1889: 1890 1888 365 
1890: 1891 1889 88 
1891: 1892 1890 1137 
1892: 1893 1891 150 
1893: 1892 1222 433 
1894: 1895 1222 508 
1895: 1896 1894 497 
1896: 1897 1895 1165 
1897: 1896 755 164 
1898: 1899 760 47 
1899: 1900 1898 138 
1900: 1899 1223 484 
1901: 1902 1223 1131 
1902: 1903 1901 121 
1903: 1902 1102 911 
1904: 1185 953 172 
1905: 1906 172 168 
1906: 1905 1224 472 
1907: 1225 1224 295 
1908: 1158 981 491 
1909: 1226 978 439 
1910: 1911 1226 407 
1911: 1910 1227 171 
1912: 1913 1227 1065 
1913: 1912 851 478 
1914: 1915 499 489 
1915: 1914 987 48 
1916: 1917 1172 1055 
1917: 1916 1225 498 
1918: 499 498 303 
1919: 1920 499 256 
1920: 1919 1228 31 
1921: 1228 1041 500 
1922: 1923 500 340 
1923: 1924 1922 874 
1924: 1925 1923 173 
1925: 1926 1924 525 
1926: 1925 1229 235 
1927: 1928 1229 166 
1928: 1927 1111 311 
1929: 1033 501 483 
1930: 1931 585 501 
1931: 1930 1230 803 
1932: 1933 1230 48 
1933: 1934 1932 4 
1934: 1933 1231 165 
1935: 1936 1231 528 
1936: 1937 1935 492 
1937: 1936 1100 903 
1938: 1939 882 387 
1939: 1938 862 431 
1940: 997 917 773 
1941: 1232 764 293 
1942: 1943 1232 108 
1943: 1942 781 771 
1944: 1945 497 177 
1945: 1946 1944 886 
1946: 1947 1945 71 
1947: 1948 1946 300 
1948: 1949 1947 12 
1949: 1950 1948 342 
1950: 1949 1031 802 
1951: 1233 402 158 
1952: 1233 778 173 
1953: 1234 779 3 
1954: 1234 880 82 
1955: 1956 1202 398 
1956: 1955 1235 115 
1957: 1235 1027 811 
1958: 871 784 146 
1959: 1960 788 160 
1960: 1961 1959 24 
1961: 1962 1960 1069 
1962: 1961 1236 5 
1963: 1237 1236 1128 
1964: 1965 1237 302 
1965: 1966 1964 174 
1966: 1967 1965 793 
1967: 1968 1966 366 
1968: 1969 1967 388 
1969: 1968 1238 100 
1970: 1971 1238 474 
1971: 1970 352 47 
1972: 1973 1176 984 
1973: 1972 1239 401 
1974: 1975 1239 194 
1975: 1974 1240 42 
1976: 1977 1240 1226 
1977: 1978 1976 1221 
1978: 1979 1977 898 
1979: 1980 1978 14 
1980: 1979 1241 1139 
1981: 1242 1241 920 
1982: 1243 1242 476 
1983: 1243 502 170 
1984: 1985 502 370 
1985: 1986 1984 41 
1986: 1985 503 114 
1987: 1183 503 500 
1988: 1244 837 45 
1989: 1990 1244 103 
1990: 1991 1989 584 
1991: 1990 1245 1126 
1992: 1993 1245 1162 
1993: 1994 1992 469 
1994: 1993 1170 4 
1995: 1996 1218 801 
1996: 1997 1995 244 
1997: 1996 174 169 
1998: 1136 737 
1999: 1791 1134 
