3000
0: 2402 2378 2322 1995 813 533 478 372 137 19 
1: 1999 1821 1435 1161 987 816 733 350 288 
2: 2102 1905 1904 1585 1083 874 750 688 582 
3: 2251 2101 1995 1879 1799 1571 679 70 48 
4: 2483 2365 1804 1069 796 745 493 429 32 
5: 2957 2473 2372 2217 1865 1514 847 743 605 
6: 2709 2522 2455 2383 2222 1821 819 118 39 
7: 2786 1088 1020 722 505 446 379 170 
8: 2661 1261 1136 1010 476 340 262 100 
9: 1805 1395 1186 954 742 355 319 101 
10: 2308 1500 1216 1185 1026 822 618 43 
11: 1803 1509 1243 872 681 450 438 234 
12: 2777 1933 1576 975 819 389 173 76 
13: 2430 1944 1056 888 867 833 279 112 
14: 2153 2078 1522 1434 1250 603 417 248 
15: 2440 2152 2098 1365 940 602 457 391 
16: 2382 2186 2019 990 720 432 370 160 
17: 2638 2234 1912 1567 1455 661 472 442 
18: 2306 2305 1071 609 501 498 80 31 
19: 2996 2373 1755 1688 865 733 304 0 
20: 2712 2381 2094 2069 1882 1564 359 124 
21: 2892 2441 1875 1811 807 802 724 518 
22: 2560 2508 1737 992 926 807 685 518 
23: 2902 2862 1223 1090 998 997 593 155 
24: 1347 723 611 407 353 186 174 
25: 1360 811 681 447 344 275 139 
26: 1655 940 817 344 285 209 187 
27: 2296 966 586 555 502 381 135 
28: 2110 1006 1002 394 334 324 78 
29: 1730 1113 866 721 530 430 136 
30: 1322 1192 1141 1132 807 148 130 
31: 1436 1204 1072 1063 322 99 18 
32: 1697 1206 795 751 133 93 4 
33: 1321 1226 1018 663 513 392 50 
34: 2507 1418 1290 1155 442 316 98 
35: 2140 1449 814 525 256 157 96 
36: 2773 1459 1042 878 856 463 347 
37: 2380 1539 1268 256 171 119 81 
38: 2167 1590 843 797 647 304 117 
39: 1915 1652 812 482 436 230 6 
40: 2044 1660 1219 1199 739 598 400 
41: 2967 1684 1304 1043 969 889 74 
42: 2434 1701 1599 894 877 616 317 
43: 2249 1806 1410 328 123 83 10 
44: 2306 1831 1810 1768 1573 918 510 
45: 2419 1857 1856 1085 434 237 97 
46: 1874 1858 1684 1109 977 899 314 
47: 2931 1865 1374 965 302 190 153 
48: 1919 1866 1156 1009 879 295 3 
49: 2524 1896 1883 1372 561 560 194 
50: 2741 1909 1836 1758 985 353 33 
51: 2264 1997 1574 1495 1386 471 89 
52: 2829 1999 1723 1507 914 870 520 
53: 2190 2018 1366 1004 254 196 164 
54: 2571 2026 1897 1896 1298 760 82 
55: 2178 2068 1551 1061 952 643 411 
56: 2333 2169 2016 1973 1964 970 338 
57: 2202 2182 2117 2042 1967 1966 1068 
58: 2295 2183 1799 1625 931 475 408 
59: 2803 2197 1645 983 669 201 112 
60: 2608 2225 2030 1808 1383 1276 910 
61: 2341 2231 2087 939 876 718 90 
62: 2848 2243 1318 1143 995 345 336 
63: 2425 2257 2256 950 838 785 151 
64: 2664 2262 1814 1276 547 543 87 
65: 2788 2275 2085 1963 1395 1329 571 
66: 2707 2289 1618 1102 1067 644 476 
67: 2489 2338 2124 1403 1222 419 87 
68: 2480 2346 2280 1607 1340 927 824 
69: 2820 2464 1169 892 798 694 337 
70: 2828 2487 2411 2242 1462 1093 3 
71: 2954 2529 1889 1356 1307 1278 428 
72: 2949 2543 2151 2082 1868 1124 856 
73: 2718 2563 1620 836 598 313 299 
74: 2705 2584 1657 909 809 357 41 
75: 2668 2592 2564 2283 796 724 101 
76: 2792 2771 1816 1050 769 454 12 
77: 2846 2806 1414 1193 968 837 836 
78: 2944 2812 2216 1668 818 111 28 
79: 2916 2854 2518 1913 1626 321 134 
80: 2158 284 281 276 118 18 
81: 1563 602 537 291 261 37 
82: 2511 646 641 157 85 54 
83: 1813 687 428 321 192 43 
84: 1784 707 665 637 470 290 
85: 1863 727 607 459 200 82 
86: 2537 730 522 328 291 212 
87: 928 744 306 176 67 64 
88: 2711 798 729 505 244 95 
89: 1916 804 803 636 92 51 
90: 1471 811 549 421 123 61 
91: 1617 823 656 536 512 414 
92: 2446 833 831 427 95 89 
93: 2454 863 400 248 95 32 
94: 2544 876 826 380 221 168 
95: 1267 912 319 93 92 88 
96: 1198 961 840 700 410 35 
97: 1753 966 895 490 423 45 
98: 1320 969 824 649 281 34 
99: 2313 974 854 592 523 31 
100: 1961 1030 990 529 363 8 
101: 2331 1045 900 874 75 9 
102: 1846 1050 828 775 657 160 
103: 2034 1092 1053 623 490 287 
104: 1916 1101 821 781 567 325 
105: 1377 1134 1060 947 486 398 
106: 2778 1137 1036 813 468 368 
107: 1214 1156 918 633 236 108 
108: 2459 1157 1153 920 416 107 
109: 2539 1163 1162 1064 626 244 
110: 1901 1168 1062 699 534 197 
111: 2237 1170 1082 506 310 78 
112: 2180 1207 1163 281 59 13 
113: 2607 1227 923 550 300 239 
114: 1577 1257 1255 709 365 322 
115: 1399 1274 1048 1029 921 740 
116: 2339 1311 981 903 305 175 
117: 2526 1312 1119 466 166 38 
118: 1814 1328 427 294 80 6 
119: 1503 1333 1279 1059 219 37 
120: 1384 1336 1077 1047 969 282 
121: 2948 1349 1314 1221 946 214 
122: 2268 1371 806 378 294 213 
123: 1832 1379 1017 159 90 43 
124: 1562 1383 1070 554 301 20 
125: 2581 1390 858 599 480 178 
126: 1619 1394 1215 979 576 323 
127: 2833 1421 1292 777 622 183 
128: 1920 1430 1076 468 280 131 
129: 2369 1431 1014 994 714 391 
130: 1797 1433 1422 942 287 30 
131: 2359 1437 1116 892 878 128 
132: 2881 1470 1385 1062 262 173 
133: 1721 1480 818 513 170 32 
134: 2715 1485 915 541 408 79 
135: 2640 1488 1003 795 327 27 
136: 1890 1493 808 226 217 29 
137: 2721 1513 828 794 340 0 
138: 2305 1526 1407 902 164 140 
139: 1616 1527 1313 822 519 25 
140: 2012 1534 796 330 283 138 
141: 2701 1536 1417 738 604 526 
142: 2218 1547 983 891 520 347 
143: 2779 1565 1148 469 434 279 
144: 1759 1569 1553 1164 1060 855 
145: 2000 1589 801 706 384 288 
146: 1959 1593 1133 1095 922 690 
147: 2229 1597 1570 1172 829 800 
148: 2285 1600 799 665 576 30 
149: 2164 1662 884 749 531 519 
150: 2501 1665 1081 1068 819 240 
151: 1818 1670 875 810 229 63 
152: 2496 1671 1294 1272 524 190 
153: 2795 1674 1635 292 185 47 
154: 1880 1678 1473 750 565 444 
155: 2244 1705 1326 865 158 23 
156: 2960 1713 1703 797 418 258 
157: 1906 1747 761 387 82 35 
158: 1998 1757 1608 1359 914 155 
159: 2317 1759 1263 991 807 123 
160: 1910 1776 1238 222 102 16 
161: 2388 1779 1367 1025 393 233 
162: 2868 1786 1694 1152 713 491 
163: 2613 1794 1163 913 670 193 
164: 2893 1804 709 544 138 53 
165: 1857 1805 1293 1052 981 343 
166: 2345 1806 1391 905 207 117 
167: 2208 1807 660 451 399 303 
168: 2413 1813 1327 1224 190 94 
169: 2752 1815 1102 1022 991 226 
170: 2161 1815 1125 652 133 7 
171: 2847 1816 1220 1087 756 37 
172: 1863 1827 1658 1103 1049 199 
173: 2022 1831 1041 211 132 12 
174: 2663 1837 1659 1038 466 24 
175: 1905 1837 1245 1139 589 116 
176: 2576 1847 1706 425 208 87 
177: 2932 1861 1115 943 867 487 
178: 2481 1870 1104 777 761 125 
179: 2920 1882 989 694 463 235 
180: 2785 1888 1887 1788 1751 385 
181: 1971 1892 1891 935 788 325 
182: 2321 1897 1829 1409 817 409 
183: 2470 1899 1451 285 203 127 
184: 2722 1930 951 880 348 198 
185: 2303 1931 1815 301 282 153 
186: 2403 1931 1930 1144 377 24 
187: 2390 1943 1018 988 320 26 
188: 2604 1946 1537 587 269 229 
189: 2549 1947 893 791 495 363 
190: 2061 1953 1031 168 152 47 
191: 2192 1954 1348 835 698 570 
192: 2047 1969 926 900 284 83 
193: 2647 1972 1767 1731 248 163 
194: 2423 1975 864 762 615 49 
195: 2452 1979 1280 1032 614 403 
196: 2935 1986 1871 971 495 53 
197: 2889 1991 1941 1039 778 110 
198: 2185 2005 1750 986 580 184 
199: 2442 2014 1992 1806 337 172 
200: 2354 2023 1384 492 274 85 
201: 2092 2030 2029 1378 1023 59 
202: 2890 2032 1728 1610 782 376 
203: 2580 2034 1231 516 443 183 
204: 2177 2038 1937 982 929 231 
205: 2596 2040 1744 1625 883 284 
206: 2850 2055 2036 1792 1487 1140 
207: 2853 2064 1529 774 316 166 
208: 2583 2069 1641 930 594 176 
209: 2193 2075 1919 1242 440 26 
210: 2368 2104 1847 1177 1047 361 
211: 2420 2115 923 348 266 173 
212: 2790 2134 616 408 297 86 
213: 2269 2137 706 431 294 122 
214: 2837 2146 1149 978 478 121 
215: 2626 2157 2100 1194 1150 420 
216: 2523 2175 1682 1083 753 452 
217: 2271 2176 2071 981 346 136 
218: 2219 2179 1522 917 907 856 
219: 2698 2180 1448 1347 1183 119 
220: 2428 2214 1360 1121 1109 1074 
221: 2260 2218 1338 827 279 94 
222: 2576 2224 601 574 352 160 
223: 2978 2228 1941 963 815 258 
224: 2410 2246 1126 1057 694 351 
225: 2685 2252 2213 1518 671 388 
226: 2273 2256 529 398 169 136 
227: 2272 2258 838 552 495 395 
228: 2278 2277 1068 529 392 341 
229: 2947 2282 1998 1161 188 151 
230: 2986 2296 2220 2105 355 39 
231: 2713 2304 1169 897 825 204 
232: 2723 2310 2270 668 319 286 
233: 2450 2315 2122 1988 389 161 
234: 2506 2320 2219 2218 1530 11 
235: 2644 2323 1549 1221 1188 179 
236: 2995 2360 919 625 563 107 
237: 2875 2374 1864 350 267 45 
238: 2913 2387 1810 1139 759 261 
239: 2669 2410 2336 2335 2324 113 
240: 2966 2412 1745 1049 310 150 
241: 2493 2429 1938 1746 1067 260 
242: 2472 2431 1817 1580 1458 1398 
243: 2757 2449 2057 2056 1818 329 
244: 2761 2454 2074 415 109 88 
245: 2513 2460 1440 1157 869 598 
246: 2504 2463 2298 1914 398 297 
247: 2873 2472 2396 1821 522 375 
248: 2527 2484 907 193 93 14 
249: 2876 2492 2477 1796 1296 288 
250: 2894 2557 1328 1052 813 522 
251: 2659 2573 1128 935 890 367 
252: 2671 2582 1847 1496 1028 927 
253: 2609 2593 876 874 612 339 
254: 2996 2594 2593 1260 496 53 
255: 2842 2598 1807 1735 1254 849 
256: 2973 2605 2547 1101 37 35 
257: 2658 2625 2118 1314 962 879 
258: 2670 2629 1805 1640 223 156 
259: 2679 2637 2199 2129 1639 341 
260: 2740 2639 1853 829 489 241 
261: 2762 2650 2597 1422 238 81 
262: 2664 2663 2035 1834 132 8 
263: 2756 2678 1743 1315 1258 383 
264: 2883 2681 1858 1084 877 837 
265: 2941 2689 2638 1771 850 824 
266: 2782 2710 1330 695 299 211 
267: 2715 2714 1067 1035 1005 237 
268: 2887 2734 1974 1025 904 280 
269: 2802 2735 2540 1258 823 188 
270: 2921 2753 2391 1203 1127 933 
271: 2905 2754 2311 1516 1043 358 
272: 2786 2785 2436 1131 433 366 
273: 2922 2842 2841 2316 1680 549 
274: 2853 2852 2672 600 279 200 
275: 2903 2853 2317 2316 386 25 
276: 2899 2898 1543 1357 1075 80 
277: 2909 2899 2752 1126 844 424 
278: 2931 2930 2406 1507 1271 315 
279: 1520 274 221 143 13 
280: 590 333 287 268 128 
281: 2856 350 112 98 80 
282: 2788 364 326 185 120 
283: 2974 396 386 302 140 
284: 2006 411 205 192 80 
285: 2969 479 337 183 26 
286: 999 520 464 312 232 
287: 615 521 280 130 103 
288: 2605 523 249 145 1 
289: 1066 548 477 410 336 
290: 1719 587 416 341 84 
291: 1117 595 332 86 81 
292: 1807 652 558 334 153 
293: 2129 671 381 307 300 
294: 1363 676 213 122 118 
295: 2521 702 581 305 48 
296: 1181 702 685 402 346 
297: 2478 725 657 246 212 
298: 2025 731 549 538 303 
299: 2342 736 712 266 73 
300: 1734 764 373 293 113 
301: 1555 780 513 185 124 
302: 1296 786 665 283 47 
303: 1112 798 454 298 167 
304: 1544 799 361 38 19 
305: 837 802 445 295 116 
306: 1194 808 453 403 87 
307: 1011 808 573 532 293 
308: 2237 811 442 420 324 
309: 2189 815 814 745 696 
310: 2236 825 444 240 111 
311: 831 830 828 640 335 
312: 858 834 713 540 286 
313: 1724 835 779 689 73 
314: 1122 836 648 565 46 
315: 1460 839 449 385 278 
316: 2533 843 655 207 34 
317: 996 847 846 812 42 
318: 2753 852 848 792 553 
319: 1019 857 232 95 9 
320: 972 860 832 379 187 
321: 1603 865 864 83 79 
322: 1741 868 766 114 31 
323: 946 869 805 795 126 
324: 1920 870 407 308 28 
325: 2917 875 465 181 104 
326: 1826 880 680 639 282 
327: 953 887 597 564 135 
328: 2943 893 404 86 43 
329: 896 895 712 685 243 
330: 2276 896 405 342 140 
331: 2695 901 737 430 384 
332: 2869 908 700 375 291 
333: 1663 912 911 672 280 
334: 2181 914 703 292 28 
335: 1740 925 480 452 311 
336: 1916 931 840 289 62 
337: 2356 932 285 199 69 
338: 1107 933 926 342 56 
339: 1353 933 645 369 253 
340: 1856 947 852 137 8 
341: 2130 951 290 259 228 
342: 999 956 846 338 330 
343: 2126 965 867 789 165 
344: 2727 976 973 26 25 
345: 2871 980 937 730 62 
346: 1084 982 906 296 217 
347: 1648 990 989 142 36 
348: 2191 995 830 211 184 
349: 1003 1002 717 682 658 
350: 1209 1008 281 237 1 
351: 1945 1012 892 832 224 
352: 1053 1012 845 724 222 
353: 1638 1013 732 50 24 
354: 1193 1016 787 511 467 
355: 2366 1017 848 230 9 
356: 1397 1018 993 679 674 
357: 2868 1019 938 601 74 
358: 1342 1021 978 475 271 
359: 2572 1024 639 382 20 
360: 2104 1031 961 955 854 
361: 1261 1032 885 304 210 
362: 1148 1033 943 941 521 
363: 2253 1034 811 189 100 
364: 1609 1037 850 814 282 
365: 2911 1038 872 857 114 
366: 1917 1041 881 876 272 
367: 2033 1049 1036 479 251 
368: 2657 1051 844 569 106 
369: 2078 1051 821 509 339 
370: 2628 1051 728 482 16 
371: 1055 1054 973 945 493 
372: 2419 1064 1054 690 0 
373: 2461 1064 871 415 300 
374: 2974 1065 855 853 805 
375: 1487 1069 519 332 247 
376: 1183 1071 842 693 202 
377: 1293 1078 1074 941 186 
378: 1374 1091 882 417 122 
379: 1528 1094 816 320 7 
380: 2107 1104 1011 397 94 
381: 1506 1108 1066 293 27 
382: 2519 1115 498 383 359 
383: 1511 1118 1085 382 263 
384: 1180 1119 998 331 145 
385: 1266 1140 1139 315 180 
386: 1286 1142 891 283 275 
387: 2065 1142 796 696 157 
388: 2565 1147 1143 873 225 
389: 2908 1151 910 233 12 
390: 2497 1154 1153 784 424 
391: 2602 1160 646 129 15 
392: 1830 1165 423 228 33 
393: 1270 1171 774 713 161 
394: 2515 1171 988 987 28 
395: 1476 1173 723 629 227 
396: 2429 1176 882 770 283 
397: 2226 1177 886 524 380 
398: 1266 1178 246 226 105 
399: 2008 1189 1166 915 167 
400: 2967 1198 1135 93 40 
401: 2982 1200 861 822 777 
402: 1809 1202 831 473 296 
403: 2089 1203 922 306 195 
404: 1615 1210 880 691 328 
405: 2055 1217 741 664 330 
406: 2535 1220 858 503 500 
407: 2348 1228 584 324 24 
408: 1958 1229 212 134 58 
409: 1626 1230 1139 412 182 
410: 1472 1231 1000 289 96 
411: 1636 1232 1224 284 55 
412: 2181 1234 983 812 409 
413: 2770 1235 1165 964 534 
414: 2337 1238 1027 788 91 
415: 1935 1241 901 373 244 
416: 1754 1246 500 290 108 
417: 2020 1259 883 378 14 
418: 1715 1262 1017 791 156 
419: 1508 1281 1227 1026 67 
420: 2510 1300 823 308 215 
421: 1715 1300 1101 1099 90 
422: 1925 1310 1096 958 465 
423: 1702 1317 426 392 97 
424: 2490 1319 1066 390 277 
425: 1726 1323 827 545 176 
426: 2785 1324 1120 719 423 
427: 2692 1334 925 118 92 
428: 2178 1337 911 83 71 
429: 2527 1339 1294 483 4 
430: 2718 1341 1122 331 29 
431: 1795 1346 1289 1244 213 
432: 1643 1354 863 533 16 
433: 2174 1356 678 611 272 
434: 1864 1362 462 143 45 
435: 2248 1362 929 664 631 
436: 2119 1368 1168 599 39 
437: 2465 1368 904 898 894 
438: 2094 1380 587 573 11 
439: 2427 1382 907 766 609 
440: 2045 1387 1309 920 209 
441: 2030 1389 1299 1003 918 
442: 2637 1391 308 34 17 
443: 2979 1393 1178 1098 203 
444: 2721 1399 864 310 154 
445: 2508 1401 1326 962 305 
446: 2224 1405 989 545 7 
447: 2852 1408 1008 1007 25 
448: 2239 1410 1055 986 477 
449: 2887 1415 1297 465 315 
450: 2556 1418 1032 695 11 
451: 2716 1428 1301 934 167 
452: 2072 1432 1074 335 216 
453: 1808 1439 722 493 306 
454: 1672 1441 1020 303 76 
455: 1447 1446 960 650 552 
456: 2606 1450 1126 825 561 
457: 2947 1451 992 783 15 
458: 1787 1453 1089 1076 460 
459: 2799 1454 888 594 85 
460: 2086 1456 1271 938 458 
461: 2901 1470 1358 1114 950 
462: 2210 1475 916 735 434 
463: 2050 1483 523 179 36 
464: 1812 1492 806 484 286 
465: 2600 1498 449 422 325 
466: 2156 1499 980 174 117 
467: 1568 1502 1406 1243 354 
468: 1822 1503 1174 128 106 
469: 2294 1505 1264 538 143 
470: 2001 1506 978 562 84 
471: 2212 1517 1184 934 51 
472: 2521 1523 849 675 17 
473: 2528 1524 1150 747 402 
474: 2333 1525 1025 948 826 
475: 2745 1540 1196 358 58 
476: 2924 1542 932 66 8 
477: 2299 1548 1019 448 289 
478: 2004 1549 501 214 0 
479: 1730 1550 575 367 285 
480: 2265 1554 923 335 125 
481: 2062 1558 1151 1112 567 
482: 2416 1559 1316 370 39 
483: 2646 1566 1108 841 429 
484: 2586 1577 1190 1009 464 
485: 2907 1579 1406 783 705 
486: 1779 1581 1402 765 105 
487: 2370 1583 1062 668 177 
488: 1918 1583 1340 1286 1225 
489: 2451 1584 1188 678 260 
490: 2035 1587 1344 103 97 
491: 2856 1589 904 756 162 
492: 1729 1591 727 573 200 
493: 2214 1592 453 371 4 
494: 2531 1592 1135 1134 749 
495: 2808 1595 227 196 189 
496: 2674 1597 1388 993 254 
497: 2946 1598 1345 997 746 
498: 1878 1604 1209 382 18 
499: 2731 1606 1023 816 507 
500: 1999 1611 1466 416 406 
501: 2453 1613 1587 478 18 
502: 2716 1619 847 794 27 
503: 2654 1628 881 576 406 
504: 2112 1628 1021 1002 954 
505: 2655 1631 602 88 7 
506: 2063 1633 1086 568 111 
507: 1828 1634 835 596 499 
508: 2347 1637 920 628 620 
509: 2083 1644 1382 772 369 
510: 1809 1647 924 525 44 
511: 1796 1647 930 649 354 
512: 2859 1650 1195 1148 91 
513: 1816 1651 301 133 33 
514: 2404 1662 1412 1248 984 
515: 2889 1669 1623 1075 747 
516: 2807 1671 1514 919 203 
517: 2698 1682 1354 1048 622 
518: 2653 1689 806 22 21 
519: 2836 1690 375 149 139 
520: 2217 1695 286 142 52 
521: 2567 1696 957 362 287 
522: 2499 1700 250 247 86 
523: 2233 1704 463 288 99 
524: 2991 1710 1014 397 152 
525: 2345 1711 526 510 35 
526: 2346 1712 779 525 141 
527: 2558 1713 1083 908 631 
528: 2019 1717 932 747 707 
529: 2367 1720 228 226 100 
530: 1889 1722 1215 544 29 
531: 2361 1724 1482 810 149 
532: 2505 1738 1108 1069 307 
533: 1895 1749 1297 432 0 
534: 1939 1756 889 413 110 
535: 1995 1761 1147 1127 912 
536: 1965 1763 1407 860 91 
537: 2602 1765 1521 1373 81 
538: 2730 1766 1226 469 298 
539: 2683 1769 1512 862 668 
540: 2929 1777 1017 1001 312 
541: 2261 1782 957 582 134 
542: 2614 1788 1636 1491 1426 
543: 2469 1790 1250 806 64 
544: 2988 1791 1424 530 164 
545: 2106 1792 1535 446 425 
546: 1867 1797 1280 1063 820 
547: 1936 1798 888 599 64 
548: 2072 1810 1361 1350 289 
549: 2523 1819 298 273 90 
550: 2981 1822 1145 634 113 
551: 2732 1828 1646 1029 893 
552: 2613 1829 1172 455 227 
553: 2162 1830 1829 906 318 
554: 1948 1831 1747 1179 124 
555: 2114 1838 1644 942 27 
556: 2842 1838 1836 1138 1016 
557: 2742 1841 1275 828 559 
558: 2687 1841 1046 1044 292 
559: 2268 1842 1594 613 557 
560: 2386 1844 1206 1197 49 
561: 2347 1846 1214 456 49 
562: 2891 1851 1850 935 470 
563: 2706 1851 1699 1121 236 
564: 2250 1856 985 716 327 
565: 2793 1859 1048 314 154 
566: 2319 1859 1586 1202 937 
567: 2939 1859 859 481 104 
568: 2064 1862 909 803 506 
569: 2291 1864 1159 1138 368 
570: 2603 1866 853 848 191 
571: 2985 1868 1376 857 65 
572: 2193 1870 1078 870 672 
573: 2022 1872 492 438 307 
574: 2832 1875 1874 794 222 
575: 2843 1878 1877 1205 479 
576: 2813 1878 503 148 126 
577: 2292 1886 1839 821 643 
578: 1985 1888 1584 1473 659 
579: 2904 1890 1141 1111 583 
580: 2156 1893 1892 1016 198 
581: 2968 1897 1881 868 295 
582: 2262 1903 758 541 2 
583: 1908 1907 1873 963 579 
584: 2060 1909 1097 871 407 
585: 1911 1910 1239 974 621 
586: 2646 1914 1335 1287 27 
587: 2809 1915 438 290 188 
588: 2865 1918 1158 1098 820 
589: 2990 1920 1622 809 175 
590: 2335 1926 1409 1100 280 
591: 2569 1929 1544 1365 1313 
592: 2389 1929 1634 887 99 
593: 2486 1931 827 612 23 
594: 2041 1935 1823 459 208 
595: 2959 1941 1940 1295 291 
596: 2130 1942 1826 1343 507 
597: 2733 1944 1943 1162 327 
598: 2254 1950 245 73 40 
599: 2769 1956 547 436 125 
600: 2424 1963 899 624 274 
601: 2037 1966 1817 357 222 
602: 2138 1967 505 81 15 
603: 2835 1973 1070 960 14 
604: 2232 1976 1197 877 141 
605: 2318 1979 984 905 5 
606: 1980 1979 1687 1442 655 
607: 2871 1982 906 873 85 
608: 2315 1982 1640 1430 1355 
609: 2462 1983 768 439 18 
610: 2066 1984 1392 935 934 
611: 2763 1986 1001 433 24 
612: 2098 1987 1932 593 253 
613: 2897 1990 1133 1110 559 
614: 2378 1990 1124 1001 195 
615: 2863 1992 905 287 194 
616: 2397 1993 911 212 42 
617: 2900 1993 1762 1154 815 
618: 2107 1994 1993 1152 10 
619: 2789 1994 1121 1120 982 
620: 2003 2002 1283 1137 508 
621: 2463 2007 1130 1065 585 
622: 2826 2015 866 517 127 
623: 2619 2028 686 666 103 
624: 2414 2033 1469 1050 600 
625: 2840 2040 1639 1157 236 
626: 2043 2042 1581 683 109 
627: 2558 2043 1783 1697 1057 
628: 2638 2049 1839 711 508 
629: 2724 2050 2049 949 395 
630: 2517 2051 1180 978 826 
631: 2878 2057 928 527 435 
632: 2816 2068 1092 930 669 
633: 2684 2075 2074 740 107 
634: 2203 2076 917 818 550 
635: 2766 2085 1679 1614 936 
636: 2467 2090 1964 1259 89 
637: 2990 2090 1801 703 84 
638: 2859 2093 1652 1308 714 
639: 2596 2095 1801 359 326 
640: 2097 2096 1212 1028 311 
641: 2863 2096 1776 903 82 
642: 2130 2097 1936 1187 1058 
643: 2146 2098 834 577 55 
644: 2610 2099 1398 1079 66 
645: 2902 2103 1461 1155 339 
646: 2418 2108 1028 391 82 
647: 2240 2110 1440 956 38 
648: 2755 2111 2110 2029 314 
649: 2794 2113 1045 511 98 
650: 2115 2114 2070 1629 455 
651: 2589 2116 1970 1969 1081 
652: 2333 2118 1023 292 170 
653: 2667 2128 1190 939 753 
654: 2830 2133 1811 1022 803 
655: 2995 2136 1784 606 316 
656: 2634 2139 1044 1043 91 
657: 2536 2143 1852 297 102 
658: 2461 2148 2147 2091 349 
659: 2149 2148 1978 1500 578 
660: 2876 2149 1389 810 167 
661: 2764 2151 2150 2021 17 
662: 2293 2155 1654 1568 1138 
663: 2190 2165 1886 866 33 
664: 2328 2165 921 435 405 
665: 2167 2166 302 148 84 
666: 2618 2166 2145 1154 623 
667: 2775 2177 1129 919 735 
668: 2748 2181 539 487 232 
669: 2494 2184 1248 632 59 
670: 2774 2187 1994 737 163 
671: 2253 2191 675 293 225 
672: 2822 2194 2188 572 333 
673: 2201 2200 1341 1306 1158 
674: 2693 2201 924 922 356 
675: 2817 2204 1010 671 472 
676: 2435 2211 1044 728 294 
677: 2355 2212 1912 1911 979 
678: 2452 2223 1249 489 433 
679: 2440 2225 1058 356 3 
680: 2447 2227 1012 998 326 
681: 2860 2242 2241 25 11 
682: 2245 2244 1991 871 349 
683: 2314 2247 1015 771 626 
684: 2930 2252 1000 921 790 
685: 2633 2255 329 296 22 
686: 2899 2261 1153 793 623 
687: 2553 2266 2265 913 83 
688: 2471 2267 2032 1386 2 
689: 2750 2267 1195 804 313 
690: 2479 2269 1007 372 146 
691: 2804 2273 1324 1235 404 
692: 2928 2277 2122 2121 962 
693: 2500 2281 2280 916 376 
694: 2411 2284 224 179 69 
695: 2390 2286 1376 450 266 
696: 2971 2301 1274 387 309 
697: 2656 2307 1509 1426 1290 
698: 2308 2307 1957 854 191 
699: 2856 2311 1147 1061 110 
700: 2432 2313 1022 332 96 
701: 2718 2327 1596 1489 780 
702: 2353 2328 2327 296 295 
703: 2838 2341 2340 637 334 
704: 2343 2342 2125 1303 1082 
705: 2814 2350 2349 741 485 
706: 2354 2353 1812 213 145 
707: 2895 2356 2355 528 84 
708: 2357 2356 2109 1200 1140 
709: 2388 2362 1396 164 114 
710: 2371 2370 1394 1127 1088 
711: 2639 2379 1659 809 628 
712: 2652 2384 1005 329 299 
713: 2963 2387 393 312 162 
714: 2546 2388 1299 638 129 
715: 2675 2391 2390 1116 746 
716: 2831 2393 1855 1055 564 
717: 2867 2394 1123 1038 349 
718: 2744 2394 1704 1084 61 
719: 2626 2400 2046 1107 426 
720: 2992 2404 1445 1282 16 
721: 2420 2405 1599 1055 29 
722: 2446 2408 1344 453 7 
723: 2925 2414 786 395 24 
724: 2566 2417 352 75 21 
725: 2433 2418 1291 1052 297 
726: 2708 2430 1660 1120 859 
727: 2520 2433 2432 492 85 
728: 2552 2436 958 676 370 
729: 2648 2436 1930 1056 88 
730: 2870 2437 2417 345 86 
731: 2965 2439 1923 882 298 
732: 2952 2444 1128 936 353 
733: 2449 2448 1089 19 1 
734: 2914 2448 1787 1325 1233 
735: 2451 2450 1129 667 462 
736: 2460 2459 2407 1085 299 
737: 2703 2465 2464 670 331 
738: 2776 2466 1086 908 141 
739: 2624 2475 2362 1411 40 
740: 2637 2476 1669 633 115 
741: 2481 2480 1167 705 405 
742: 2484 2483 1972 1463 9 
743: 2599 2488 1030 1029 5 
744: 2832 2503 2058 1770 87 
745: 2645 2505 1073 309 4 
746: 2849 2507 2364 715 497 
747: 2720 2509 528 515 473 
748: 2510 2509 1921 1621 797 
749: 2523 2522 1681 494 149 
750: 2722 2525 2376 154 2 
751: 2702 2541 2445 1077 32 
752: 2807 2541 1350 1269 1133 
753: 2942 2542 1077 653 216 
754: 2976 2548 2275 1559 829 
755: 2571 2570 1949 1563 1403 
756: 2775 2586 1117 491 171 
757: 2945 2615 2614 2516 1763 
758: 2616 2615 1252 925 582 
759: 2918 2616 949 947 238 
760: 2625 2624 2099 1262 54 
761: 2627 2626 1291 178 157 
762: 2815 2629 2628 1175 194 
763: 2737 2631 2232 1598 915 
764: 2818 2632 970 899 300 
765: 2888 2636 1955 1427 486 
766: 2651 2650 1247 439 322 
767: 2797 2651 1517 1184 982 
768: 2674 2673 2635 1849 609 
769: 2676 2675 2620 2123 76 
770: 2879 2682 2428 1355 396 
771: 2898 2687 2686 2089 683 
772: 2701 2700 1602 898 509 
773: 2926 2725 1378 980 979 
774: 2854 2749 2350 393 207 
775: 2940 2758 2247 1230 102 
776: 2839 2768 1745 1319 900 
777: 2769 2768 401 178 127 
778: 2772 2771 1381 1122 197 
779: 2777 2776 1268 526 313 
780: 2794 2793 2699 701 301 
781: 2997 2800 1902 967 104 
782: 2955 2802 1054 853 202 
783: 2910 2806 1996 485 457 
784: 2961 2823 2792 2791 390 
785: 2912 2911 1848 1474 63 
786: 2973 2914 1970 723 302 
787: 2993 2915 1850 1849 354 
788: 2924 2923 1791 414 181 
789: 2927 2926 1738 1481 343 
790: 2933 2927 1040 920 684 
791: 2936 2935 1718 418 189 
792: 2946 2945 2857 1063 318 
793: 2964 2963 2416 2336 686 
794: 2375 574 502 137 
795: 810 323 135 32 
796: 387 140 75 4 
797: 2855 748 156 38 
798: 1161 303 88 69 
799: 1149 800 304 148 
800: 1444 801 799 147 
801: 1345 802 800 145 
802: 2045 801 305 21 
803: 1065 654 568 89 
804: 2623 805 689 89 
805: 2493 804 374 323 
806: 543 518 464 122 
807: 159 30 22 21 
808: 1013 307 306 136 
809: 1241 711 589 74 
810: 795 660 531 151 
811: 363 308 90 25 
812: 1820 412 317 39 
813: 1458 250 106 0 
814: 2479 364 309 35 
815: 1827 617 309 223 
816: 817 499 379 1 
817: 2170 816 182 26 
818: 888 634 133 78 
819: 820 150 12 6 
820: 1832 819 588 546 
821: 1838 577 369 104 
822: 1289 401 139 10 
823: 1841 420 269 91 
824: 1024 265 98 68 
825: 2009 456 310 231 
826: 1601 630 474 94 
827: 1479 593 425 221 
828: 557 311 137 102 
829: 830 754 260 147 
830: 977 829 348 311 
831: 832 402 311 92 
832: 1857 831 351 320 
833: 956 834 92 13 
834: 1348 833 643 312 
835: 839 507 313 191 
836: 1892 314 77 73 
837: 1027 305 264 77 
838: 887 839 227 63 
839: 1519 838 835 315 
840: 1464 841 336 96 
841: 2334 842 840 483 
842: 1588 843 841 376 
843: 2155 842 316 38 
844: 1681 845 368 277 
845: 2781 846 844 352 
846: 1524 845 342 317 
847: 2783 502 317 5 
848: 2266 570 355 318 
849: 1808 851 472 255 
850: 1770 851 364 265 
851: 1844 852 850 849 
852: 1232 851 340 318 
853: 2595 782 570 374 
854: 855 698 360 99 
855: 868 854 374 144 
856: 886 218 72 36 
857: 1869 571 365 319 
858: 859 406 312 125 
859: 2706 858 726 567 
860: 1010 861 536 320 
861: 1164 862 860 401 
862: 1879 863 861 539 
863: 2824 862 432 93 
864: 2259 444 321 194 
865: 2198 321 155 19 
866: 2821 663 622 29 
867: 1542 343 177 13 
868: 869 855 581 322 
869: 1212 868 323 245 
870: 1905 572 324 52 
871: 1908 682 584 373 
872: 2163 873 365 11 
873: 936 872 607 388 
874: 875 253 101 2 
875: 1658 874 325 151 
876: 366 253 94 61 
877: 2426 604 264 42 
878: 939 879 131 36 
879: 1921 878 257 48 
880: 881 404 326 184 
881: 2409 880 503 366 
882: 2811 731 396 378 
883: 2765 884 417 205 
884: 1059 885 883 149 
885: 2008 886 884 361 
886: 1824 885 856 397 
887: 988 838 592 327 
888: 818 547 459 13 
889: 2330 890 534 41 
890: 1868 891 889 251 
891: 2501 890 386 142 
892: 1944 351 131 69 
893: 1105 551 328 189 
894: 1918 895 437 42 
895: 1955 894 329 97 
896: 1914 897 330 329 
897: 1714 898 896 231 
898: 2025 897 772 437 
899: 1869 764 600 46 
900: 1968 776 192 101 
901: 1970 902 415 331 
902: 1534 903 901 138 
903: 1080 902 641 116 
904: 1975 491 437 268 
905: 1978 615 605 166 
906: 1981 607 553 346 
907: 1984 439 248 218 
908: 1986 738 527 332 
909: 1987 910 568 74 
910: 1429 909 389 60 
911: 1833 616 428 333 
912: 913 535 333 95 
913: 2801 912 687 163 
914: 2619 334 158 52 
915: 2007 763 399 134 
916: 2015 917 693 462 
917: 1908 916 634 218 
918: 2031 441 107 44 
919: 1612 667 516 236 
920: 790 508 440 108 
921: 2046 684 664 115 
922: 2053 674 403 146 
923: 924 480 211 113 
924: 1008 923 674 510 
925: 2885 758 427 335 
926: 2056 338 192 22 
927: 1843 928 252 68 
928: 929 927 631 87 
929: 2058 928 435 204 
930: 931 632 511 208 
931: 1848 930 336 58 
932: 2075 528 476 337 
933: 2079 339 338 270 
934: 2084 610 471 451 
935: 610 562 251 181 
936: 2013 873 732 635 
937: 971 938 566 345 
938: 1338 937 460 357 
939: 1246 878 653 61 
940: 2469 941 26 15 
941: 2530 940 377 362 
942: 2726 944 555 130 
943: 1893 944 362 177 
944: 1837 945 943 942 
945: 2099 946 944 371 
946: 948 945 323 121 
947: 948 759 340 105 
948: 2237 947 946 474 
949: 959 950 759 629 
950: 2100 949 461 63 
951: 2882 952 341 184 
952: 1245 953 951 55 
953: 1132 955 952 327 
954: 2103 955 504 9 
955: 1004 954 953 360 
956: 2109 833 647 342 
957: 2116 958 541 521 
958: 959 957 728 422 
959: 2751 960 958 949 
960: 961 959 603 455 
961: 2117 960 360 96 
962: 2998 692 445 257 
963: 1425 964 583 223 
964: 1748 965 963 413 
965: 968 964 343 47 
966: 1153 967 97 27 
967: 1772 968 966 781 
968: 2125 967 965 77 
969: 970 120 98 41 
970: 2438 969 764 56 
971: 2415 972 937 196 
972: 2145 973 971 320 
973: 1789 972 371 344 
974: 1387 975 585 99 
975: 2009 976 974 12 
976: 1627 977 975 344 
977: 2146 976 830 46 
978: 630 470 358 214 
979: 2155 773 677 126 
980: 1037 773 466 345 
981: 2157 217 165 116 
982: 767 619 346 204 
983: 1565 412 142 59 
984: 1009 985 605 514 
985: 1357 984 564 50 
986: 1039 987 448 198 
987: 2196 986 394 1 
988: 989 887 394 187 
989: 988 446 347 179 
990: 1981 347 100 16 
991: 2188 992 169 159 
992: 994 991 457 22 
993: 1175 994 496 356 
994: 995 993 992 129 
995: 996 994 348 62 
996: 2238 997 995 317 
997: 2630 996 497 23 
998: 999 680 384 23 
999: 1000 998 342 286 
1000: 2082 999 684 410 
1001: 2189 614 611 540 
1002: 2189 504 349 28 
1003: 1004 441 349 135 
1004: 1234 1003 955 53 
1005: 2827 1006 712 267 
1006: 2591 1007 1005 28 
1007: 1701 1006 690 447 
1008: 2192 924 447 350 
1009: 2198 984 484 48 
1010: 1011 860 675 8 
1011: 1696 1010 380 307 
1012: 2228 680 352 351 
1013: 1033 1015 808 353 
1014: 1924 1015 524 129 
1015: 1539 1014 1013 683 
1016: 2286 580 556 354 
1017: 540 418 355 123 
1018: 2303 356 187 33 
1019: 2311 477 357 319 
1020: 1375 1021 454 7 
1021: 1130 1020 504 358 
1022: 2314 700 654 169 
1023: 1024 652 499 201 
1024: 2332 1023 824 359 
1025: 2334 474 268 161 
1026: 1840 1027 419 10 
1027: 2338 1026 837 414 
1028: 2362 646 640 252 
1029: 2245 743 551 115 
1030: 2302 1031 743 100 
1031: 2370 1030 360 190 
1032: 1919 450 361 195 
1033: 1936 1034 1013 362 
1034: 1728 1035 1033 363 
1035: 2385 1036 1034 267 
1036: 1037 1035 367 106 
1037: 2386 1036 980 364 
1038: 2389 717 365 174 
1039: 1725 1040 986 197 
1040: 1992 1042 1039 790 
1041: 2392 1042 366 173 
1042: 1240 1041 1040 36 
1043: 1123 656 271 41 
1044: 1736 676 656 558 
1045: 2372 1046 649 101 
1046: 1716 1047 1045 558 
1047: 2396 1046 210 120 
1048: 2408 565 517 115 
1049: 1307 367 240 172 
1050: 2413 624 102 76 
1051: 2415 370 369 368 
1052: 1053 725 250 165 
1053: 2673 1052 352 103 
1054: 1727 782 372 371 
1055: 721 716 448 371 
1056: 2054 1057 729 13 
1057: 2437 1056 627 224 
1058: 1562 1059 679 642 
1059: 1166 1058 884 119 
1060: 1664 1061 144 105 
1061: 1618 1060 699 55 
1062: 1624 487 132 110 
1063: 2455 792 546 31 
1064: 1363 373 372 109 
1065: 1648 803 621 374 
1066: 2491 424 381 289 
1067: 2739 267 241 66 
1068: 2502 228 150 57 
1069: 1372 532 375 4 
1070: 2247 1072 603 124 
1071: 1464 1073 376 18 
1072: 1606 1073 1070 31 
1073: 2506 1072 1071 745 
1074: 2524 452 377 220 
1075: 2525 1076 515 276 
1076: 2006 1075 458 128 
1077: 1080 753 751 120 
1078: 2665 1079 572 377 
1079: 1850 1080 1078 644 
1080: 1971 1079 1077 903 
1081: 2545 1082 651 150 
1082: 2546 1081 704 111 
1083: 2559 527 216 2 
1084: 2576 718 346 264 
1085: 2582 736 383 45 
1086: 2594 1087 738 506 
1087: 2861 1088 1086 171 
1088: 2595 1087 710 7 
1089: 1468 1090 733 458 
1090: 2526 1091 1089 23 
1091: 1213 1093 1090 378 
1092: 1912 1094 632 103 
1093: 1281 1095 1091 70 
1094: 1913 1096 1092 379 
1095: 2510 1097 1093 146 
1096: 1108 1097 1094 422 
1097: 1099 1096 1095 584 
1098: 1306 1100 588 443 
1099: 2081 1100 1097 421 
1100: 1107 1099 1098 590 
1101: 1106 421 256 104 
1102: 2923 1103 169 66 
1103: 2494 1105 1102 172 
1104: 1934 1106 380 178 
1105: 1946 1106 1103 893 
1106: 2106 1105 1104 1101 
1107: 1459 1100 719 338 
1108: 1096 532 483 381 
1109: 1989 1110 220 46 
1110: 2700 1111 1109 613 
1111: 1891 1113 1110 579 
1112: 1869 1114 481 303 
1113: 2657 1114 1111 29 
1114: 2658 1113 1112 461 
1115: 2690 1116 382 177 
1116: 2691 1115 715 131 
1117: 2065 1118 756 291 
1118: 1189 1119 1117 383 
1119: 1375 1118 384 117 
1120: 2699 726 619 426 
1121: 1742 619 563 220 
1122: 2719 778 430 314 
1123: 1653 1125 1043 717 
1124: 2736 1125 614 72 
1125: 2737 1124 1123 170 
1126: 1173 456 277 224 
1127: 2754 710 535 270 
1128: 1913 1129 732 251 
1129: 1707 1128 735 667 
1130: 1349 1131 1021 621 
1131: 1929 1132 1130 272 
1132: 2783 1131 953 30 
1133: 1134 752 613 146 
1134: 2834 1133 494 105 
1135: 2808 1136 494 400 
1136: 2833 1137 1135 8 
1137: 2834 1136 620 106 
1138: 1723 662 569 556 
1139: 409 385 238 175 
1140: 1427 708 385 206 
1141: 2472 1144 579 30 
1142: 1942 1145 387 386 
1143: 2696 1146 388 62 
1144: 2473 1146 1141 186 
1145: 2854 1146 1142 550 
1146: 2855 1145 1144 1143 
1147: 1774 699 535 388 
1148: 1162 512 362 143 
1149: 1442 1150 799 214 
1150: 2850 1149 473 215 
1151: 1424 1152 481 389 
1152: 2206 1151 618 162 
1153: 966 686 390 108 
1154: 1282 666 617 390 
1155: 1331 1156 645 34 
1156: 1989 1155 107 48 
1157: 1160 625 245 108 
1158: 2297 1159 673 588 
1159: 1917 1160 1158 569 
1160: 2903 1159 1157 391 
1161: 2948 798 229 1 
1162: 2950 1148 597 109 
1163: 2951 163 112 109 
1164: 1167 1165 861 144 
1165: 1585 1164 413 392 
1166: 2441 1170 1059 399 
1167: 2478 1174 1164 741 
1168: 1477 1176 436 110 
1169: 2287 1179 231 69 
1170: 1333 1181 1166 111 
1171: 1845 1182 394 393 
1172: 2614 1182 552 147 
1173: 2751 1186 1126 395 
1174: 2477 1187 1167 468 
1175: 2343 1191 993 762 
1176: 1866 1191 1168 396 
1177: 2106 1196 397 210 
1178: 2537 1199 443 398 
1179: 2126 1201 1169 554 
1180: 2797 1201 630 384 
1181: 2851 1205 1170 296 
1182: 1353 1207 1172 1171 
1183: 2699 1208 376 219 
1184: 2142 1210 767 471 
1185: 2727 1211 1204 10 
1186: 1674 1213 1173 9 
1187: 2358 1216 1174 642 
1188: 2344 1217 489 235 
1189: 2585 1218 1118 399 
1190: 1508 1222 653 484 
1191: 2561 1223 1176 1175 
1192: 2726 1228 1208 30 
1193: 2834 1236 354 77 
1194: 2866 1236 306 215 
1195: 2186 1237 689 512 
1196: 2912 1239 1177 475 
1197: 1466 1242 604 560 
1198: 1750 1244 400 96 
1199: 1556 1247 1178 40 
1200: 2013 1249 708 401 
1201: 1855 1251 1180 1179 
1202: 2256 1252 566 402 
1203: 2090 1253 403 270 
1204: 2728 1254 1185 31 
1205: 2398 1255 1181 575 
1206: 1898 1256 560 32 
1207: 2203 1256 1182 112 
1208: 2443 1257 1192 1183 
1209: 1675 1263 498 350 
1210: 2796 1265 1184 404 
1211: 1834 1269 1219 1185 
1212: 2382 1270 869 640 
1213: 1885 1272 1186 1091 
1214: 1337 1273 561 107 
1215: 2831 1275 530 126 
1216: 1937 1277 1187 10 
1217: 1883 1278 1188 405 
1218: 2662 1279 1267 1189 
1219: 2594 1283 1211 40 
1220: 1922 1284 406 171 
1221: 2153 1284 235 121 
1222: 1548 1285 1190 67 
1223: 2704 1285 1191 23 
1224: 2348 1287 411 168 
1225: 2992 1288 1273 488 
1226: 1471 1292 538 33 
1227: 2010 1295 419 113 
1228: 2819 1298 1192 407 
1229: 2458 1301 1237 408 
1230: 2757 1302 775 409 
1231: 1564 1303 410 203 
1232: 2349 1304 852 411 
1233: 1308 1305 1253 734 
1234: 1413 1305 1004 412 
1235: 2888 1309 691 413 
1236: 1414 1310 1194 1193 
1237: 1844 1315 1229 1195 
1238: 2575 1317 414 160 
1239: 1419 1318 1196 585 
1240: 2121 1320 1265 1042 
1241: 2558 1321 809 415 
1242: 2457 1322 1197 209 
1243: 2648 1323 467 11 
1244: 1909 1325 1198 431 
1245: 2438 1327 952 175 
1246: 1404 1329 939 416 
1247: 1611 1330 1199 766 
1248: 2052 1331 669 514 
1249: 2012 1332 1200 678 
1250: 2864 1335 543 14 
1251: 2082 1336 1302 1201 
1252: 1602 1339 1202 758 
1253: 2477 1342 1233 1203 
1254: 2289 1346 1204 255 
1255: 2396 1351 1205 114 
1256: 2227 1352 1207 1206 
1257: 2727 1358 1208 114 
1258: 2632 1361 269 263 
1259: 1474 1364 636 417 
1260: 2810 1364 1359 254 
1261: 1867 1366 361 8 
1262: 2746 1367 760 418 
1263: 2581 1369 1209 159 
1264: 1677 1370 1312 469 
1265: 2282 1370 1240 1210 
1266: 1657 1373 398 385 
1267: 2011 1377 1218 95 
1268: 1641 1379 779 37 
1269: 1835 1381 1211 752 
1270: 1478 1390 1212 393 
1271: 2526 1393 460 278 
1272: 2342 1396 1213 152 
1273: 1561 1397 1225 1214 
1274: 1676 1400 696 115 
1275: 2830 1404 1215 557 
1276: 1709 1405 64 60 
1277: 2803 1412 1392 1216 
1278: 2917 1413 1217 71 
1279: 2972 1416 1218 119 
1280: 1891 1416 546 195 
1281: 2929 1419 1093 419 
1282: 2141 1420 1154 720 
1283: 1475 1421 1219 620 
1284: 1571 1423 1221 1220 
1285: 2703 1428 1223 1222 
1286: 2906 1431 488 386 
1287: 1915 1435 1224 586 
1288: 2605 1436 1352 1225 
1289: 1485 1438 822 431 
1290: 2173 1438 697 34 
1291: 2750 1441 761 725 
1292: 1741 1443 1226 127 
1293: 2618 1444 377 165 
1294: 2528 1445 429 152 
1295: 1712 1448 1227 595 
1296: 1554 1452 302 249 
1297: 2780 1453 533 449 
1298: 1483 1457 1228 54 
1299: 2092 1460 714 441 
1300: 2238 1461 421 420 
1301: 2266 1465 1229 451 
1302: 1926 1465 1251 1230 
1303: 2131 1469 1231 704 
1304: 1535 1472 1232 41 
1305: 2918 1476 1234 1233 
1306: 2274 1479 1098 673 
1307: 1545 1482 1049 71 
1308: 1511 1484 1233 638 
1309: 2084 1484 1235 440 
1310: 2498 1486 1236 422 
1311: 1923 1488 1446 116 
1312: 2026 1489 1264 117 
1313: 1800 1490 591 139 
1314: 2949 1490 257 121 
1315: 2293 1491 1237 263 
1316: 1865 1494 1388 482 
1317: 2554 1494 1238 423 
1318: 2928 1496 1239 62 
1319: 2893 1497 776 424 
1320: 2393 1498 1240 98 
1321: 2969 1499 1241 33 
1322: 2634 1501 1242 30 
1323: 2647 1501 1243 425 
1324: 2784 1504 691 426 
1325: 1972 1510 1244 734 
1326: 1884 1515 445 155 
1327: 2872 1519 1245 168 
1328: 1572 1520 250 118 
1329: 1567 1528 1246 65 
1330: 1540 1529 1247 266 
1331: 2864 1530 1248 1155 
1332: 2843 1531 1437 1249 
1333: 1911 1532 1170 119 
1334: 2694 1536 1433 427 
1335: 2470 1537 1250 586 
1336: 2412 1545 1251 120 
1337: 2993 1546 1214 428 
1338: 1742 1547 938 221 
1339: 2619 1552 1252 429 
1340: 2905 1553 488 68 
1341: 2127 1555 673 430 
1342: 2037 1557 1253 358 
1343: 1714 1558 1385 596 
1344: 2956 1560 722 490 
1345: 2506 1560 801 497 
1346: 2743 1566 1254 431 
1347: 2153 1570 219 24 
1348: 2093 1572 834 191 
1349: 2782 1573 1130 121 
1350: 2071 1574 752 548 
1351: 1653 1575 1443 1255 
1352: 2606 1576 1288 1256 
1353: 2175 1578 1182 339 
1354: 2407 1579 517 432 
1355: 2183 1580 770 608 
1356: 1987 1582 433 71 
1357: 2000 1582 985 276 
1358: 2840 1588 1257 461 
1359: 1926 1593 1260 158 
1360: 2700 1596 220 25 
1361: 2633 1601 1258 548 
1362: 2166 1603 435 434 
1363: 2460 1605 1064 294 
1364: 1927 1607 1260 1259 
1365: 1609 1608 591 15 
1366: 2318 1612 1261 53 
1367: 2295 1615 1262 161 
1368: 2884 1622 437 436 
1369: 2293 1623 1523 1263 
1370: 2281 1627 1265 1264 
1371: 2260 1632 1408 122 
1372: 1646 1632 1069 49 
1373: 2603 1637 1266 537 
1374: 1814 1642 378 47 
1375: 1705 1649 1119 1020 
1376: 2230 1650 695 571 
1377: 2489 1651 1267 105 
1378: 2982 1654 773 201 
1379: 1893 1656 1268 123 
1380: 2702 1661 1478 438 
1381: 2441 1663 1269 778 
1382: 2737 1664 509 439 
1383: 2444 1665 124 60 
1384: 2139 1666 200 120 
1385: 1923 1666 1343 132 
1386: 2033 1667 688 51 
1387: 2008 1670 974 440 
1388: 2229 1672 1316 496 
1389: 2329 1673 660 441 
1390: 2745 1676 1270 125 
1391: 2513 1677 442 166 
1392: 2524 1679 1277 610 
1393: 2666 1680 1271 443 
1394: 1879 1683 710 126 
1395: 2787 1685 65 9 
1396: 2341 1686 1272 709 
1397: 2304 1687 1273 356 
1398: 2471 1691 644 242 
1399: 2636 1692 444 115 
1400: 2866 1693 1434 1274 
1401: 2507 1694 1538 445 
1402: 2431 1695 1505 486 
1403: 2125 1698 755 67 
1404: 2147 1699 1275 1246 
1405: 2643 1702 1276 446 
1406: 2287 1703 485 467 
1407: 2579 1706 536 138 
1408: 2261 1707 1371 447 
1409: 2601 1708 590 182 
1410: 2081 1709 448 43 
1411: 1950 1722 1643 739 
1412: 2804 1727 1277 514 
1413: 1778 1732 1278 1234 
1414: 2835 1733 1236 77 
1415: 2886 1735 1439 449 
1416: 2984 1736 1280 1279 
1417: 1985 1739 1456 141 
1418: 2555 1743 450 34 
1419: 2111 1746 1281 1239 
1420: 2680 1751 1546 1282 
1421: 1951 1752 1283 127 
1422: 1813 1755 261 130 
1423: 2119 1760 1510 1284 
1424: 2867 1760 1151 544 
1425: 2825 1762 1686 963 
1426: 2347 1764 697 542 
1427: 2887 1771 1140 765 
1428: 2715 1773 1285 451 
1429: 2817 1774 1492 910 
1430: 2314 1775 608 128 
1431: 2109 1780 1286 129 
1432: 2046 1781 1533 452 
1433: 1938 1783 1334 130 
1434: 2064 1785 1400 14 
1435: 2939 1794 1287 1 
1436: 1898 1800 1288 31 
1437: 2844 1802 1332 131 
1438: 2172 1804 1290 1289 
1439: 2825 1809 1415 453 
1440: 2983 1812 647 245 
1441: 2749 1819 1291 454 
1442: 2865 1820 1149 606 
1443: 1825 1824 1351 1292 
1444: 2156 1825 1293 800 
1445: 2405 1830 1294 720 
1446: 1952 1833 1311 455 
1447: 2600 1834 1708 455 
1448: 2686 1835 1295 219 
1449: 2617 1839 1450 35 
1450: 2207 1840 1449 456 
1451: 2807 1842 457 183 
1452: 2796 1843 1842 1296 
1453: 1880 1843 1297 458 
1454: 2781 1845 1757 459 
1455: 2173 1846 1845 17 
1456: 1849 1848 1417 460 
1457: 2821 1852 1717 1298 
1458: 1854 1853 813 242 
1459: 2625 1858 1107 36 
1460: 2141 1860 1299 315 
1461: 1861 1860 1300 645 
1462: 1996 1860 1789 70 
1463: 2108 1863 1862 742 
1464: 2642 1867 1071 840 
1465: 1925 1876 1302 1301 
1466: 2255 1877 1197 500 
1467: 2758 1881 1880 1803 
1468: 1887 1882 1881 1089 
1469: 2142 1883 1303 624 
1470: 2841 1884 461 132 
1471: 2729 1887 1226 90 
1472: 2140 1888 1304 410 
1473: 2073 1889 578 154 
1474: 2091 1890 1259 785 
1475: 2559 1894 1283 462 
1476: 2415 1894 1305 395 
1477: 2023 1900 1765 1168 
1478: 2383 1900 1380 1270 
1479: 2536 1901 1306 827 
1480: 2980 1902 1481 133 
1481: 2676 1903 1480 789 
1482: 2179 1904 1307 531 
1483: 2352 1906 1298 463 
1484: 2272 1907 1309 1308 
1485: 2845 1910 1289 134 
1486: 2499 1917 1718 1310 
1487: 2791 1921 375 206 
1488: 2171 1922 1311 135 
1489: 2717 1922 1312 701 
1490: 2159 1928 1314 1313 
1491: 2294 1928 1315 542 
1492: 2816 1932 1429 464 
1493: 1980 1934 1933 136 
1494: 2048 1939 1317 1316 
1495: 1940 1939 1533 51 
1496: 2361 1940 1318 252 
1497: 2892 1945 1769 1319 
1498: 1948 1947 1320 465 
1499: 2968 1947 1321 466 
1500: 1950 1949 659 10 
1501: 2635 1951 1323 1322 
1502: 1954 1953 1557 467 
1503: 2397 1956 468 119 
1504: 2168 1958 1957 1324 
1505: 2430 1960 1402 469 
1506: 2645 1962 470 381 
1507: 1965 1964 278 52 
1508: 2685 1968 1190 419 
1509: 2306 1969 697 11 
1510: 2451 1971 1423 1325 
1511: 2036 1974 1308 383 
1512: 2182 1977 1613 539 
1513: 2278 1983 1982 137 
1514: 2041 1983 516 5 
1515: 1997 1996 1616 1326 
1516: 2001 2000 1924 271 
1517: 2002 2001 767 471 
1518: 2756 2002 1655 225 
1519: 2437 2003 1327 839 
1520: 2688 2005 1328 279 
1521: 2490 2012 2011 537 
1522: 2496 2016 218 14 
1523: 2520 2017 1369 472 
1524: 2798 2020 846 473 
1525: 2768 2021 2020 474 
1526: 2918 2024 1737 138 
1527: 2029 2028 1614 139 
1528: 2419 2031 1329 379 
1529: 2979 2034 1330 207 
1530: 2865 2039 1331 234 
1531: 2588 2040 2039 1332 
1532: 2045 2044 1720 1333 
1533: 2421 2047 1495 1432 
1534: 2049 2048 902 140 
1535: 2105 2053 1304 545 
1536: 2154 2054 1334 141 
1537: 2803 2057 1335 188 
1538: 2059 2058 1693 1401 
1539: 2246 2059 1015 37 
1540: 2070 2069 1330 475 
1541: 2337 2073 2072 1605 
1542: 2422 2076 867 476 
1543: 2491 2077 2076 276 
1544: 2377 2079 591 304 
1545: 2756 2083 1336 1307 
1546: 2142 2086 1420 1337 
1547: 2495 2087 1338 142 
1548: 2309 2088 1222 477 
1549: 2202 2088 478 235 
1550: 2092 2091 1854 479 
1551: 2585 2097 1591 55 
1552: 2105 2104 1661 1339 
1553: 2121 2120 1340 144 
1554: 2476 2124 1296 480 
1555: 2691 2126 1341 301 
1556: 2978 2127 1617 1199 
1557: 2129 2128 1502 1342 
1558: 2579 2131 1343 481 
1559: 2274 2132 754 482 
1560: 2447 2135 1345 1344 
1561: 2137 2136 2027 1273 
1562: 2139 2138 1058 124 
1563: 2141 2140 755 81 
1564: 2590 2143 1231 20 
1565: 2145 2144 983 143 
1566: 2288 2144 1346 483 
1567: 2418 2147 1329 17 
1568: 2154 2148 662 467 
1569: 2970 2150 1635 144 
1570: 2332 2152 1347 147 
1571: 2704 2154 1284 3 
1572: 2158 2157 1348 1328 
1573: 2160 2159 1349 44 
1574: 2213 2160 1350 51 
1575: 2235 2162 2161 1351 
1576: 2168 2167 1352 12 
1577: 2199 2172 484 114 
1578: 2759 2176 1692 1353 
1579: 2906 2176 1354 485 
1580: 2498 2182 1355 242 
1581: 2410 2184 626 486 
1582: 2568 2185 1357 1356 
1583: 2445 2185 488 487 
1584: 2195 2194 578 489 
1585: 2971 2194 1165 2 
1586: 2456 2197 2196 566 
1587: 2550 2203 501 490 
1588: 2207 2206 1358 842 
1589: 2857 2209 491 145 
1590: 2615 2210 2209 38 
1591: 2212 2211 1551 492 
1592: 2556 2213 494 493 
1593: 2480 2215 1359 146 
1594: 2217 2216 1732 559 
1595: 2236 2220 2219 495 
1596: 2222 2221 1360 701 
1597: 2964 2228 496 147 
1598: 2601 2231 763 497 
1599: 2234 2233 721 42 
1600: 2767 2235 2234 148 
1601: 2239 2238 1361 826 
1602: 2620 2241 1252 772 
1603: 2243 2242 1362 321 
1604: 2784 2244 2243 498 
1605: 2246 2245 1541 1363 
1606: 2281 2248 1072 499 
1607: 2250 2249 1364 68 
1608: 2805 2250 1365 158 
1609: 2937 2251 1365 364 
1610: 2950 2254 2253 202 
1611: 2714 2254 1247 500 
1612: 2319 2255 1366 919 
1613: 2260 2259 1512 501 
1614: 2265 2264 1527 635 
1615: 2271 2270 1367 404 
1616: 2276 2275 1515 139 
1617: 2280 2279 1556 91 
1618: 2443 2279 1061 66 
1619: 2284 2283 502 126 
1620: 2285 2284 2205 73 
1621: 2290 2289 1700 748 
1622: 2292 2291 1368 589 
1623: 2312 2292 1369 515 
1624: 2962 2297 2296 1062 
1625: 2597 2300 205 58 
1626: 2849 2307 409 79 
1627: 2310 2309 1370 976 
1628: 2485 2312 504 503 
1629: 2313 2312 2310 650 
1630: 2316 2315 1793 1780 
1631: 2870 2322 2321 505 
1632: 2504 2326 1372 1371 
1633: 2621 2330 2329 506 
1634: 2332 2331 592 507 
1635: 2339 2338 1569 153 
1636: 2844 2346 542 411 
1637: 2395 2348 1373 508 
1638: 2414 2351 2350 353 
1639: 2353 2352 625 259 
1640: 2358 2357 608 258 
1641: 2578 2357 1268 208 
1642: 2975 2359 2358 1374 
1643: 2587 2363 1411 432 
1644: 2738 2363 555 509 
1645: 2367 2366 2063 59 
1646: 2514 2369 1372 551 
1647: 2545 2371 511 510 
1648: 2464 2371 1065 347 
1649: 2374 2373 2351 1375 
1650: 2641 2389 1376 512 
1651: 2488 2392 1377 513 
1652: 2999 2393 638 39 
1653: 2958 2397 1351 1123 
1654: 2981 2398 1378 662 
1655: 2755 2399 1518 26 
1656: 2577 2401 1752 1379 
1657: 2482 2409 1266 74 
1658: 2719 2413 875 172 
1659: 2425 2424 711 174 
1660: 2760 2429 726 40 
1661: 2701 2435 1552 1380 
1662: 2439 2438 514 149 
1663: 2627 2442 1381 333 
1664: 2622 2442 1382 1060 
1665: 2919 2445 1383 150 
1666: 2772 2446 1385 1384 
1667: 2731 2468 1683 1386 
1668: 2612 2471 2470 78 
1669: 2890 2474 740 515 
1670: 2485 2484 1387 151 
1671: 2542 2497 516 152 
1672: 2498 2497 1388 454 
1673: 2875 2505 1688 1389 
1674: 2987 2511 1186 153 
1675: 2512 2511 2502 1209 
1676: 2744 2512 1390 1274 
1677: 2988 2514 1391 1264 
1678: 2522 2521 2377 154 
1679: 2970 2525 1392 635 
1680: 2532 2527 1393 273 
1681: 2531 2530 844 749 
1682: 2535 2534 517 216 
1683: 2730 2534 1667 1394 
1684: 2538 2537 46 41 
1685: 2539 2538 2200 1395 
1686: 2826 2538 1425 1396 
1687: 2540 2539 1397 606 
1688: 2541 2540 1673 19 
1689: 2695 2543 2542 518 
1690: 2858 2544 2543 519 
1691: 2545 2544 2067 1398 
1692: 2547 2546 1578 1399 
1693: 2548 2547 1538 1400 
1694: 2554 2553 1401 162 
1695: 2555 2554 1402 520 
1696: 2860 2555 1011 521 
1697: 2574 2557 627 32 
1698: 2561 2560 1782 1403 
1699: 2705 2562 1404 563 
1700: 2565 2564 1621 522 
1701: 2566 2565 1007 42 
1702: 2570 2569 1405 423 
1703: 2574 2573 1406 156 
1704: 2677 2577 718 523 
1705: 2694 2577 1375 155 
1706: 2736 2578 1407 176 
1707: 2774 2578 1408 1129 
1708: 2581 2580 1447 1409 
1709: 2583 2582 1410 1276 
1710: 2584 2583 2080 524 
1711: 2587 2586 1853 525 
1712: 2592 2591 1295 526 
1713: 2593 2592 527 156 
1714: 2600 2599 1343 897 
1715: 2880 2604 421 418 
1716: 2612 2611 2288 1046 
1717: 2820 2611 1457 528 
1718: 2617 2616 1486 791 
1719: 2632 2631 2263 290 
1720: 2640 2639 1532 529 
1721: 2641 2640 2056 133 
1722: 2649 2648 1411 530 
1723: 2843 2649 1138 52 
1724: 2654 2653 531 313 
1725: 2655 2654 1793 1039 
1726: 2656 2655 2204 425 
1727: 2661 2660 1412 1054 
1728: 2665 2664 1034 202 
1729: 2667 2666 2077 492 
1730: 2668 2667 479 29 
1731: 2977 2669 2668 193 
1732: 2679 2678 1594 1413 
1733: 2681 2680 2120 1414 
1734: 2943 2686 1786 300 
1735: 2688 2687 1415 255 
1736: 2690 2689 1416 1044 
1737: 2919 2690 1526 22 
1738: 2694 2693 789 532 
1739: 2696 2695 2257 1417 
1740: 2705 2704 1840 335 
1741: 2710 2709 1292 322 
1742: 2714 2713 1338 1121 
1743: 2757 2717 1418 263 
1744: 2724 2723 2095 205 
1745: 2767 2728 776 240 
1746: 2730 2729 1419 241 
1747: 2732 2731 554 157 
1748: 2936 2736 2735 964 
1749: 2739 2738 2570 533 
1750: 2966 2738 1198 198 
1751: 2741 2740 1420 180 
1752: 2744 2743 1656 1421 
1753: 2759 2758 2349 97 
1754: 2938 2764 2763 416 
1755: 2765 2764 1422 19 
1756: 2776 2775 1811 534 
1757: 2874 2782 1454 158 
1758: 2784 2783 2697 50 
1759: 2787 2786 159 144 
1760: 2998 2787 1424 1423 
1761: 2798 2797 1988 535 
1762: 2802 2801 1425 617 
1763: 2809 2808 757 536 
1764: 2877 2810 2809 1426 
1765: 2813 2812 1477 537 
1766: 2841 2814 2813 538 
1767: 2818 2817 2551 193 
1768: 2819 2818 2221 44 
1769: 2832 2831 1497 539 
1770: 2989 2833 850 744 
1771: 2838 2837 1427 265 
1772: 2839 2838 2385 967 
1773: 2886 2848 2847 1428 
1774: 2906 2855 1429 1147 
1775: 2859 2858 2290 1430 
1776: 2951 2862 641 160 
1777: 2869 2868 2575 540 
1778: 2885 2884 2087 1413 
1779: 2889 2888 486 161 
1780: 2892 2891 1630 1431 
1781: 2895 2894 1927 1432 
1782: 2896 2895 1698 541 
1783: 2997 2896 1433 627 
1784: 2994 2900 655 84 
1785: 2908 2907 2340 1434 
1786: 2944 2907 1734 162 
1787: 2953 2915 734 458 
1788: 2916 2915 542 180 
1789: 2925 2924 1462 973 
1790: 2934 2933 2325 543 
1791: 2989 2934 788 544 
1792: 2937 2936 545 206 
1793: 2938 2937 1725 1630 
1794: 2948 2940 1435 163 
1795: 2942 2941 2660 431 
1796: 2956 2955 511 249 
1797: 2960 2959 546 130 
1798: 2962 2961 2195 547 
1799: 2963 2962 58 3 
1800: 2970 2969 1436 1313 
1801: 2994 2989 639 637 
1802: 2991 2990 2747 1437 
1803: 2992 2991 1467 11 
1804: 1438 164 4 
1805: 258 165 9 
1806: 199 166 43 
1807: 292 255 167 
1808: 849 453 60 
1809: 1439 510 402 
1810: 548 238 44 
1811: 1756 654 21 
1812: 1440 706 464 
1813: 1422 168 83 
1814: 1374 118 64 
1815: 185 170 169 
1816: 513 171 76 
1817: 1818 601 242 
1818: 1817 243 151 
1819: 1820 1441 549 
1820: 1819 1442 812 
1821: 247 6 1 
1822: 1823 550 468 
1823: 1824 1822 594 
1824: 1823 1443 886 
1825: 1826 1444 1443 
1826: 1825 596 326 
1827: 1828 815 172 
1828: 1827 551 507 
1829: 553 552 182 
1830: 1445 553 392 
1831: 554 173 44 
1832: 1833 820 123 
1833: 1832 1446 911 
1834: 1447 1211 262 
1835: 1836 1448 1269 
1836: 1835 556 50 
1837: 944 175 174 
1838: 821 556 555 
1839: 1449 628 577 
1840: 1740 1450 1026 
1841: 823 558 557 
1842: 1452 1451 559 
1843: 1453 1452 927 
1844: 1237 851 560 
1845: 1455 1454 1171 
1846: 1455 561 102 
1847: 252 210 176 
1848: 1456 931 785 
1849: 1456 787 768 
1850: 1079 787 562 
1851: 1852 563 562 
1852: 1851 1457 657 
1853: 1711 1458 260 
1854: 1855 1550 1458 
1855: 1854 1201 716 
1856: 564 340 45 
1857: 832 165 45 
1858: 1459 264 46 
1859: 567 566 565 
1860: 1462 1461 1460 
1861: 1862 1461 177 
1862: 1861 1463 568 
1863: 1463 172 85 
1864: 569 434 237 
1865: 1316 47 5 
1866: 1176 570 48 
1867: 1464 1261 546 
1868: 890 571 72 
1869: 1112 899 857 
1870: 1871 572 178 
1871: 1872 1870 196 
1872: 1873 1871 573 
1873: 1874 1872 583 
1874: 1873 574 46 
1875: 1876 574 21 
1876: 1877 1875 1465 
1877: 1876 1466 575 
1878: 576 575 498 
1879: 1394 862 3 
1880: 1467 1453 154 
1881: 1468 1467 581 
1882: 1468 179 20 
1883: 1469 1217 49 
1884: 1885 1470 1326 
1885: 1886 1884 1213 
1886: 1885 663 577 
1887: 1471 1468 180 
1888: 1472 578 180 
1889: 1473 530 71 
1890: 1474 579 136 
1891: 1280 1111 181 
1892: 836 580 181 
1893: 1379 943 580 
1894: 1895 1476 1475 
1895: 1896 1894 533 
1896: 1895 54 49 
1897: 581 182 54 
1898: 1899 1436 1206 
1899: 1900 1898 183 
1900: 1899 1478 1477 
1901: 1902 1479 110 
1902: 1901 1480 781 
1903: 1904 1481 582 
1904: 1903 1482 2 
1905: 870 175 2 
1906: 1907 1483 157 
1907: 1906 1484 583 
1908: 917 871 583 
1909: 1244 584 50 
1910: 1485 585 160 
1911: 1333 677 585 
1912: 1092 677 17 
1913: 1128 1094 79 
1914: 896 586 246 
1915: 1287 587 39 
1916: 336 104 89 
1917: 1486 1159 366 
1918: 894 588 488 
1919: 1032 209 48 
1920: 589 324 128 
1921: 1487 879 748 
1922: 1489 1488 1220 
1923: 1385 1311 731 
1924: 1925 1516 1014 
1925: 1924 1465 422 
1926: 1359 1302 590 
1927: 1928 1781 1364 
1928: 1927 1491 1490 
1929: 1131 592 591 
1930: 729 186 184 
1931: 593 186 185 
1932: 1933 1492 612 
1933: 1932 1493 12 
1934: 1935 1493 1104 
1935: 1934 594 415 
1936: 1033 642 547 
1937: 1938 1216 204 
1938: 1937 1433 241 
1939: 1495 1494 534 
1940: 1496 1495 595 
1941: 595 223 197 
1942: 1943 1142 596 
1943: 1942 597 187 
1944: 892 597 13 
1945: 1946 1497 351 
1946: 1945 1105 188 
1947: 1499 1498 189 
1948: 1949 1498 554 
1949: 1948 1500 755 
1950: 1500 1411 598 
1951: 1952 1501 1421 
1952: 1953 1951 1446 
1953: 1952 1502 190 
1954: 1955 1502 191 
1955: 1954 895 765 
1956: 1957 1503 599 
1957: 1956 1504 698 
1958: 1959 1504 408 
1959: 1960 1958 146 
1960: 1961 1959 1505 
1961: 1962 1960 100 
1962: 1963 1961 1506 
1963: 1962 600 65 
1964: 1507 636 56 
1965: 1966 1507 536 
1966: 1965 601 57 
1967: 1968 602 57 
1968: 1967 1508 900 
1969: 1509 651 192 
1970: 901 786 651 
1971: 1510 1080 181 
1972: 1325 742 193 
1973: 1974 603 56 
1974: 1973 1511 268 
1975: 1976 904 194 
1976: 1977 1975 604 
1977: 1978 1976 1512 
1978: 1977 905 659 
1979: 606 605 195 
1980: 1981 1493 606 
1981: 1980 990 906 
1982: 1513 608 607 
1983: 1514 1513 609 
1984: 1985 907 610 
1985: 1984 1417 578 
1986: 908 611 196 
1987: 1356 909 612 
1988: 1989 1761 233 
1989: 1988 1156 1109 
1990: 1991 614 613 
1991: 1990 682 197 
1992: 1040 615 199 
1993: 618 617 616 
1994: 670 619 618 
1995: 535 3 0 
1996: 1515 1462 783 
1997: 1998 1515 51 
1998: 1997 229 158 
1999: 500 52 1 
2000: 1516 1357 145 
2001: 1517 1516 470 
2002: 1518 1517 620 
2003: 2004 1519 620 
2004: 2005 2003 478 
2005: 2004 1520 198 
2006: 2007 1076 284 
2007: 2006 915 621 
2008: 1387 885 399 
2009: 2010 975 825 
2010: 2011 2009 1227 
2011: 2010 1521 1267 
2012: 1521 1249 140 
2013: 2014 1200 936 
2014: 2015 2013 199 
2015: 2014 916 622 
2016: 2017 1522 56 
2017: 2018 2016 1523 
2018: 2019 2017 53 
2019: 2018 528 16 
2020: 1525 1524 417 
2021: 2022 1525 661 
2022: 2021 573 173 
2023: 2024 1477 200 
2024: 2025 2023 1526 
2025: 2024 898 298 
2026: 2027 1312 54 
2027: 2028 2026 1561 
2028: 2027 1527 623 
2029: 1527 648 201 
2030: 441 201 60 
2031: 2032 1528 918 
2032: 2031 688 202 
2033: 1386 624 367 
2034: 1529 203 103 
2035: 2036 490 262 
2036: 2035 1511 206 
2037: 2038 1342 601 
2038: 2039 2037 204 
2039: 2038 1531 1530 
2040: 1531 625 205 
2041: 2042 1514 594 
2042: 2041 626 57 
2043: 2044 627 626 
2044: 2043 1532 40 
2045: 1532 802 440 
2046: 1432 921 719 
2047: 2048 1533 192 
2048: 2047 1534 1494 
2049: 1534 629 628 
2050: 2051 629 463 
2051: 2052 2050 630 
2052: 2053 2051 1248 
2053: 2052 1535 922 
2054: 2055 1536 1056 
2055: 2054 405 206 
2056: 1721 926 243 
2057: 1537 631 243 
2058: 1538 929 744 
2059: 2060 1539 1538 
2060: 2061 2059 584 
2061: 2062 2060 190 
2062: 2063 2061 481 
2063: 2062 1645 506 
2064: 1434 568 207 
2065: 2066 1117 387 
2066: 2067 2065 610 
2067: 2068 2066 1691 
2068: 2067 632 55 
2069: 1540 208 20 
2070: 2071 1540 650 
2071: 2070 1350 217 
2072: 1541 548 452 
2073: 2074 1541 1473 
2074: 2073 633 244 
2075: 932 633 209 
2076: 1543 1542 634 
2077: 2078 1729 1543 
2078: 2077 369 14 
2079: 2080 1544 933 
2080: 2081 2079 1710 
2081: 2080 1410 1099 
2082: 1251 1000 72 
2083: 2084 1545 509 
2084: 2083 1309 934 
2085: 2086 635 65 
2086: 2085 1546 460 
2087: 1778 1547 61 
2088: 2089 1549 1548 
2089: 2088 771 403 
2090: 1203 637 636 
2091: 1550 1474 658 
2092: 1550 1299 201 
2093: 2094 1348 638 
2094: 2093 438 20 
2095: 2096 1744 639 
2096: 2095 641 640 
2097: 1551 642 640 
2098: 643 612 15 
2099: 945 760 644 
2100: 2101 950 215 
2101: 2102 2100 3 
2102: 2103 2101 2 
2103: 2102 954 645 
2104: 1552 360 210 
2105: 1552 1535 230 
2106: 1177 1106 545 
2107: 2108 618 380 
2108: 2107 1463 646 
2109: 1431 956 708 
2110: 648 647 28 
2111: 2112 1419 648 
2112: 2113 2111 504 
2113: 2114 2112 649 
2114: 2113 650 555 
2115: 2116 650 211 
2116: 2115 957 651 
2117: 2118 961 57 
2118: 2117 652 257 
2119: 2120 1423 436 
2120: 2119 1733 1553 
2121: 1553 1240 692 
2122: 2123 692 233 
2123: 2124 2122 769 
2124: 2123 1554 67 
2125: 1403 968 704 
2126: 1555 1179 343 
2127: 2128 1556 1341 
2128: 2127 1557 653 
2129: 1557 293 259 
2130: 642 596 341 
2131: 2132 1558 1303 
2132: 2133 2131 1559 
2133: 2134 2132 654 
2134: 2135 2133 212 
2135: 2136 2134 1560 
2136: 2135 1561 655 
2137: 2138 1561 213 
2138: 2137 1562 602 
2139: 1562 1384 656 
2140: 1563 1472 35 
2141: 1563 1460 1282 
2142: 1546 1469 1184 
2143: 2144 1564 657 
2144: 2143 1566 1565 
2145: 1565 972 666 
2146: 977 643 214 
2147: 1567 1404 658 
2148: 1568 659 658 
2149: 2150 660 659 
2150: 2149 1569 661 
2151: 2152 661 72 
2152: 2151 1570 15 
2153: 1347 1221 14 
2154: 1571 1568 1536 
2155: 979 843 662 
2156: 1444 580 466 
2157: 1572 981 215 
2158: 2159 1572 80 
2159: 2158 1573 1490 
2160: 2161 1574 1573 
2161: 2160 1575 170 
2162: 2163 1575 553 
2163: 2164 2162 872 
2164: 2165 2163 149 
2165: 2164 664 663 
2166: 1362 666 665 
2167: 1576 665 38 
2168: 2169 1576 1504 
2169: 2170 2168 56 
2170: 2171 2169 817 
2171: 2172 2170 1488 
2172: 2171 1577 1438 
2173: 2174 1455 1290 
2174: 2175 2173 433 
2175: 2174 1353 216 
2176: 1579 1578 217 
2177: 2178 667 204 
2178: 2177 428 55 
2179: 2180 1482 218 
2180: 2179 219 112 
2181: 668 412 334 
2182: 1580 1512 57 
2183: 2184 1355 58 
2184: 2183 1581 669 
2185: 1583 1582 198 
2186: 2187 1195 16 
2187: 2188 2186 670 
2188: 2187 991 672 
2189: 1002 1001 309 
2190: 2191 663 53 
2191: 2190 671 348 
2192: 2193 1008 191 
2193: 2192 572 209 
2194: 1585 1584 672 
2195: 2196 1798 1584 
2196: 2195 1586 987 
2197: 2198 1586 59 
2198: 2197 1009 865 
2199: 2200 1577 259 
2200: 2199 1685 673 
2201: 2202 674 673 
2202: 2201 1549 57 
2203: 1587 1207 634 
2204: 2205 1726 675 
2205: 2206 2204 1620 
2206: 2205 1588 1152 
2207: 2208 1588 1450 
2208: 2209 2207 167 
2209: 2208 1590 1589 
2210: 2211 1590 462 
2211: 2210 1591 676 
2212: 1591 677 471 
2213: 1592 1574 225 
2214: 2215 493 220 
2215: 2216 2214 1593 
2216: 2215 1594 78 
2217: 1594 520 5 
2218: 234 221 142 
2219: 1595 234 218 
2220: 2221 1595 230 
2221: 2220 1768 1596 
2222: 2223 1596 6 
2223: 2224 2222 678 
2224: 2223 446 222 
2225: 2226 679 60 
2226: 2227 2225 397 
2227: 2226 1256 680 
2228: 1597 1012 223 
2229: 2230 1388 147 
2230: 2231 2229 1376 
2231: 2230 1598 61 
2232: 2233 763 604 
2233: 2232 1599 523 
2234: 1600 1599 17 
2235: 2236 1600 1575 
2236: 2235 1595 310 
2237: 948 308 111 
2238: 1601 1300 996 
2239: 2240 1601 448 
2240: 2241 2239 647 
2241: 2240 1602 681 
2242: 1603 681 70 
2243: 1604 1603 62 
2244: 1604 682 155 
2245: 1605 1029 682 
2246: 1605 1539 224 
2247: 1070 775 683 
2248: 2249 1606 435 
2249: 2248 1607 43 
2250: 1608 1607 564 
2251: 2252 1609 3 
2252: 2251 684 225 
2253: 1610 671 363 
2254: 1611 1610 598 
2255: 1612 1466 685 
2256: 1202 226 63 
2257: 2258 1739 63 
2258: 2259 2257 227 
2259: 2258 1613 864 
2260: 1613 1371 221 
2261: 1408 686 541 
2262: 2263 582 64 
2263: 2264 2262 1719 
2264: 2263 1614 51 
2265: 1614 687 480 
2266: 1301 848 687 
2267: 2268 689 688 
2268: 2267 559 122 
2269: 2270 690 213 
2270: 2269 1615 232 
2271: 2272 1615 217 
2272: 2271 1484 227 
2273: 2274 691 226 
2274: 2273 1559 1306 
2275: 1616 754 65 
2276: 2277 1616 330 
2277: 2276 692 228 
2278: 2279 1513 228 
2279: 2278 1618 1617 
2280: 1617 693 68 
2281: 1606 1370 693 
2282: 2283 1265 229 
2283: 2282 1619 75 
2284: 1620 1619 694 
2285: 2286 1620 148 
2286: 2285 1016 695 
2287: 2288 1406 1169 
2288: 2287 1716 1566 
2289: 1621 1254 66 
2290: 2291 1775 1621 
2291: 2290 1622 569 
2292: 1623 1622 577 
2293: 1369 1315 662 
2294: 2295 1491 469 
2295: 2294 1367 58 
2296: 1624 230 27 
2297: 2298 1624 1158 
2298: 2299 2297 246 
2299: 2300 2298 477 
2300: 2301 2299 1625 
2301: 2302 2300 696 
2302: 2303 2301 1030 
2303: 2302 1018 185 
2304: 2305 1397 231 
2305: 2304 138 18 
2306: 1509 44 18 
2307: 1626 698 697 
2308: 2309 698 10 
2309: 2308 1627 1548 
2310: 1629 1627 232 
2311: 1019 699 271 
2312: 1629 1628 1623 
2313: 1629 700 99 
2314: 1430 1022 683 
2315: 1630 608 233 
2316: 1630 275 273 
2317: 2318 275 159 
2318: 2317 1366 605 
2319: 2320 1612 566 
2320: 2321 2319 234 
2321: 2320 1631 182 
2322: 2323 1631 0 
2323: 2324 2322 235 
2324: 2325 2323 239 
2325: 2326 2324 1790 
2326: 2327 2325 1632 
2327: 2326 702 701 
2328: 2329 702 664 
2329: 2328 1633 1389 
2330: 2331 1633 889 
2331: 2330 1634 101 
2332: 1634 1570 1024 
2333: 652 474 56 
2334: 2335 1025 841 
2335: 2334 590 239 
2336: 2337 793 239 
2337: 2336 1541 414 
2338: 1635 1027 67 
2339: 2340 1635 116 
2340: 2339 1785 703 
2341: 1396 703 61 
2342: 1272 704 299 
2343: 2344 1175 704 
2344: 2345 2343 1188 
2345: 2344 525 166 
2346: 1636 526 68 
2347: 1426 561 508 
2348: 1637 1224 407 
2349: 1753 1232 705 
2350: 1638 774 705 
2351: 2352 1649 1638 
2352: 2351 1639 1483 
2353: 1639 706 702 
2354: 2355 706 200 
2355: 2354 707 677 
2356: 708 707 337 
2357: 1641 1640 708 
2358: 1642 1640 1187 
2359: 2360 1642 131 
2360: 2361 2359 236 
2361: 2360 1496 531 
2362: 1028 739 709 
2363: 2364 1644 1643 
2364: 2365 2363 746 
2365: 2366 2364 4 
2366: 2365 1645 355 
2367: 2368 1645 529 
2368: 2369 2367 210 
2369: 2368 1646 129 
2370: 1031 710 487 
2371: 1648 1647 710 
2372: 2373 1045 5 
2373: 2372 1649 19 
2374: 2375 1649 237 
2375: 2376 2374 794 
2376: 2377 2375 750 
2377: 2376 1678 1544 
2378: 2379 614 0 
2379: 2380 2378 711 
2380: 2381 2379 37 
2381: 2382 2380 20 
2382: 2381 1212 16 
2383: 2384 1478 6 
2384: 2385 2383 712 
2385: 2384 1772 1035 
2386: 2387 1037 560 
2387: 2386 713 238 
2388: 714 709 161 
2389: 1650 1038 592 
2390: 715 695 187 
2391: 2392 715 270 
2392: 2391 1651 1041 
2393: 1652 1320 716 
2394: 2395 718 717 
2395: 2999 2394 1637 
2396: 1255 1047 247 
2397: 1653 1503 616 
2398: 2399 1654 1205 
2399: 2400 2398 1655 
2400: 2401 2399 719 
2401: 2402 2400 1656 
2402: 2403 2401 0 
2403: 2404 2402 186 
2404: 2403 720 514 
2405: 2406 1445 721 
2406: 2407 2405 278 
2407: 2406 1354 736 
2408: 2409 1048 722 
2409: 2408 1657 881 
2410: 1581 239 224 
2411: 2412 694 70 
2412: 2411 1336 240 
2413: 1658 1050 168 
2414: 1638 723 624 
2415: 1476 1051 971 
2416: 2417 793 482 
2417: 2416 730 724 
2418: 1567 725 646 
2419: 1528 372 45 
2420: 2421 721 211 
2421: 2422 2420 1533 
2422: 2423 2421 1542 
2423: 2424 2422 194 
2424: 2423 1659 600 
2425: 2426 1659 63 
2426: 2427 2425 877 
2427: 2428 2426 439 
2428: 2427 770 220 
2429: 1660 396 241 
2430: 1505 726 13 
2431: 2432 1402 242 
2432: 2431 727 700 
2433: 2434 727 725 
2434: 2435 2433 42 
2435: 2434 1661 676 
2436: 729 728 272 
2437: 1519 1057 730 
2438: 1662 1245 970 
2439: 2440 1662 731 
2440: 2439 679 15 
2441: 1381 1166 21 
2442: 1664 1663 199 
2443: 2444 1618 1208 
2444: 2443 1383 732 
2445: 1665 1583 751 
2446: 1666 722 92 
2447: 2448 1560 680 
2448: 2447 734 733 
2449: 2450 733 243 
2450: 2449 735 233 
2451: 1510 735 489 
2452: 2453 678 195 
2453: 2454 2452 501 
2454: 2453 244 93 
2455: 2456 1063 6 
2456: 2457 2455 1586 
2457: 2458 2456 1242 
2458: 2459 2457 1229 
2459: 2458 736 108 
2460: 1363 736 245 
2461: 2462 658 373 
2462: 2463 2461 609 
2463: 2462 621 246 
2464: 1648 737 69 
2465: 2466 737 437 
2466: 2467 2465 738 
2467: 2468 2466 636 
2468: 2469 2467 1667 
2469: 2468 940 543 
2470: 1668 1335 183 
2471: 1668 1398 688 
2472: 1141 247 242 
2473: 2474 1144 5 
2474: 2475 2473 1669 
2475: 2476 2474 739 
2476: 2475 1554 740 
2477: 1253 1174 249 
2478: 2479 1167 297 
2479: 2478 814 690 
2480: 1593 741 68 
2481: 2482 741 178 
2482: 2483 2481 1657 
2483: 2482 742 4 
2484: 1670 742 248 
2485: 2486 1670 1628 
2486: 2487 2485 593 
2487: 2488 2486 70 
2488: 2487 1651 743 
2489: 2490 1377 67 
2490: 2489 1521 424 
2491: 2492 1543 1066 
2492: 2493 2491 249 
2493: 2492 805 241 
2494: 2495 1103 669 
2495: 2496 2494 1547 
2496: 2495 1522 152 
2497: 1672 1671 390 
2498: 1672 1580 1310 
2499: 2500 1486 522 
2500: 2501 2499 693 
2501: 2500 891 150 
2502: 2503 1675 1068 
2503: 2504 2502 744 
2504: 2503 1632 246 
2505: 1673 745 532 
2506: 1345 1073 234 
2507: 1401 746 34 
2508: 2509 445 22 
2509: 2508 748 747 
2510: 1095 748 420 
2511: 1675 1674 82 
2512: 2513 1676 1675 
2513: 2512 1391 245 
2514: 2515 1677 1646 
2515: 2516 2514 394 
2516: 2517 2515 757 
2517: 2518 2516 630 
2518: 2519 2517 79 
2519: 2520 2518 382 
2520: 2519 1523 727 
2521: 1678 472 295 
2522: 1678 749 6 
2523: 749 549 216 
2524: 1392 1074 49 
2525: 1679 1075 750 
2526: 1271 1090 117 
2527: 1680 429 248 
2528: 2529 1294 473 
2529: 2530 2528 71 
2530: 2529 1681 941 
2531: 2532 1681 494 
2532: 2533 2531 1680 
2533: 2534 2532 316 
2534: 2533 1683 1682 
2535: 2536 1682 406 
2536: 2535 1479 657 
2537: 1684 1178 86 
2538: 1686 1685 1684 
2539: 1687 1685 109 
2540: 1688 1687 269 
2541: 1688 752 751 
2542: 1689 1671 753 
2543: 1690 1689 72 
2544: 1691 1690 94 
2545: 1691 1647 1081 
2546: 1692 1082 714 
2547: 1693 1692 256 
2548: 2549 1693 754 
2549: 2550 2548 189 
2550: 2551 2549 1587 
2551: 2552 2550 1767 
2552: 2553 2551 728 
2553: 2552 1694 687 
2554: 1695 1694 1317 
2555: 1696 1695 1418 
2556: 2557 1592 450 
2557: 2556 1697 250 
2558: 1241 627 527 
2559: 2560 1475 1083 
2560: 2559 1698 22 
2561: 2562 1698 1191 
2562: 2563 2561 1699 
2563: 2564 2562 73 
2564: 2563 1700 75 
2565: 1701 1700 388 
2566: 2567 1701 724 
2567: 2568 2566 521 
2568: 2569 2567 1582 
2569: 2568 1702 591 
2570: 1749 1702 755 
2571: 2572 755 54 
2572: 2573 2571 359 
2573: 2572 1703 251 
2574: 2575 1703 1697 
2575: 2574 1777 1238 
2576: 1084 222 176 
2577: 1705 1704 1656 
2578: 1707 1706 1641 
2579: 2580 1558 1407 
2580: 2579 1708 203 
2581: 1708 1263 125 
2582: 1709 1085 252 
2583: 1710 1709 208 
2584: 2585 1710 74 
2585: 2584 1551 1189 
2586: 1711 756 484 
2587: 2588 1711 1643 
2588: 2589 2587 1531 
2589: 2590 2588 651 
2590: 2591 2589 1564 
2591: 2590 1712 1006 
2592: 1713 1712 75 
2593: 1713 254 253 
2594: 1219 1086 254 
2595: 2596 1088 853 
2596: 2595 639 205 
2597: 2598 1625 261 
2598: 2599 2597 255 
2599: 2598 1714 743 
2600: 1714 1447 465 
2601: 2602 1598 1409 
2602: 2601 537 391 
2603: 2604 1373 570 
2604: 2603 1715 188 
2605: 1288 288 256 
2606: 2607 1352 456 
2607: 2608 2606 113 
2608: 2609 2607 60 
2609: 2610 2608 253 
2610: 2611 2609 644 
2611: 2610 1717 1716 
2612: 2613 1716 1668 
2613: 2612 552 163 
2614: 1172 757 542 
2615: 1590 758 757 
2616: 1718 759 758 
2617: 2618 1718 1449 
2618: 2617 1293 666 
2619: 1339 914 623 
2620: 2621 1602 769 
2621: 2622 2620 1633 
2622: 2623 2621 1664 
2623: 2624 2622 804 
2624: 2623 760 739 
2625: 1459 760 257 
2626: 761 719 215 
2627: 2628 1663 761 
2628: 2627 762 370 
2629: 2630 762 258 
2630: 2631 2629 997 
2631: 2630 1719 763 
2632: 1719 1258 764 
2633: 2634 1361 685 
2634: 2633 1322 656 
2635: 2636 1501 768 
2636: 2635 1399 765 
2637: 740 442 259 
2638: 628 265 17 
2639: 1720 711 260 
2640: 1721 1720 135 
2641: 2642 1721 1650 
2642: 2643 2641 1464 
2643: 2644 2642 1405 
2644: 2645 2643 235 
2645: 2644 1506 745 
2646: 2647 586 483 
2647: 2646 1323 193 
2648: 1722 1243 729 
2649: 2650 1723 1722 
2650: 2649 766 261 
2651: 2652 767 766 
2652: 2653 2651 712 
2653: 2652 1724 518 
2654: 1725 1724 503 
2655: 1726 1725 505 
2656: 2657 1726 697 
2657: 2656 1113 368 
2658: 2659 1114 257 
2659: 2660 2658 251 
2660: 2659 1795 1727 
2661: 2662 1727 8 
2662: 2663 2661 1218 
2663: 2662 262 174 
2664: 1728 262 64 
2665: 2666 1728 1078 
2666: 2665 1729 1393 
2667: 1730 1729 653 
2668: 1731 1730 75 
2669: 2670 1731 239 
2670: 2671 2669 258 
2671: 2672 2670 252 
2672: 2673 2671 274 
2673: 2672 1053 768 
2674: 2675 768 496 
2675: 2674 769 715 
2676: 2677 1481 769 
2677: 2678 2676 1704 
2678: 2677 1732 263 
2679: 2680 1732 259 
2680: 2679 1733 1420 
2681: 2682 1733 264 
2682: 2683 2681 770 
2683: 2684 2682 539 
2684: 2685 2683 633 
2685: 2684 1508 225 
2686: 1734 1448 771 
2687: 1735 771 558 
2688: 2689 1735 1520 
2689: 2688 1736 265 
2690: 1737 1736 1115 
2691: 2692 1555 1116 
2692: 2693 2691 427 
2693: 2692 1738 674 
2694: 1738 1705 1334 
2695: 1739 1689 331 
2696: 2697 1739 1143 
2697: 2698 2696 1758 
2698: 2697 517 219 
2699: 1183 1120 780 
2700: 1360 1110 772 
2701: 1661 772 141 
2702: 2703 1380 751 
2703: 2702 1285 737 
2704: 1740 1571 1223 
2705: 1740 1699 74 
2706: 2707 859 563 
2707: 2708 2706 66 
2708: 2709 2707 726 
2709: 2708 1741 6 
2710: 2711 1741 266 
2711: 2712 2710 88 
2712: 2713 2711 20 
2713: 2712 1742 231 
2714: 1742 1611 267 
2715: 1428 267 134 
2716: 2717 502 451 
2717: 2716 1743 1489 
2718: 701 430 73 
2719: 2720 1658 1122 
2720: 2721 2719 747 
2721: 2720 444 137 
2722: 2723 750 184 
2723: 2722 1744 232 
2724: 2725 1744 629 
2725: 2726 2724 773 
2726: 2725 1192 942 
2727: 1257 1185 344 
2728: 2729 1745 1204 
2729: 2728 1746 1471 
2730: 1746 1683 538 
2731: 1747 1667 499 
2732: 2733 1747 551 
2733: 2734 2732 597 
2734: 2735 2733 268 
2735: 2734 1748 269 
2736: 1748 1706 1124 
2737: 1382 1125 763 
2738: 1750 1749 1644 
2739: 2740 1749 1067 
2740: 2739 1751 260 
2741: 2742 1751 50 
2742: 2743 2741 557 
2743: 2742 1752 1346 
2744: 1752 1676 718 
2745: 2746 1390 475 
2746: 2747 2745 1262 
2747: 2748 2746 1802 
2748: 2749 2747 668 
2749: 2748 1441 774 
2750: 2751 1291 689 
2751: 2750 1173 959 
2752: 2753 277 169 
2753: 2752 318 270 
2754: 2755 1127 271 
2755: 2754 1655 648 
2756: 1545 1518 263 
2757: 1743 1230 243 
2758: 1753 1467 775 
2759: 2760 1753 1578 
2760: 2761 2759 1660 
2761: 2762 2760 244 
2762: 2763 2761 261 
2763: 2762 1754 611 
2764: 1755 1754 661 
2765: 2766 1755 883 
2766: 2767 2765 635 
2767: 2766 1745 1600 
2768: 1525 777 776 
2769: 2770 777 599 
2770: 2771 2769 413 
2771: 2770 778 76 
2772: 2773 1666 778 
2773: 2774 2772 36 
2774: 2773 1707 670 
2775: 1756 756 667 
2776: 1756 779 738 
2777: 2778 779 12 
2778: 2779 2777 106 
2779: 2780 2778 143 
2780: 2781 2779 1297 
2781: 2780 1454 845 
2782: 1757 1349 266 
2783: 1758 1132 847 
2784: 1758 1604 1324 
2785: 426 272 180 
2786: 1759 272 7 
2787: 1760 1759 1395 
2788: 2789 282 65 
2789: 2790 2788 619 
2790: 2791 2789 212 
2791: 2790 1487 784 
2792: 2793 784 76 
2793: 2792 780 565 
2794: 2795 780 649 
2795: 2796 2794 153 
2796: 2795 1452 1210 
2797: 1761 1180 767 
2798: 2799 1761 1524 
2799: 2800 2798 459 
2800: 2801 2799 781 
2801: 2800 1762 913 
2802: 1762 782 269 
2803: 1537 1277 59 
2804: 2805 1412 691 
2805: 2806 2804 1608 
2806: 2805 783 77 
2807: 1451 752 516 
2808: 1763 1135 495 
2809: 1764 1763 587 
2810: 2811 1764 1260 
2811: 2812 2810 882 
2812: 2811 1765 78 
2813: 1766 1765 576 
2814: 2815 1766 705 
2815: 2816 2814 762 
2816: 2815 1492 632 
2817: 1767 1429 675 
2818: 1768 1767 764 
2819: 2820 1768 1228 
2820: 2819 1717 69 
2821: 2822 1457 866 
2822: 2823 2821 672 
2823: 2824 2822 784 
2824: 2825 2823 863 
2825: 2824 1439 1425 
2826: 2827 1686 622 
2827: 2828 2826 1005 
2828: 2829 2827 70 
2829: 2830 2828 52 
2830: 2829 1275 654 
2831: 1769 1215 716 
2832: 1769 744 574 
2833: 1770 1136 127 
2834: 1193 1137 1134 
2835: 2836 1414 603 
2836: 2837 2835 519 
2837: 2836 1771 214 
2838: 1772 1771 703 
2839: 2840 1772 776 
2840: 2839 1358 625 
2841: 1766 1470 273 
2842: 556 273 255 
2843: 1723 1332 575 
2844: 2845 1636 1437 
2845: 2846 2844 1485 
2846: 2847 2845 77 
2847: 2846 1773 171 
2848: 2849 1773 62 
2849: 2848 1626 746 
2850: 2851 1150 206 
2851: 2852 2850 1181 
2852: 2851 447 274 
2853: 275 274 207 
2854: 1145 774 79 
2855: 1774 1146 797 
2856: 699 491 281 
2857: 2858 1589 792 
2858: 2857 1775 1690 
2859: 1775 638 512 
2860: 2861 1696 681 
2861: 2862 2860 1087 
2862: 2861 1776 23 
2863: 2864 641 615 
2864: 2863 1331 1250 
2865: 1530 1442 588 
2866: 2867 1400 1194 
2867: 2866 1424 717 
2868: 1777 357 162 
2869: 2870 1777 332 
2870: 2869 1631 730 
2871: 2872 607 345 
2872: 2873 2871 1327 
2873: 2874 2872 247 
2874: 2875 2873 1757 
2875: 2874 1673 237 
2876: 2877 660 249 
2877: 2878 2876 1764 
2878: 2879 2877 631 
2879: 2880 2878 770 
2880: 2881 2879 1715 
2881: 2882 2880 132 
2882: 2883 2881 951 
2883: 2884 2882 264 
2884: 2883 1778 1368 
2885: 2886 1778 925 
2886: 2885 1773 1415 
2887: 1427 449 268 
2888: 1779 1235 765 
2889: 1779 515 197 
2890: 2891 1669 202 
2891: 2890 1780 562 
2892: 1780 1497 21 
2893: 2894 1319 164 
2894: 2893 1781 250 
2895: 1782 1781 707 
2896: 2897 1783 1782 
2897: 2898 2896 613 
2898: 2897 771 276 
2899: 686 277 276 
2900: 2901 1784 617 
2901: 2902 2900 461 
2902: 2901 645 23 
2903: 2904 1160 275 
2904: 2905 2903 579 
2905: 2904 1340 271 
2906: 1774 1579 1286 
2907: 1786 1785 485 
2908: 2909 1785 389 
2909: 2910 2908 277 
2910: 2911 2909 783 
2911: 2910 785 365 
2912: 2913 1196 785 
2913: 2914 2912 238 
2914: 2913 786 734 
2915: 1788 1787 787 
2916: 2917 1788 79 
2917: 2916 1278 325 
2918: 1526 1305 759 
2919: 2920 1737 1665 
2920: 2921 2919 179 
2921: 2922 2920 270 
2922: 2923 2921 273 
2923: 2922 1102 788 
2924: 1789 788 476 
2925: 2926 1789 723 
2926: 2925 789 773 
2927: 2928 790 789 
2928: 2927 1318 692 
2929: 2930 1281 540 
2930: 2929 684 278 
2931: 2932 278 47 
2932: 2933 2931 177 
2933: 2932 1790 790 
2934: 2935 1791 1790 
2935: 2934 791 196 
2936: 1792 1748 791 
2937: 1793 1792 1609 
2938: 2939 1793 1754 
2939: 2938 1435 567 
2940: 2941 1794 775 
2941: 2940 1795 265 
2942: 2943 1795 753 
2943: 2942 1734 328 
2944: 2945 1786 78 
2945: 2944 792 757 
2946: 2947 792 497 
2947: 2946 457 229 
2948: 1794 1161 121 
2949: 2950 1314 72 
2950: 2949 1610 1162 
2951: 2952 1776 1163 
2952: 2953 2951 732 
2953: 2954 2952 1787 
2954: 2955 2953 71 
2955: 2954 1796 782 
2956: 2957 1796 1344 
2957: 2958 2956 5 
2958: 2959 2957 1653 
2959: 2958 1797 595 
2960: 2961 1797 156 
2961: 2960 1798 784 
2962: 1799 1798 1624 
2963: 1799 793 713 
2964: 2965 1597 793 
2965: 2966 2964 731 
2966: 2965 1750 240 
2967: 2968 400 41 
2968: 2967 1499 581 
2969: 1800 1321 285 
2970: 1800 1679 1569 
2971: 2972 1585 696 
2972: 2973 2971 1279 
2973: 2972 786 256 
2974: 2975 374 283 
2975: 2976 2974 1642 
2976: 2977 2975 754 
2977: 2978 2976 1731 
2978: 2977 1556 223 
2979: 2980 1529 443 
2980: 2981 2979 1480 
2981: 2980 1654 550 
2982: 2983 1378 401 
2983: 2984 2982 1440 
2984: 2985 2983 1416 
2985: 2986 2984 571 
2986: 2987 2985 230 
2987: 2988 2986 1674 
2988: 2987 1677 544 
2989: 1801 1791 1770 
2990: 1802 637 589 
2991: 1803 1802 524 
2992: 1803 1225 720 
2993: 2994 1337 787 
2994: 2993 1801 1784 
2995: 2996 655 236 
2996: 2995 254 19 
2997: 1783 781 
2998: 1760 962 
2999: 2395 1652 
