516 
0: 343 
1: 286 
2: 186 475 
3: 193 208 
4: 242 348 429 440 477 
5: 47 121 142 
6: 65 86 92 109 212 296 452 
7: 268 
8: 261 
9: 279 346 377 392 431 
10: 92 162 168 250 281 332 354 363 
11: 12 92 119 161 162 462 
12: 11 92 119 161 162 462 
13: 421 
14: 80 312 456 505 
15: 66 
16: 25 127 455 
17: 112 451 
18: 476 
19: 33 336 414 417 
20: 247 291 
21: 44 
22: 290 
23: 25 31 114 120 197 203 304 305 373 378 413 414 416 498 515 
24: 25 81 128 
25: 16 23 24 38 81 96 127 128 206 207 414 
26: 262 385 432 434 
27: 70 368 388 434 
28: 133 403 433 
29: 52 286 383 400 
30: 199 257 298 360 387 491 496 
31: 23 120 305 413 515 
32: 82 91 131 149 155 237 295 369 511 
33: 19 336 414 417 
34: 54 69 82 230 231 405 
35: 336 
36: 131 273 275 424 482 
37: 60 105 106 109 162 232 371 410 
38: 25 96 193 206 207 
39: 203 
40: 66 
41: 122 139 241 428 469 
42: 437 
43: 52 286 
44: 21 48 49 63 114 221 270 290 335 379 420 
45: 141 
46: 70 264 450 
47: 5 121 142 243 436 
48: 44 
49: 44 315 379 
50: 51 79 234 261 451 
51: 50 338 446 451 500 
52: 29 43 286 383 400 
53: 162 185 331 438 
54: 34 230 231 405 
55: 100 136 252 284 339 388 456 468 
56: 402 481 514 
57: 79 330 
58: 112 218 238 240 473 
59: 77 189 280 362 495 
60: 37 105 106 109 162 232 371 410 
61: 79 125 309 
62: 251 
63: 44 335 
64: 92 380 396 
65: 6 70 86 92 98 109 212 251 263 296 356 399 441 452 456 
66: 15 40 133 181 270 404 433 513 
67: 148 198 350 351 352 467 
68: 159 326 398 
69: 34 
70: 27 46 65 92 136 151 162 185 187 251 255 259 263 264 281 313 353 354 356 357 368 388 401 434 441 450 456 485 492 510 
71: 177 261 425 508 
72: 156 398 501 
73: 509 
74: 92 168 264 265 297 320 354 462 
75: 123 132 349 351 
76: 92 136 354 
77: 59 362 
78: 287 358 372 
79: 50 57 61 107 112 125 134 247 256 299 309 330 407 488 497 
80: 14 312 456 461 505 
81: 24 25 128 
82: 32 34 91 131 149 155 237 295 309 369 511 
83: 93 186 282 298 316 336 423 502 
84: 143 180 184 211 435 
85: 97 176 448 
86: 6 65 92 109 212 296 452 
87: 113 322 408 434 470 
88: 130 213 487 490 
89: 148 334 
90: 286 
91: 32 82 131 149 155 189 237 295 369 430 511 
92: 6 10 11 12 64 65 70 74 76 86 109 119 136 146 161 162 164 168 185 187 212 251 255 260 264 265 281 289 296 297 313 317 320 332 341 353 354 356 376 380 396 409 422 450 452 456 462 474 492 510 
93: 83 186 298 502 
94: 159 246 268 398 439 501 
95: 465 
96: 25 38 103 158 206 207 239 
97: 85 176 448 
98: 65 456 
99: 327 
100: 55 136 252 284 339 382 388 456 468 
101: 309 
102: 196 216 300 311 359 
103: 96 239 
104: 401 476 
105: 37 60 106 109 162 232 371 410 
106: 37 60 105 109 162 232 361 371 410 
107: 79 299 309 407 
108: 165 191 227 386 
109: 6 37 60 65 86 92 105 106 162 212 232 296 371 410 452 
110: 268 285 337 445 484 
111: 140 220 241 463 
112: 17 58 79 115 116 130 138 144 145 154 218 233 238 240 278 283 294 345 367 418 440 451 465 473 483 
113: 87 322 408 
114: 23 44 270 290 355 363 373 420 444 449 
115: 112 116 
116: 112 115 
117: 157 288 478 485 
118: 166 284 
119: 11 12 92 161 162 462 
120: 23 31 152 168 169 185 195 203 215 222 228 249 256 293 305 335 347 395 402 413 447 503 504 515 
121: 5 47 142 
122: 41 139 241 428 
123: 75 132 349 351 
124: 363 
125: 61 79 
126: 251 267 
127: 16 25 214 455 
128: 24 25 81 
129: 139 459 460 
130: 88 112 223 490 
131: 32 36 82 91 149 155 237 273 275 295 369 424 482 511 
132: 75 123 273 324 349 351 493 
133: 28 66 181 393 433 513 
134: 79 256 
135: 183 
136: 55 70 76 92 100 162 252 259 284 339 354 388 456 468 
137: 398 
138: 112 367 
139: 41 122 129 241 244 299 428 459 460 
140: 111 220 241 325 463 
141: 45 168 306 308 327 
142: 5 47 121 229 348 390 437 
143: 84 180 435 
144: 112 154 278 418 
145: 112 473 
146: 92 260 
147: 176 290 
148: 67 89 198 334 350 351 352 467 
149: 32 82 91 131 155 237 295 369 511 
150: 182 268 305 314 
151: 70 356 388 485 
152: 120 
153: 160 181 
154: 112 144 278 418 
155: 32 82 91 131 149 237 295 369 511 
156: 72 398 501 
157: 117 288 478 485 
158: 96 
159: 68 94 326 398 439 501 
160: 153 181 
161: 11 12 92 119 162 462 
162: 10 11 12 37 53 60 70 92 105 106 109 119 136 161 168 232 259 266 301 303 331 332 354 371 388 410 462 
163: 164 194 251 276 277 374 
164: 92 163 251 264 276 277 289 374 422 
165: 108 191 227 386 
166: 118 284 
167: 343 369 
168: 10 74 92 120 141 162 228 256 264 265 297 320 335 354 
169: 120 293 
170: 181 
171: 205 217 494 506 507 
172: 247 291 
173: 188 402 
174: 217 
175: 251 
176: 85 97 147 290 448 
177: 71 261 425 508 
178: 372 381 396 474 
179: 323 
180: 84 143 435 
181: 66 133 153 160 170 307 433 513 
182: 150 268 314 
183: 135 454 455 
184: 84 211 
185: 53 70 92 120 187 255 293 313 353 354 356 376 396 456 492 510 
186: 2 83 93 203 298 316 423 475 502 
187: 70 92 185 255 313 353 356 456 492 510 
188: 173 402 
189: 59 91 430 495 
190: 455 
191: 108 165 227 363 386 435 
192: 384 
193: 3 38 208 
194: 163 
195: 120 293 
196: 102 216 300 311 359 
197: 23 305 416 
198: 67 148 350 351 352 467 
199: 30 209 210 257 298 360 387 491 496 
200: 293 
201: 414 
202: 515 
203: 23 39 120 186 378 384 391 498 515 
204: 217 456 
205: 171 506 507 
206: 25 38 96 207 398 
207: 25 38 96 206 
208: 3 193 
209: 199 210 
210: 199 209 
211: 84 184 
212: 6 65 86 92 109 296 452 
213: 88 340 487 
214: 127 455 
215: 120 
216: 102 196 271 300 311 359 457 
217: 171 174 204 456 494 
218: 58 112 238 240 473 
219: 220 419 
220: 111 140 219 241 325 419 463 512 
221: 44 
222: 120 
223: 130 
224: 258 286 306 364 389 
225: 286 
226: 502 
227: 108 165 191 386 
228: 120 168 256 335 
229: 142 
230: 34 54 231 405 406 
231: 34 54 230 405 
232: 37 60 105 106 109 162 236 371 410 
233: 112 294 
234: 50 261 
235: 356 382 
236: 232 371 
237: 32 82 91 131 149 155 295 369 511 
238: 58 112 218 240 473 
239: 96 103 
240: 58 112 218 238 473 
241: 41 111 122 139 140 220 428 463 
242: 4 348 429 440 477 
243: 47 436 
244: 139 
245: 335 
246: 94 375 398 
247: 20 79 172 272 291 394 
248: 251 333 
249: 120 395 
250: 10 363 
251: 62 65 70 92 126 163 164 175 248 257 263 267 276 277 318 319 320 329 333 356 374 379 402 441 474 480 
252: 55 100 136 284 339 388 456 468 
253: 391 
254: 281 344 356 
255: 70 92 185 187 313 353 356 388 456 492 510 
256: 79 120 134 168 228 335 426 434 
257: 30 199 251 298 360 387 411 466 491 496 
258: 224 286 306 364 389 443 
259: 70 136 162 354 
260: 92 146 
261: 8 50 71 177 234 425 508 
262: 26 
263: 65 70 251 356 401 441 
264: 46 70 74 92 164 168 265 289 297 320 354 388 422 450 
265: 74 92 168 264 297 320 354 
266: 162 301 303 332 
267: 126 251 
268: 7 94 110 150 182 314 398 
269: 472 501 
270: 44 66 114 290 379 420 
271: 216 457 497 
272: 247 
273: 36 131 132 275 349 351 424 482 
274: 440 
275: 36 131 273 424 482 
276: 163 164 251 277 374 
277: 163 164 251 276 374 
278: 112 144 154 418 
279: 9 346 377 392 431 
280: 59 
281: 10 70 92 254 332 344 356 370 
282: 83 336 
283: 112 
284: 55 100 118 136 166 252 320 339 388 415 456 468 
285: 110 337 
286: 1 29 43 52 90 224 225 258 306 364 383 389 400 499 
287: 78 358 372 
288: 117 157 478 485 
289: 92 164 264 422 
290: 22 44 114 147 176 270 420 
291: 20 172 247 
292: 299 309 
293: 120 169 185 195 200 503 
294: 112 233 
295: 32 82 91 131 149 155 237 369 511 
296: 6 65 86 92 109 212 452 
297: 74 92 168 264 265 320 354 462 
298: 30 83 93 186 199 257 360 387 491 496 502 
299: 79 107 139 292 309 310 407 479 
300: 102 196 216 311 359 
301: 162 266 303 332 
302: 381 453 
303: 162 266 301 332 
304: 23 
305: 23 31 120 150 197 413 416 442 455 515 
306: 141 224 258 286 364 389 
307: 181 
308: 141 
309: 61 79 82 101 107 292 299 407 497 
310: 299 
311: 102 196 216 300 359 
312: 14 80 456 505 
313: 70 92 185 187 255 353 356 456 492 510 
314: 150 182 268 
315: 49 
316: 83 186 
317: 92 462 
318: 251 319 320 480 
319: 251 318 320 480 
320: 74 92 168 251 264 265 284 297 318 319 354 415 480 
321: 388 
322: 87 113 408 
323: 179 454 471 486 
324: 132 
325: 140 220 
326: 68 159 398 
327: 99 141 
328: 398 
329: 251 
330: 57 79 
331: 53 162 
332: 10 92 162 266 281 301 303 
333: 248 251 
334: 89 148 
335: 44 63 120 168 228 245 256 347 
336: 19 33 35 83 282 414 417 
337: 110 285 
338: 51 446 500 
339: 55 100 136 252 284 388 456 468 
340: 213 
341: 92 
342: 421 
343: 0 167 
344: 254 281 356 
345: 112 440 483 
346: 9 279 377 392 431 
347: 120 335 
348: 4 142 242 429 437 440 477 
349: 75 123 132 273 351 
350: 67 148 198 351 352 467 
351: 67 75 123 132 148 198 273 349 350 352 464 467 
352: 67 148 198 350 351 467 
353: 70 92 185 187 255 313 356 388 456 492 510 
354: 10 70 74 76 92 136 162 168 185 259 264 265 297 320 357 376 
355: 114 444 449 
356: 65 70 92 151 185 187 235 251 254 255 263 281 313 344 353 370 382 388 441 456 485 492 510 
357: 70 354 
358: 78 287 372 
359: 102 196 216 300 311 
360: 30 199 257 298 387 491 496 
361: 106 
362: 59 77 
363: 10 114 124 191 250 435 
364: 224 258 286 306 389 
365: 475 489 
366: 432 
367: 112 138 
368: 27 70 388 434 
369: 32 82 91 131 149 155 167 237 295 511 
370: 281 356 
371: 37 60 105 106 109 162 232 236 410 
372: 78 178 287 358 381 396 474 
373: 23 114 
374: 163 164 251 276 277 
375: 246 398 
376: 92 185 354 
377: 9 279 346 392 431 469 
378: 23 203 498 
379: 44 49 251 270 402 
380: 64 92 396 
381: 178 302 372 396 453 474 
382: 100 235 356 
383: 29 52 286 400 
384: 192 203 515 
385: 26 432 
386: 108 165 191 227 
387: 30 199 257 298 360 491 496 
388: 27 55 70 100 136 151 162 252 255 264 284 321 339 353 356 368 434 456 468 485 
389: 224 258 286 306 364 
390: 142 
391: 203 253 
392: 9 279 346 377 431 
393: 133 433 
394: 247 
395: 120 249 
396: 64 92 178 185 372 380 381 474 
397: 398 
398: 68 72 94 137 156 159 206 246 268 326 328 375 397 439 465 501 
399: 65 
400: 29 52 286 383 
401: 70 104 263 476 
402: 56 120 173 188 251 379 447 514 
403: 28 
404: 66 
405: 34 54 230 231 406 
406: 230 405 
407: 79 107 299 309 
408: 87 113 322 
409: 92 
410: 37 60 105 106 109 162 232 371 
411: 257 466 
412: 434 
413: 23 31 120 305 515 
414: 19 23 25 33 201 336 417 
415: 284 320 
416: 23 197 305 
417: 19 33 336 414 
418: 112 144 154 278 
419: 219 220 
420: 44 114 270 290 
421: 13 342 509 514 
422: 92 164 264 289 
423: 83 186 
424: 36 131 273 275 482 
425: 71 177 261 508 
426: 256 434 
427: 485 
428: 41 122 139 241 
429: 4 242 348 440 477 
430: 91 189 
431: 9 279 346 377 392 
432: 26 366 385 
433: 28 66 133 181 393 513 
434: 26 27 70 87 256 368 388 412 426 
435: 84 143 180 191 363 
436: 47 243 
437: 42 142 348 
438: 53 
439: 94 159 398 501 
440: 4 112 242 274 345 348 429 477 483 
441: 65 70 251 263 356 
442: 305 
443: 258 
444: 114 355 449 
445: 110 484 
446: 51 338 500 
447: 120 402 
448: 85 97 176 
449: 114 355 444 
450: 46 70 92 264 
451: 17 50 51 112 
452: 6 65 86 92 109 212 296 
453: 302 381 
454: 183 323 455 486 
455: 16 127 183 190 214 305 454 
456: 14 55 65 70 80 92 98 100 136 185 187 204 217 252 255 284 312 313 339 353 356 388 468 492 505 510 
457: 216 271 
458: 476 
459: 129 139 460 
460: 129 139 459 
461: 80 
462: 11 12 74 92 119 161 162 297 317 
463: 111 140 220 241 
464: 351 
465: 95 112 398 
466: 257 411 
467: 67 148 198 350 351 352 
468: 55 100 136 252 284 339 388 456 
469: 41 377 
470: 87 
471: 323 
472: 269 501 
473: 58 112 145 218 238 240 
474: 92 178 251 372 381 396 
475: 2 186 365 489 
476: 18 104 401 458 
477: 4 242 348 429 440 
478: 117 157 288 485 
479: 299 
480: 251 318 319 320 
481: 56 
482: 36 131 273 275 424 
483: 112 345 440 
484: 110 445 
485: 70 117 151 157 288 356 388 427 478 
486: 323 454 
487: 88 213 
488: 79 
489: 365 475 
490: 88 130 
491: 30 199 257 298 360 387 496 
492: 70 92 185 187 255 313 353 356 456 510 
493: 132 
494: 171 217 
495: 59 189 
496: 30 199 257 298 360 387 491 
497: 79 271 309 
498: 23 203 378 
499: 286 
500: 51 338 446 
501: 72 94 156 159 269 398 439 472 
502: 83 93 186 226 298 
503: 120 293 
504: 120 
505: 14 80 312 456 
506: 171 205 507 
507: 171 205 506 
508: 71 177 261 425 
509: 73 421 
510: 70 92 185 187 255 313 353 356 456 492 
511: 32 82 91 131 149 155 237 295 369 
512: 220 
513: 66 133 181 433 
514: 56 402 421 
515: 23 31 120 202 203 305 384 413 
