0.351848
0.902243
0.514463
0.347319
1.66182
0.615125
2.8567
2.05251
0.828156
2.43841
2.11609
1.5991
0.878829
0.620338
1.35172
2.99641
2.02679
1.20098
0.207947
0.219825
0.219654
2.91241
2.16189
2.01833
2.67075
2.73792
0.995642
1.44751
2.00611
2.41799
0.830122
1.51903
0.469173
1.98893
2.25785
2.55138
0.616834
1.44307
0.512326
1.0106
0.746721
2.19744
1.01299
0.629566
1.09237
1.45853
0.219483
1.59013
0.223414
1.97082
1.53741
2.15881
1.6896
2.23606
0.209485
0.962743
1.94407
0.891562
1.33172
0.691604
1.9862
2.73442
2.1301
1.41581
2.55813
1.27857
2.63828
1.10553
2.93583
0.9348
1.11023
2.74159
2.34946
0.497372
1.90844
0.801154
1.67242
1.02769
0.60282
2.51104
1.61585
1.82162
2.01978
0.650758
0.6652
2.74783
2.37689
0.897458
2.99897
1.84401
2.44294
0.896774
0.423029
0.860543
2.45918
1.64943
2.9636
2.0367
0.959239
1.59987
0.949327
0.398077
1.42709
0.81457
0.427729
2.46311
1.32771
2.03807
0.746635
2.8449
1.05067
2.41312
2.94241
2.8379
1.70216
1.85435
1.77129
2.47396
1.28438
2.26067
2.42064
2.53865
2.99855
1.15569
0.738261
1.23243
0.409699
1.54262
1.61782
2.36646
0.81175
2.36159
0.37586
2.97812
1.12732
2.53685
1.76112
2.45695
2.8837
2.60171
1.43008
1.06477
2.99915
0.487374
1.72925
1.94117
2.11933
1.86529
0.619654
1.27849
0.840205
2.42807
0.382183
0.356633
0.354839
1.69891
2.9407
1.72335
0.261867
2.95539
2.04063
0.808161
1.67413
2.85524
0.721
2.45764
2.76287
0.95266
2.71604
0.878744
0.476437
1.89135
0.625379
2.87943
2.37184
1.26294
1.88998
2.09088
0.693399
0.71724
0.609912
0.862935
2.24016
1.31275
0.644008
1.51673
1.75608
1.09417
0.826533
2.04414
0.783038
1.88528
2.9395
1.94006
1.71233
0.883273
0.87806
2.85678
0.572826
2.84396
0.446785
1.36616
0.693997
0.443623
0.222816
0.518308
0.780132
0.605896
2.52566
1.08374
1.93407
2.38124
1.72907
1.9662
1.16697
1.36548
2.1542
1.47511
1.93373
1.847
1.57988
0.943004
0.828242
2.46738
1.00906
2.37748
0.579662
0.985302
1.92792
1.63328
2.8843
0.730143
1.29515
2.39389
0.411493
2.73262
1.49989
2.04875
2.72288
2.52027
0.72476
2.75407
0.638453
0.765691
0.551549
1.56475
1.79163
1.97449
1.84802
1.72532
2.7069
2.00013
0.571972
1.80607
2.14001
2.97419
2.13181
1.97364
2.21726
0.438581
1.53869
0.882418
1.31147
0.868319
1.19013
2.87447
0.791839
0.369878
2.32185
0.575134
1.58603
2.34715
2.76355
2.97368
1.49126
2.1166
1.43948
1.27268
2.77201
2.26537
0.248366
1.39855
1.78197
0.733903
0.961803
1.4564
0.948131
1.41572
1.77744
1.01888
0.853365
0.457979
2.36612
1.73685
1.55638
0.852681
2.44866
2.15762
1.68524
2.90481
2.74125
2.23974
2.04354
0.765349
1.7054
0.851656
2.26469
2.6176
2.54232
1.74129
2.85371
1.10126
1.46597
2.86353
1.15304
1.16629
2.49575
1.35497
1.97022
1.13971
1.80333
0.241359
0.603931
0.595727
0.853536
1.56689
1.0082
0.815339
2.57479
2.83089
1.62952
1.42358
2.19812
1.02188
0.456441
0.991284
2.60154
1.53501
2.21829
2.38945
1.39701
2.65965
0.869857
2.68297
1.99859
0.526255
1.50186
1.9527
1.50767
2.00013
1.61124
2.43115
2.05439
0.806623
1.47246
1.54142
1.23175
2.38013
2.74399
0.625636
2.66024
2.31903
0.649989
2.15069
2.32032
1.13886
1.6737
0.378765
2.89045
2.20795
2.09934
2.69084
0.52822
2.75407
1.34121
2.54864
1.93168
0.430464
2.19718
2.88592
2.11891
2.92762
1.96373
2.51258
0.3627
1.51767
2.14975
2.32245
1.51886
2.42183
1.52784
2.69066
1.78419
1.28464
0.259389
1.24755
1.32284
0.245204
2.23145
1.6191
0.798248
0.49216
1.34241
0.317582
1.84785
2.58872
0.475668
1.57389
2.13822
0.657424
1.29575
2.09626
2.23837
2.71092
2.40756
1.1439
0.948302
1.615
2.81431
0.303397
1.92083
1.77471
0.611792
0.754497
2.61342
0.827473
0.658107
1.61346
2.40842
0.63307
1.5533
1.54108
0.938475
2.84704
0.869771
1.60338
1.05537
1.76488
2.96898
0.372015
1.47862
2.52566
1.14151
1.65174
1.96253
1.76069
2.4103
0.622901
0.4185
0.776543
2.33194
2.3868
2.03081
2.35903
0.535228
2.29955
0.201965
2.48507
0.733818
1.6849
2.5671
0.832002
1.95057
2.31092
0.312198
2.16924
0.291092
2.81918
1.63798
1.72164
2.40423
2.0937
2.4009
2.19128
2.76603
1.95766
0.775091
2.32544
1.52681
2.9847
1.76804
1.91801
1.05614
2.61213
0.829524
2.33236
1.92493
0.544798
1.59184
2.63222
0.86191
1.03598
0.976501
1.20902
0.222047
0.232472
2.30818
2.99316
0.703482
1.37334
0.869942
2.93548
0.851827
1.22696
2.54053
1.84802
0.288272
1.75685
0.347661
2.89096
2.19974
1.60158
0.379192
2.79235
0.827815
1.75668
2.28537
1.69002
2.69519
2.44755
0.611878
0.881307
2.90515
0.378338
1.80188
1.16877
1.65388
2.54728
2.7022
1.89049
1.89169
1.41196
1.0135
2.12027
0.470199
0.397565
0.320231
1.32694
0.514975
0.929759
1.73899
0.980432
1.35898
0.783636
0.822004
1.59004
2.17548
1.73523
1.35394
2.26486
0.847896
0.701944
0.278957
2.88233
1.81376
1.56125
2.99581
1.95339
0.419868
2.23375
0.857979
1.47058
2.32775
2.61863
0.918052
0.62743
0.704764
1.96885
0.550694
0.89686
0.540013
0.494211
2.59556
1.55501
1.622
1.77872
2.85371
2.53924
1.51493
2.80013
0.77868
2.12677
2.87259
1.7401
1.59739
0.722623
2.42559
1.97116
1.89836
1.04238
1.98124
0.408417
2.52668
1.98022
1.97142
0.2141
1.62055
1.6461
1.08861
2.44132
0.429865
1.26379
1.74505
2.60564
2.75116
0.212732
2.89387
2.77159
1.41888
1.90528
2.34963
0.74091
2.69024
1.18372
1.34582
0.531382
0.758599
0.92711
2.66597
2.93232
0.837214
0.552916
0.686563
0.725101
0.246571
1.30352
2.2699
1.7571
0.74561
1.80273
1.24243
0.853108
0.743046
0.771416
1.39897
2.15685
1.42709
2.7897
2.36689
1.6849
0.65016
1.99133
1.27046
0.885067
0.206751
1.1809
2.93224
2.98282
0.341935
2.05824
1.94766
1.30609
1.52767
1.63961
2.17231
0.975134
1.34411
0.562401
0.557701
1.94347
0.905234
2.36116
0.8743
1.58013
0.26332
1.00094
1.05845
0.778167
2.83251
2.95907
2.92113
1.77881
2.66734
2.73792
1.95586
1.29712
2.63435
2.90096
0.38338
0.738603
0.914206
0.315702
1.1709
0.691861
2.27212
1.69438
0.961974
1.48725
2.73271
1.31617
1.25712
2.20684
1.29891
0.822773
2.57983
0.335356
1.35104
1.17099
0.967443
1.23756
2.1636
1.8317
1.92416
0.45063
1.97757
1.72301
1.17176
1.17945
1.86588
0.564025
0.538902
1.98099
1.02948
0.737236
2.72365
0.226234
0.76082
2.74698
2.86712
2.32775
2.11335
2.76159
1.87785
2.31809
0.513608
2.12685
0.642042
0.969579
1.55424
0.93762
2.85764
1.84033
2.40432
2.35595
2.43089
0.435676
2.2758
2.56223
2.77159
0.871822
0.382269
1.42803
1.92561
0.629139
2.82944
0.397479
2.08097
2.98325
2.4714
0.264345
2.58607
0.500449
0.774664
1.73283
1.417
0.385772
2.12395
1.84956
0.631617
1.47101
2.00833
0.394659
1.54792
2.02944
0.325956
0.91771
1.98372
1.40641
2.44431
0.908481
0.896176
1.85136
2.852
0.588037
0.357659
1.54014
0.843281
2.4091
1.80581
1.97449
1.06896
2.75134
0.505234
1.14664
0.792779
1.10169
0.359197
1.25593
0.691775
0.205042
2.60675
2.36526
1.83623
2.87319
1.74488
2.38517
0.487545
1.34027
1.01273
2.77295
2.15292
1.25234
2.37415
1.13288
2.13053
0.576843
2.93719
0.908396
1.58782
1.92168
0.348344
2.54924
0.80611
0.949669
2.69853
0.745268
2.23128
1.37753
0.676736
2.51198
1.36676
2.04473
1.1128
1.11545
0.948302
0.941722
1.2426
1.82546
1.23551
0.884469
2.83551
0.882589
1.85896
2.9219
1.52117
2.46875
1.66114
2.96462
2.85328
0.265712
1.16714
2.92284
0.446529
2.79389
2.52318
1.43931
1.32694
1.11245
0.341081
0.707071
0.229139
2.8749
0.285794
2.85747
1.98312
0.522324
2.84277
1.60654
2.12258
0.405597
0.303482
1.44871
2.45678
0.220679
2.80731
2.88259
2.54078
2.34843
1.47477
2.75903
1.78291
0.88182
2.07302
1.43726
0.725614
1.93271
0.847554
1.43709
2.63922
1.00214
2.36099
0.474642
1.16373
2.20325
1.3736
2.76988
2.73826
0.324162
0.604785
1.11134
2.3539
2.11856
0.413031
1.16868
0.569152
2.20983
1.43016
1.33745
2.72399
1.19936
0.989575
2.40534
1.49041
0.963341
1.98458
2.32767
1.29831
0.327238
0.994531
2.79774
1.77172
1.70558
2.31698
2.50207
1.5151
1.49297
2.34194
0.945824
0.986157
2.79662
2.10754
1.73719
1.39299
0.894552
0.873019
2.81799
0.752617
2.40987
0.547533
1.72702
0.848921
0.586242
1.81137
0.586242
1.02769
1.2549
2.16855
2.4937
0.964965
2.27682
1.96672
0.813202
2.34809
1.45153
0.622474
0.648366
0.805341
2.87763
0.290323
1.1868
2.82269
1.55279
2.01132
0.60282
2.98411
0.201624
0.379876
2.60718
1.07468
1.71839
0.966588
2.32946
2.78193
0.411408
2.13335
0.622047
2.33407
2.23837
1.87913
2.07285
2.81337
2.01782
2.1542
1.01316
2.4796
1.00641
1.27874
0.410639
2.84422
1.22816
2.90609
0.731767
0.430634
1.14339
1.3642
0.864302
1.1586
1.84512
2.61743
1.3847
2.49028
0.770476
1.4822
1.86007
1.87605
1.71455
2.3363
2.07046
1.8364
1.33309
1.158
1.64003
0.218714
0.524375
2.13463
2.36484
0.364837
0.873959
0.674343
2.12301
1.72882
0.953087
0.463277
1.45725
2.88097
0.256569
2.0015
0.515232
2.63563
0.367742
2.25708
1.83649
0.441829
2.73886
1.67678
2.27204
1.37231
1.0728
2.18846
0.726469
1.64909
1.29618
0.834394
2.20769
2.04396
2.70827
1.87315
2.87259
2.69024
1.29549
1.58526
0.957189
1.44392
1.99842
2.22435
1.47716
2.53147
2.91814
0.946165
0.786969
1.62158
2.65016
1.7577
2.88575
1.65943
2.13335
1.91997
0.355779
0.399188
1.80103
0.845589
2.62307
1.17389
1.82196
2.52514
2.42559
1.83931
0.618458
0.722367
2.37859
2.22948
2.2499
1.97518
0.922495
1.86161
2.64768
2.83858
0.742875
0.227857
1.69113
1.60876
0.54796
2.21077
2.70998
2.96565
2.49344
1.76052
1.60158
0.569237
1.73941
2.3727
2.75151
2.45106
1.63029
2.70032
2.34245
0.234095
1.38129
0.24247
1.4417
0.222474
2.56249
0.243666
0.653322
0.595044
0.865841
1.54159
2.32177
1.94288
1.04349
2.50344
2.87635
2.58727
1.90459
1.58441
1.30258
1.51485
0.457723
2.05012
0.72869
2.36945
1.28849
0.995984
1.11382
2.13548
1.85597
0.204956
2.02687
2.75339
1.39957
2.17898
2.30211
1.30113
1.34129
0.881649
1.55971
2.58351
2.8714
0.53104
1.57919
1.36197
0.405512
1.97851
1.31181
0.466866
1.80026
1.21184
0.320914
0.826704
1.21465
1.12057
1.63713
1.65268
2.70596
2.66016
0.815339
2.8173
0.845161
1.75249
2.5824
2.86182
2.44294
2.86148
1.46118
1.47349
1.2696
2.77971
1.36035
2.66665
1.06084
0.36458
2.11609
2.30784
1.49272
2.56129
2.77347
1.02085
0.416193
1.24935
2.79551
0.910105
2.63751
0.451997
0.587097
1.93903
1.73232
1.24362
1.32087
1.20201
0.780816
1.49451
2.65341
2.52634
2.11113
1.79017
1.11809
0.442
1.13954
1.86144
1.78402
1.958
1.19363
1.26439
1.16578
2.57992
0.406708
2.64743
1.57424
2.40953
1.17107
0.541209
1.69395
1.16142
1.63704
1.61184
1.97603
1.9357
2.94574
0.512241
0.432514
1.78317
2.88302
2.07054
0.621619
1.70096
1.24174
2.75304
1.80949
2.89703
1.58082
2.53813
1.49699
2.35868
1.06648
2.14018
2.69938
2.16522
0.686477
0.719974
2.96496
0.780645
2.32117
2.21888
2.32185
0.364495
2.56172
0.655031
1.53903
1.13749
2.96163
2.9195
2.69015
2.84132
1.8094
0.607349
0.206751
1.12758
1.10955
2.62521
2.40953
1.71609
2.26033
0.908396
1.7031
0.957189
1.71369
0.589062
0.625208
0.43824
2.1084
0.949583
0.733732
1.46999
2.55992
2.5013
2.72194
2.29084
0.397137
2.1242
0.348601
2.62683
1.63294
1.2062
2.57095
2.04482
2.45533
2.71938
2.06567
2.33536
0.627088
2.56958
2.92976
0.364324
1.88263
1.55877
0.543687
1.22969
1.80692
1.29575
1.18953
1.76112
0.686392
1.9944
2.40637
2.20034
1.01854
1.89519
2.07456
1.69917
0.366887
2.24913
2.015
1.8734
2.05046
0.800812
1.2896
2.04935
0.353301
2.9084
0.992737
2.04089
1.94416
2.43636
1.71925
1.69438
0.990002
0.762615
1.49759
1.83974
0.455501
2.03243
0.575646
1.48323
2.67212
2.6
1.24584
1.48212
2.86584
2.3944
0.697586
1.13595
1.13177
2.94736
1.48554
0.734587
2.14198
0.219312
1.19842
2.09831
1.27387
1.36368
2.71997
0.548387
2.04815
0.763384
1.06469
2.34646
1.96193
0.481478
2.18112
2.23837
2.80645
2.05866
1.70472
2.74168
2.15437
1.59936
1.45298
1.41325
2.5078
1.88067
2.84661
2.53514
0.390045
0.623841
1.84537
1.85529
0.273061
2.2652
2.98727
0.822346
1.62448
1.16227
1.51664
1.74958
1.1639
0.376031
1.5903
1.14809
0.615467
2.76398
2.74792
2.66417
0.443538
2.12173
0.23495
2.46097
0.659645
0.713138
1.36599
2.07934
0.387994
2.52284
2.71425
1.61799
0.477548
2.97129
0.316984
0.267763
0.84687
2.82918
2.88319
1.83974
2.45046
2.66845
2.58992
1.92373
2.75407
2.78705
2.25768
1.91442
0.205298
1.34617
0.289468
1.34326
2.18906
1.65627
1.36266
2.553
1.55193
1.74958
1.8605
1.5533
2.98795
2.37765
1.23098
1.89357
2.76783
0.969323
2.26067
2.99188
0.303739
2.08977
1.05093
2.55633
1.03444
0.733988
2.48396
0.937535
2.31827
2.59667
0.365691
2.24819
0.223499
1.252
2.83457
2.88917
0.501987
1.58441
0.221192
1.51733
1.63277
1.00419
0.749712
1.49545
0.425849
0.988977
0.464559
0.658022
2.0714
2.48575
1.57372
1.03478
1.12185
1.71284
1.59295
2.56531
2.09669
1.49836
0.280837
2.24512
1.39402
1.49263
2.75134
1.93946
1.9997
1.99269
1.34941
1.50288
2.27921
1.51587
1.48152
2.84115
2.341
0.46003
1.18432
1.55381
2.85824
2.18846
0.820551
2.99556
0.636744
1.47537
0.291263
2.99163
0.616749
2.05191
1.34873
0.847383
0.994958
2.78842
0.400128
1.68814
1.95629
2.65042
0.588379
2.9659
0.300748
0.366802
0.537877
0.573168
0.854903
2.54779
2.55223
0.998633
1.35309
2.18787
0.452425
2.16385
1.27849
2.89515
1.04179
2.17718
2.54984
0.380645
2.98607
1.44435
2.14138
2.14787
1.09579
1.37095
0.524375
2.51848
1.39863
1.49588
0.817389
2.33262
2.98881
1.09254
2.93164
1.6608
2.04132
1.47597
1.20098
1.66473
1.97928
1.05213
0.982995
2.74561
1.17979
1.74847
1.11784
1.51553
1.00846
2.06208
2.53386
1.73164
2.76791
0.963085
1.08622
2.52907
2.74869
1.89169
2.5178
1.49032
1.57073
1.88502
0.827216
1.08964
0.601282
2.67229
2.73407
2.84824
1.6385
0.77492
0.32664
2.93916
2.24606
1.85101
2.5824
1.57894
2.92967
2.31827
2.64512
0.743645
1.73865
0.296475
2.74963
2.54582
0.884384
1.30498
1.67934
2.41141
0.959667
2.35296
2.24529
0.59342
1.74839
1.05982
2.47336
0.959239
2.01286
2.24495
2.78782
0.990344
0.445674
1.42111
1.27866
0.730399
1.37368
1.63217
0.939927
1.02102
2.20256
1.07093
0.966161
1.96116
2.58761
2.31433
1.59551
2.72818
1.12074
0.214954
2.98641
2.4984
2.71861
2.08532
2.41465
0.804572
2.50113
0.811835
1.08041
2.66682
2.94753
2.1383
2.40987
1.63593
2.11677
1.55296
1.94142
2.08584
1.3207
0.820295
1.08229
0.692373
0.836702
1.59218
2.82491
2.43696
1.24824
1.73702
2.10746
2.2711
1.3994
1.82538
1.71019
2.18094
2.15257
2.60718
1.97107
0.388165
1.33574
0.920444
0.810981
2.82508
0.266738
1.26746
2.75501
2.02123
1.64294
2.89677
0.636488
1.54006
2.38295
2.02739
1.4734
0.301175
0.407904
2.65477
1.40231
0.927622
2.15095
2.77347
0.758684
1.25465
2.18043
2.65597
0.591369
2.33741
2.92651
2.02431
1.6972
0.496005
1.09673
1.95219
0.664858
2.33424
0.369793
0.735185
1.21508
2.26999
2.15317
2.36595
1.72335
0.715275
0.393976
1.65285
2.41474
2.44302
2.22931
1.01923
1.51715
0.477206
2.46353
0.61991
1.46016
2.64631
0.861312
2.81406
2.80808
2.53377
1.44247
0.629823
1.41333
2.36757
1.56612
2.4614
2.87968
0.782183
2.39329
1.03145
2.61991
2.59333
0.913608
0.461568
1.59859
2.72117
0.724845
1.08374
0.445161
1.40085
1.75146
2.6335
2.82551
2.81739
0.491391
1.06041
1.56014
1.101
2.97736
0.394317
0.775604
1.02341
0.840291
0.904721
2.77723
1.72959
2.26323
1.78966
1.73001
2.04422
1.01128
2.03405
2.43645
0.489938
0.52822
1.27233
2.69673
0.954711
1.48408
1.0946
2.34125
2.74561
2.56274
0.232984
2.62111
2.76706
1.27738
0.866268
0.244349
2.56129
2.60085
2.67947
1.34711
0.347233
2.59735
1.91707
0.883956
2.79645
2.44499
2.86618
0.32852
0.283059
0.43542
0.207862
0.76928
1.94638
0.538218
1.27421
2.28938
1.50092
1.9175
1.84743
2.7169
0.935057
2.38859
1.34078
1.43495
2.23273
2.60197
1.79641
1.33634
1.85708
1.94202
0.939073
0.613074
1.73369
0.928135
2.12275
1.0664
1.4699
1.10579
1.00769
2.22504
2.34911
0.414826
2.6059
2.36065
1.83598
0.222388
0.530784
0.885751
0.731596
2.40884
2.89173
0.823542
1.71498
1.49246
0.267165
0.235804
1.80855
0.58291
2.19718
2.09686
2.30596
2.94839
1.23046
0.701688
2.2987
2.38509
2.16488
2.09464
2.13959
2.57778
0.718436
0.206836
2.58009
1.83615
1.66798
2.58992
0.720231
1.39709
2.69323
2.23281
2.10677
1.67883
0.364409
0.550267
2.51848
2.67486
0.51019
0.42978
0.775945
0.875668
2.60248
1.62423
1.71275
1.70489
1.9985
1.3783
0.645631
0.657851
2.07439
1.77642
0.881991
2.53019
1.69011
1.49895
2.40132
1.12348
0.421747
1.47426
2.04781
2.81619
0.999915
2.11472
2.17334
2.3862
0.990258
2.02354
0.866097
2.87404
0.755266
1.06067
2.70417
1.87306
2.93377
0.854305
0.770049
2.43422
2.4755
2.84593
2.4655
1.77377
1.26943
2.55702
2.26187
1.97005
1.60184
2.56385
1.92553
1.43854
1.28259
0.868319
0.954796
2.97086
0.677078
2.35322
1.76599
2.72681
2.48105
1.60714
2.76603
1.56561
0.475326
1.60944
1.44948
0.305362
2.49977
2.56044
0.257765
0.69639
2.68126
2.94523
0.936595
1.69746
1.35582
0.319034
2.53078
1.64174
1.72036
0.301175
2.75313
1.48024
0.452937
1.66422
1.06511
2.89002
2.13839
2.40773
0.406964
2.03414
1.9363
0.302713
0.313651
0.762871
2.73091
1.99492
0.75612
2.44072
2.79705
2.95343
1.04349
2.98906
0.623157
2.75407
1.92493
0.331169
0.526768
1.18287
0.828071
2.02722
1.29985
0.448579
2.37176
1.08537
1.92305
0.991455
0.489938
0.539756
0.984619
2.17488
1.90605
0.779278
1.44315
0.949156
2.4925
2.21641
2.96984
2.57308
0.255629
1.68421
1.90929
2.88165
1.28208
1.54706
0.695962
0.988037
1.58389
1.51485
1.96313
1.90605
1.98082
0.545824
0.382098
0.780902
2.55685
1.22799
0.670412
0.61709
0.227943
2.02423
2.00466
1.98902
0.360137
0.57069
2.47601
2.62299
1.5727
1.81453
0.227515
1.33753
1.06699
0.978808
2.90814
2.23093
2.01611
2.34322
2.48216
2.4003
0.354326
1.82555
2.63307
1.08391
2.50327
2.75475
2.59624
2.31057
0.971032
1.21978
2.26033
1.34582
1.36548
1.98458
2.37432
2.62196
2.5542
1.35437
0.296902
0.637941
1.11271
0.782696
2.72715
2.31972
2.99675
1.605
2.65221
2.72467
1.57552
2.68742
0.75125
0.981201
2.96488
1.77812
1.69233
1.94911
1.79718
2.74817
1.15885
0.887289
2.36484
1.50972
0.445247
0.219654
2.27614
0.399445
2.85738
2.48293
2.76014
1.41384
0.755437
0.545824
1.958
2.88438
2.67904
1.58799
1.7389
0.380474
2.98812
2.32356
1.17774
2.42722
2.26093
2.35894
1.63123
0.224696
0.484213
1.17184
2.15206
2.75817
1.27439
1.19876
1.77582
0.88464
2.36561
1.71831
1.42119
2.58547
2.2047
0.418586
2.33775
2.97009
0.688443
1.3354
2.24162
0.419953
1.48101
1.24875
2.87515
0.860714
2.34963
0.82602
2.12779
1.14775
0.555736
1.3988
1.25687
2.75518
2.53959
2.85986
0.344584
1.95398
0.534288
2.76971
1.32942
2.06849
0.548643
0.958727
2.94941
2.39628
2.7551
1.31352
1.33412
0.981457
1.92066
1.03316
2.98428
2.22786
1.31874
1.04546
2.27443
2.13865
1.35804
2.66811
0.218201
0.971545
1.16808
1.8041
2.63281
2.0966
2.37663
1.75838
1.63935
2.04277
2.91797
2.76253
1.83845
0.522922
0.909763
0.495492
2.69699
1.82307
2.03448
2.08925
1.28404
2.74416
2.86396
2.30314
2.49404
2.8837
2.36501
1.15937
2.89319
1.64439
2.82252
2.92275
2.5289
0.958641
2.0179
2.11515
2.4373
0.513865
2.301
2.85012
2.98804
1.66892
1.99201
1.57706
2.80312
1.24713
0.351592
1.92091
2.18769
2.59487
1.15646
2.90515
2.4097
2.6916
1.3178
1.2467
1.96646
2.30058
2.78039
2.20906
0.775604
0.746123
0.539158
1.30105
2.22743
2.70673
1.81239
1.31002
1.63636
1.40923
1.20611
1.75522
1.42999
2.01423
0.510617
2.85097
2.41124
1.97765
0.764153
0.26426
0.232643
0.577783
2.02217
1.55791
0.820551
1.99474
2.86934
1.40291
2.68477
2.92925
1.51271
2.4508
1.85324
1.94903
1.69207
2.15138
0.968554
1.95065
2.84644
1.60423
2.6834
0.922324
2.97266
1.53151
2.49225
1.19825
2.01551
2.25888
0.338005
1.58868
0.625208
0.792865
1.33078
2.5759
1.7201
1.88186
2.51404
2.96223
1.29293
2.54813
0.419355
1.35787
1.09742
0.578039
2.34501
0.496005
1.65251
0.459346
0.495065
2.56308
2.60231
2.85097
1.11929
1.93057
2.46892
1.47417
0.588891
2.67793
2.43593
1.51339
0.546422
2.89182
0.599744
2.21128
1.66815
1.13023
0.926341
2.5489
0.974535
0.639821
0.950694
0.696304
2.22863
2.31211
2.05764
1.32215
2.75766
1.16749
0.779363
1.44854
2.63683
2.55403
2.14984
2.54053
2.37261
2.84858
2.35057
2.71596
1.42196
1.24764
1.28849
2.76432
2.88669
1.43606
0.740568
2.26144
0.318522
2.51976
1.10451
2.66811
2.37449
2.41124
2.79218
2.09908
1.25789
1.85529
2.9037
1.4517
2.28494
1.48126
1.6191
0.979662
0.91113
2.47114
0.546336
1.40103
2.15907
0.428498
1.86101
2.62692
2.38082
2.63939
1.67746
2.99906
0.296475
2.30827
0.487631
0.523093
2.0432
1.56065
1.70566
1.78633
0.373296
2.79731
1.55424
0.845247
1.94048
1.38787
2.93352
0.972826
1.60859
2.89284
0.505576
2.35116
2.92335
2.5994
0.436702
0.598035
0.482162
0.96035
2.43098
0.414911
0.942235
1.12245
1.89451
2.44243
1.20132
0.532237
1.46879
1.21329
0.490793
1.20688
2.96838
2.68793
1.31839
0.256569
2.56163
1.2614
0.396881
2.04824
2.23256
0.329118
2.89771
2.39492
1.56014
2.29878
2.36552
2.96138
2.45328
1.73463
1.63286
0.671096
2.07866
2.72519
0.270669
1.90391
1.0188
1.75702
1.51382
0.669985
1.89904
1.98663
0.597607
1.34967
0.318607
2.99462
1.84426
2.78517
2.12608
1.11134
1.23525
1.91194
1.67379
0.401923
1.40872
0.917966
2.69169
2.19581
1.41794
0.517112
2.41585
1.25123
2.98957
2.52583
1.00974
1.24021
0.817817
1.52818
1.71711
2.0426
1.43435
2.82038
2.18103
2.33518
1.78744
1.61782
1.17022
0.76552
2.87319
2.71639
1.54732
2.79671
0.751164
1.59227
2.91771
2.50976
2.28571
0.529759
1.19662
2.45319
2.34792
0.364238
2.53164
1.62585
0.61803
2.2264
