0.323649
0.5395
0.33997
2.67204
2.24324
0.325956
1.19509
2.116
1.12707
2.29844
0.592566
1.21901
0.212134
0.619398
0.225123
1.76223
2.97753
1.78453
1.20816
1.59321
2.49968
0.906088
1.37838
0.279727
2.64162
2.49652
1.89502
2.05627
2.56317
2.88737
2.93095
1.10109
0.639137
1.22354
0.440632
2.7815
2.47498
0.969152
2.99385
1.50399
2.30425
1.662
2.2605
2.40842
0.858577
1.65516
2.93651
1.94117
0.995813
0.382867
0.896261
0.547618
2.17411
1.28814
1.36018
1.71976
2.25939
1.14894
2.26452
0.635719
2.55454
0.542405
1.02128
0.631532
2.13694
1.58184
0.254946
1.93946
2.59171
2.46627
0.704849
0.932151
0.82884
2.57932
1.679
0.310575
2.27186
2.47387
2.84832
1.27097
1.30421
1.28233
2.56796
0.490963
0.462252
1.0875
0.514035
2.17078
1.262
1.19278
2.62179
0.766887
1.74634
0.229823
2.51404
0.657253
0.841829
0.23965
1.80726
0.373553
2.61034
2.66605
1.4822
2.03918
0.885238
1.59739
1.50673
1.6502
1.77855
0.596069
2.49865
1.2373
2.94625
2.45191
1.81615
1.34471
1.09998
0.996667
0.262551
0.865072
2.65255
2.71886
0.593933
1.86802
2.58385
0.913865
2.81602
1.65747
1.61628
2.91002
2.65905
0.49891
1.58552
2.30476
1.017
1.65089
1.49511
2.35099
2.73963
1.33924
1.34258
2.02995
1.36343
1.31301
2.60316
0.548045
0.971288
2.41756
1.26071
1.79581
1.7659
0.622645
1.47161
1.70558
0.545824
2.74476
0.949669
1.64644
2.67178
2.09883
1.36018
2.79304
1.50946
1.31831
0.409357
2.20607
0.338176
2.98103
2.11788
1.56227
1.91109
2.07712
1.96535
1.67105
1.45563
1.75864
2.99351
2.11489
0.70109
2.40602
2.75518
1.5521
0.321427
2.25067
1.59714
1.21884
2.37979
1.59047
2.9642
1.5668
2.56317
1.23551
0.211023
2.9765
0.995129
1.22175
1.81145
0.481137
0.211878
1.63063
2.65016
0.240931
2.29229
0.350908
0.885836
2.9025
1.72608
0.821918
1.67345
1.18381
2.81115
2.19385
0.83166
1.22081
2.16437
1.74403
1.74471
0.212134
1.53527
1.58594
2.58496
2.70194
2.70972
1.90929
1.54356
2.43576
2.09019
0.786883
1.95894
0.92899
1.14211
2.38825
0.626234
0.884127
2.6916
0.435078
2.78065
0.79483
0.86285
0.338432
2.23674
1.67404
1.84418
2.0526
0.976159
1.84426
2.06721
1.48494
1.06734
1.92638
2.98992
2.49942
1.20714
1.56612
0.268105
2.14941
0.770305
1.63354
1.30617
2.77894
1.65627
1.83555
0.570092
2.43004
2.41807
1.87656
0.254946
0.391754
2.9636
1.70626
2.89173
2.93121
0.314335
0.592053
1.8805
1.64097
2.1119
1.7524
2.94001
1.84341
1.95561
2.68998
1.65806
0.686648
2.06362
0.361162
0.533177
0.772356
2.14121
2.52027
1.89237
0.950352
0.74561
1.57475
1.27456
2.51942
0.834736
0.290237
1.6661
0.470284
1.38607
0.882333
0.375774
0.810553
0.375176
2.03192
2.53813
2.8056
2.19983
2.16283
1.83025
1.17654
1.63747
0.318778
1.99227
0.290835
1.82452
1.37659
2.93659
2.98257
1.94347
2.93369
2.63529
2.44157
0.906601
1.40769
2.97197
1.40761
0.323051
0.285025
0.745781
0.30784
2.63726
2.05618
2.41585
0.97445
1.72523
0.375091
1.7724
1.18013
1.03811
1.58047
1.12314
1.4294
0.578381
2.51634
1.1821
2.04285
1.79761
1.38906
1.04777
0.771587
2.50216
2.19897
0.659047
2.57992
2.85636
2.68314
2.31596
1.43307
2.96753
1.90801
0.852596
1.7289
1.94356
0.648366
1.0499
2.8085
1.30814
2.69075
1.47605
2.98607
0.262722
1.39778
2.94121
2.5342
2.48165
1.67345
0.354839
0.460799
2.32801
2.86311
2.17377
0.91865
0.979577
1.12895
2.62529
1.68062
0.749199
1.2373
1.29797
2.92207
2.8896
1.09383
0.882589
0.345354
1.96885
0.567101
2.05388
0.885324
2.10515
0.73527
1.87964
2.6323
0.54702
0.294766
0.744328
2.41064
0.287417
2.86858
1.77539
0.650673
2.79859
2.7504
2.1589
2.5906
0.575732
2.02414
2.33313
2.24649
1.77761
1.39393
1.64678
1.38795
0.248622
0.86473
0.869088
2.35689
1.61457
0.207862
2.54078
1.76573
1.93484
1.75283
1.55091
2.31519
1.60184
2.63897
1.73036
2.56625
1.37402
1.46759
0.445759
1.50553
1.62935
0.890365
2.18522
2.94147
2.12805
0.27195
0.319205
0.567357
0.970861
1.96441
2.02867
1.53194
1.24157
2.93036
1.98338
2.15035
1.61987
0.853877
2.16129
1.59739
1.85332
0.474899
2.99539
0.818586
2.17548
1.68524
1.63405
2.49575
2.3568
2.72399
0.905832
1.30626
1.87819
2.81004
0.371929
2.71288
1.31122
1.14809
1.05759
0.721171
0.796197
1.84717
0.847468
0.442512
1.3025
2.08772
0.933604
1.90032
1.76103
1.07562
0.303653
2.916
0.554369
1.52066
1.45571
1.91399
