0.340141
1.52767
0.802264
0.78731
1.04418
0.522581
2.88652
1.35813
0.37022
2.10293
2.64691
1.44102
2.62538
2.83781
2.90703
2.37227
0.980517
2.27537
2.03781
2.59299
1.25097
0.553258
1.47571
2.04388
0.662551
2.24939
2.92215
1.11852
2.54275
2.05866
1.2602
1.26208
0.872506
2.08652
0.226832
1.70446
1.63901
2.74305
0.878915
2.21384
0.923093
0.228199
1.08819
0.759368
0.662465
2.59376
0.905747
1.56971
1.62585
2.16992
1.63115
2.87498
1.33659
0.344841
1.8247
2.22017
0.883102
2.88379
0.499765
2.63674
0.753215
0.575304
2.33442
1.56099
0.830464
1.79282
1.5363
1.78505
1.48972
2.95787
0.803034
1.12972
1.32899
2.69383
2.81107
2.92591
2.47618
1.65678
2.67323
1.19141
2.20709
1.43102
2.80218
2.19231
1.41248
0.47712
0.216065
2.67451
0.252809
0.519675
1.32523
0.454646
0.335698
1.76266
0.236402
2.4567
0.556505
0.31912
0.81286
2.28203
0.337065
2.64418
1.72728
1.60107
0.202136
0.356462
2.34476
2.65307
2.22922
1.43845
1.8746
1.34198
0.310318
2.40013
2.02679
0.616578
1.96347
2.99633
2.41201
0.820893
1.62995
1.28285
1.72138
0.703397
0.396796
0.60094
2.32527
2.17257
0.480538
2.67562
0.526426
2.08601
2.20957
1.61688
2.1072
0.560436
1.84461
0.610852
0.605896
0.690579
1.17193
1.68789
2.76253
1.16338
2.00953
1.55586
2.16872
1.45734
2.16155
2.68571
2.36185
1.51092
2.35997
2.6364
1.59859
1.55168
1.53057
1.60816
1.34719
0.769451
1.12006
2.40978
1.13433
0.524973
1.42307
0.828242
2.58624
2.37834
2.24555
2.18881
2.09883
1.02598
2.042
0.491733
0.576928
1.63542
2.26571
0.714676
1.27883
2.86114
2.6664
1.06631
1.80265
0.233412
2.67605
1.78103
1.65499
1.60551
0.218372
2.03969
0.636146
2.94582
0.280068
1.20662
1.08144
2.96462
2.18112
2.36791
0.395001
2.06217
0.281863
0.759624
0.915061
2.4843
0.664858
2.67417
1.14578
2.77501
1.72771
1.43034
0.995813
0.61222
2.82525
0.796796
1.85896
2.71502
2.89883
1.25482
0.575903
2.70878
2.82952
0.288272
2.91361
1.23721
1.45315
0.488827
2.39996
1.20773
1.77445
1.06315
0.551891
2.0573
0.517966
2.93044
0.333903
1.52775
2.7533
2.99667
1.28404
0.836702
1.13168
2.1941
0.945738
2.13249
0.672634
2.8731
0.242811
2.51942
0.636232
0.533689
0.634352
1.54236
0.420209
1.48451
1.88836
1.2173
2.61914
1.41632
2.30972
1.49502
1.78163
1.27874
1.86264
1.0464
2.00577
1.04555
1.62209
0.656227
1.5075
2.95847
2.7944
2.3128
1.30147
1.23474
1.54219
1.28122
1.33095
1.02863
2.45371
0.64828
1.98415
1.63063
2.09079
0.82508
2.33484
0.695962
1.85674
1.89673
1.84555
2.08678
1.61807
2.10438
2.46849
2.91703
2.52044
2.3498
1.08443
1.18697
1.23371
2.80731
2.81534
2.39603
1.26687
1.53271
0.348259
2.11874
1.18628
0.755095
0.209742
1.33437
2.17864
2.74057
1.92544
0.69639
0.393121
0.913095
2.60479
2.52831
0.902756
1.32386
2.88737
0.335185
1.91997
1.75138
2.78851
1.41752
2.90609
2.72502
2.58103
0.774151
2.01055
2.95574
2.85208
2.28374
2.87926
0.263491
2.0708
2.54975
1.86648
0.888485
2.60624
2.59897
0.891989
2.27263
1.13083
2.01918
2.97684
2.60009
2.34903
1.52425
2.09771
2.18462
1.18705
2.1342
2.79756
2.3891
0.382525
1.75762
2.78782
0.7674
0.209742
2.56402
1.98176
2.11395
2.08045
1.93296
1.99654
2.10993
1.95527
2.76911
0.75894
2.45319
1.30498
1.96825
2.25606
2.95847
0.358342
1.22457
1.26473
1.51707
1.37411
1.76411
2.30058
0.602222
0.674685
1.99372
1.82076
0.80799
2.77911
1.652
1.32138
2.50968
1.77257
0.650844
2.76415
1.73181
2.45089
1.79299
0.771416
1.31395
1.17535
2.75569
1.42717
1.05836
1.77821
0.525828
0.920017
1.94963
0.453706
2.07592
1.46751
2.13275
0.974279
2.86593
0.557616
2.93762
2.5677
2.56138
2.94693
2.63623
2.19393
2.75304
2.65016
1.82196
1.15877
2.86678
1.16167
0.896774
1.80103
0.650331
0.744072
2.35527
0.992395
2.22572
2.62239
1.15082
2.58564
0.492673
2.12121
1.03495
2.34997
2.47379
2.18291
0.953343
1.13083
2.78492
0.902756
0.588977
2.57103
0.622132
2.5207
2.73912
0.73057
2.25033
1.90476
2.81201
0.745183
2.78116
0.366289
1.9339
2.2564
1.22918
2.84226
0.350822
2.7551
0.632984
1.08297
2.015
0.974279
2.4273
2.08396
1.04102
1.46768
2.85636
2.79645
0.52241
0.51301
0.614014
1.15749
0.792438
2.07712
1.09878
0.474557
2.01987
1.98005
1.27122
2.00355
0.225037
2.99633
2.10088
1.55706
2.00534
1.82948
1.7912
1.78077
0.655287
2.29964
2.76902
2.73518
0.572399
1.279
2.42568
2.02029
1.83179
1.71506
0.599316
0.681094
1.02119
2.07729
2.18368
1.33061
1.42102
2.56599
0.251271
0.328349
1.81888
2.62059
2.08037
2.45234
1.84384
2.06379
2.27041
1.10075
1.511
2.82081
1.7354
2.86251
2.06088
1.1498
1.96227
0.292288
2.58257
0.921897
0.521213
2.52976
2.30869
1.48759
1.21594
2.39739
0.268191
1.86759
0.461568
0.8185
2.18581
2.80526
2.47712
0.789361
1.11425
0.818159
2.48011
2.1442
0.488485
0.587097
1.67174
1.75146
1.28849
0.61803
1.59842
2.37757
2.39697
0.91677
2.47943
1.25576
0.242042
1.6126
0.685025
0.799274
0.410639
2.06849
1.5568
1.29301
2.11985
0.215552
0.753301
1.20508
1.83504
1.64969
0.711344
1.3524
2.12147
1.82632
1.41017
2.16009
2.01688
1.29319
1.22414
1.45101
2.61256
0.496518
0.254433
1.60346
1.3307
0.499338
2.72399
2.71399
2.9853
0.948302
2.42559
1.8035
1.51416
2.02824
1.01017
2.70374
2.46952
1.74035
1.10152
0.661696
0.954454
0.841829
1.62662
2.29981
1.89366
1.18577
1.7477
2.96813
2.92412
1.39624
1.58483
1.72856
1.59568
0.819098
0.515061
1.20551
0.366717
1.6837
0.837385
2.543
1.084
0.81363
0.788849
1.50434
1.6332
2.82508
1.50169
1.55228
0.448408
1.3483
0.686734
2.34732
1.96757
2.21179
0.432942
1.90135
0.721171
1.52502
1.90758
1.62414
1.54288
0.99812
0.347917
2.10079
0.387652
1.43598
0.729374
1.23619
2.84713
0.743559
0.298441
2.20641
2.04747
1.78086
0.358342
0.851314
1.41923
0.404486
1.89451
1.9492
1.22534
1.0335
2.62692
0.408161
0.735099
2.07695
0.477804
2.0144
2.13224
1.36001
1.44196
2.97146
0.843367
0.288357
0.445589
2.87191
1.57595
0.884982
0.384063
1.13578
2.75142
2.44021
1.52356
1.15535
2.62247
0.309464
1.25516
2.98154
0.561205
1.9997
0.789361
0.392352
2.00637
1.47768
2.77723
2.37834
0.55548
2.44226
2.04653
2.48379
1.69225
0.694168
1.04068
2.84063
2.83345
2.34364
1.74719
2.33348
2.58556
1.9915
2.90327
2.53189
1.49682
0.42226
1.86631
2.42833
2.79329
2.74689
1.93758
2.01935
0.585644
0.931126
2.12438
2.56727
0.434993
2.0496
0.930528
1.17911
0.964537
2.60026
2.36133
1.14176
1.00427
1.01837
2.53095
2.05012
2.9583
1.92843
1.05965
2.36492
1.27874
0.668105
1.64841
0.839521
2.33783
2.42611
1.21816
1.45136
2.98171
2.92762
2.00175
2.67699
2.05644
1.80709
1.17535
0.946934
2.99274
0.806024
0.817304
0.319291
0.535484
1.93083
1.18244
2.20829
2.10891
2.51113
0.477377
0.805597
1.30036
2.29451
0.527366
2.83294
1.55544
2.71536
2.31886
2.06148
1.96655
2.27537
2.00799
2.83815
1.24687
1.77377
2.1812
0.653664
1.77505
0.923093
1.35531
2.79175
2.59786
2.89096
1.70549
2.69545
2.47934
2.7016
0.807392
2.29066
1.884
1.23815
1.78248
1.50041
2.58026
1.18116
2.03234
1.5915
2.15309
1.42076
0.551036
0.387738
1.7125
2.28135
0.801837
0.789703
1.68575
1.69507
1.54681
2.23674
1.18047
0.262209
0.21504
2.14958
1.00667
0.93574
1.2003
2.19137
0.644264
1.66738
0.471224
1.58355
0.445161
0.353044
0.485665
0.315189
2.15548
2.01542
1.59389
2.8825
2.24657
2.75988
1.51921
0.596069
1.94296
2.04268
2.30382
1.4946
0.432514
0.98872
0.307071
1.90041
0.749199
1.89519
0.642726
2.25597
0.41286
0.259645
0.844649
0.478402
1.9163
1.2708
1.94664
1.06947
1.14552
1.69669
2.96462
1.21833
2.82123
2.7116
0.569066
0.534971
1.44828
2.9953
0.334843
1.25157
2.06234
1.24567
2.55514
0.728947
2.45909
2.23948
2.60812
1.9069
2.79526
2.37996
2.46405
1.53382
0.647511
2.06926
0.518992
1.41547
1.01863
1.24174
1.14347
2.51814
2.17556
2.99752
2.73365
1.96552
0.810211
1.2714
2.85234
0.365777
2.60812
2.67742
1.6473
0.306815
0.512754
2.46405
2.93446
0.656227
1.97458
1.11929
2.53326
1.10553
0.2699
1.16219
2.44217
1.99372
1.97945
0.658364
1.24115
2.64905
2.91216
1.39778
2.10942
2.88695
2.16326
0.671352
2.84525
2.50002
2.59282
1.38436
0.875411
0.57915
0.613501
1.04392
2.84302
0.702029
0.373894
2.75903
1.75821
1.42769
2.02585
0.387994
0.90361
0.533518
1.96227
0.575048
2.67776
0.833369
2.31459
0.208716
2.36646
1.21286
0.395172
1.64388
0.229481
2.72066
2.97411
1.0217
1.88904
2.15266
2.47661
1.22722
0.80799
2.96667
1.98936
1.62029
2.4461
1.96484
0.962828
2.07934
2.68032
1.18176
0.497031
1.4928
2.4778
0.615296
1.69874
0.239051
2.20897
1.6385
2.79671
0.789276
1.58782
1.92835
2.10361
1.97244
1.82632
0.551463
1.31113
0.639479
2.39235
2.44157
2.20675
