0.354668
1.68669
1.77924
1.30925
2.0755
1.17048
2.7163
2.35125
0.937193
2.78492
1.9897
1.63679
2.99641
0.759026
0.714762
1.01162
2.54249
2.94523
1.77231
0.721427
1.57415
2.1407
0.991968
2.41226
1.14886
0.987524
2.40372
1.52587
2.14505
0.23683
0.594446
2.7803
1.17313
1.56569
0.607947
1.41957
2.37347
1.93356
1.62517
0.324162
2.83815
2.66631
0.861739
2.86541
0.394745
1.85486
2.72279
1.19492
1.08955
1.6567
2.84849
0.654946
2.30699
1.88639
2.09165
1.99671
1.66336
0.283914
0.463106
1.69524
2.01303
1.64841
0.881478
2.0479
1.1028
0.22273
0.767315
1.74377
0.613416
1.9198
1.31668
0.591968
0.7257
0.374407
1.29353
0.295279
0.947703
1.41119
2.37663
1.35856
1.34172
1.51468
1.30011
0.417133
2.48737
0.8884
1.42461
2.07439
1.11938
1.49263
2.17573
1.93536
2.17727
0.645717
1.78838
2.52395
2.20333
0.578979
2.59419
1.97082
1.2285
2.53001
1.08896
0.360649
0.881478
2.96462
2.41893
2.82499
1.06033
2.5131
2.32117
2.66811
0.502414
0.408673
1.35821
2.01568
2.39227
1.81624
2.88259
2.8702
2.34219
2.43764
0.769195
0.863363
1.88631
2.98282
0.753642
1.39265
2.42192
1.0928
0.212989
0.827131
0.339201
2.10224
1.02734
2.87413
2.6746
1.82974
2.75937
1.59004
2.82491
2.38312
0.388763
1.12647
2.86259
2.96625
1.04093
0.895749
2.38594
1.47674
2.74467
2.2464
1.24465
2.08054
2.85875
1.73395
0.476351
2.95078
1.60346
1.87588
1.19312
1.36018
1.13595
1.67669
2.55386
1.5122
2.00483
0.61316
1.36138
0.700235
0.223499
0.764068
2.82149
0.781243
0.799188
1.57432
0.200513
0.951805
0.554027
2.74023
2.92036
2.01448
0.877548
1.30301
0.826875
0.520444
0.446785
1.23909
2.97137
2.97855
0.551378
2.03277
2.23939
2.11463
1.06255
1.32104
1.36787
1.37308
2.88182
0.496689
2.08609
1.64388
0.508054
0.757744
0.517539
2.80517
2.95984
0.889511
2.58231
1.26789
2.29084
1.06905
1.73471
2.5113
0.735612
1.57757
2.77689
1.79419
1.72369
0.708438
0.482333
2.43226
2.99846
0.360137
2.37005
2.42722
0.679641
1.19902
1.56441
2.03568
0.506259
1.48084
0.280154
2.26614
0.296646
1.01948
1.06819
2.08977
1.46546
1.98774
1.96125
0.75407
2.432
2.44029
2.25606
1.78667
0.96035
2.24469
1.86981
2.67571
0.266909
0.508994
1.00812
0.415851
1.13322
1.39239
2.68246
2.50634
2.862
1.78718
2.41414
0.787994
0.913608
2.95924
1.26268
1.30985
1.26088
2.83516
1.31574
0.407733
2.8984
2.62196
2.9783
2.98769
2.14582
1.24884
2.39868
1.19739
0.98103
2.91703
2.7686
1.07665
0.2417
2.84559
1.43495
1.37078
1.93177
1.70122
2.96129
0.897971
1.47127
2.5994
0.475069
0.255885
2.52685
1.96296
0.640077
1.45529
1.65943
0.927964
0.990173
2.06917
0.628455
0.982653
0.561803
1.48332
1.98808
2.12762
2.96437
1.83811
1.01436
0.844307
0.4232
1.64619
2.40073
0.559923
1.53647
1.07554
1.95774
1.09588
1.67857
2.88584
0.957274
2.18727
0.792779
2.80244
1.75633
1.56065
1.10664
0.920444
1.93886
0.258791
2.70912
2.72151
2.81303
1.29797
2.32792
2.09344
1.90203
0.346721
2.04251
1.7407
2.06464
2.11404
2.47191
1.77086
1.28396
2.33194
1.17398
0.646657
1.36206
2.62324
1.59415
0.890536
2.35698
0.939586
2.90062
2.12831
1.40017
2.45866
1.24362
1.86076
1.93296
2.02611
0.777398
0.549754
1.59688
2.63333
0.579748
0.607605
1.21841
1.41401
0.609912
1.47443
0.323307
2.05106
1.23961
2.77483
2.01918
1.87844
0.296133
0.937962
1.08349
1.36736
1.35514
2.47105
0.494723
1.08297
0.818842
2.87182
2.24367
0.200342
1.12032
1.96885
0.863021
0.865584
0.787567
1.87674
1.11237
1.69173
0.308438
2.35322
1.45563
1.4746
2.53113
1.34642
1.16988
2.01782
1.73933
1.51972
0.721512
0.354241
1.73933
2.54061
2.84807
1.2502
1.09613
2.32297
0.782611
1.08135
2.65589
1.00837
0.259816
1.96714
2.29314
2.87533
2.93822
1.65072
2.8197
1.56236
0.679299
1.2138
2.39235
2.59496
0.719205
1.31113
0.557701
1.40111
2.37082
1.01419
2.07122
1.60466
1.29353
0.751335
2.82722
2.98351
0.769195
1.03102
2.43935
1.87998
2.42029
1.23619
2.60709
0.651442
0.609143
1.37744
2.20607
1.74787
0.554625
2.69229
1.44102
2.6041
0.404913
1.57757
0.797308
0.534971
2.10258
0.743901
1.52929
1.42025
2.48045
1.27763
1.82307
2.16625
1.42546
2.29938
0.970861
2.33288
0.948131
2.70664
2.89447
0.91301
1.19457
0.886435
0.555651
2.85174
0.839436
0.887631
2.59077
2.49207
2.29639
1.33856
2.50677
2.13711
1.18423
0.798505
2.17684
2.11327
2.48652
1.43068
1.17261
0.923435
0.840376
2.68297
2.07037
0.678616
0.994787
0.465328
2.06917
0.392608
1.8734
0.311173
1.45862
0.330656
0.680068
1.2085
2.07225
2.79714
2.08635
0.591198
1.06623
1.75061
2.13471
2.37543
0.759197
2.63392
1.89947
2.92976
0.67178
0.406708
0.939073
1.26661
0.901987
1.96766
0.379791
2.74262
2.57573
1.35343
2.06687
0.953941
0.908396
2.30408
2.82106
2.31656
1.41649
2.17889
1.0388
2.41645
1.61491
1.0135
0.672634
1.0194
2.33903
2.90395
1.82854
1.22619
2.22854
0.704593
2.22042
1.26157
0.31066
0.830378
1.5163
2.78441
2.21931
0.747063
2.01559
2.20649
1.7894
1.13971
0.49404
2.90728
0.762188
1.74591
1.0546
0.831916
1.94031
1.24106
1.82034
0.961632
2.12925
0.564025
2.10891
0.340825
1.40308
2.06986
2.52438
0.751762
1.83213
1.09665
2.60444
0.722196
1.00931
1.53638
2.06131
1.95433
1.11399
1.59389
1.85178
2.26204
2.44935
0.924204
2.71681
1.70472
2.1918
0.534458
0.225208
2.40423
0.889596
1.83828
1.9615
0.733134
1.04837
1.44948
1.49289
2.76176
0.340141
2.10387
1.95586
2.85054
2.97496
2.69536
1.49639
1.07716
1.37112
1.81453
2.60487
2.18402
2.06276
2.97744
2.38013
1.73412
0.380645
2.731
0.562487
2.9636
0.245888
0.22367
1.9715
2.81765
0.411664
1.02905
2.58693
1.85742
1.49297
0.607862
0.310233
1.72557
2.71912
1.39872
2.84456
2.85815
0.749455
1.32292
0.928477
2.5295
1.48716
2.09199
2.56514
0.318693
1.23012
0.304593
1.27977
2.68511
1.29643
1.32156
2.04644
2.93839
1.2608
2.10481
0.319376
1.09391
1.34121
2.6094
1.40855
0.69827
1.07101
0.314933
0.833967
2.31374
2.39662
2.28485
1.69925
0.748088
1.5357
0.939671
0.920615
2.91959
2.93565
1.13348
0.748003
0.641188
0.467806
2.71989
2.61752
2.01491
1.19662
0.995129
0.571117
2.52121
0.460201
1.60654
1.28267
2.29237
0.400214
0.312626
1.12604
1.05742
0.278103
2.58394
0.52429
1.64465
0.316556
2.63016
2.81653
1.13117
0.601111
2.44311
2.28024
0.525571
0.382611
1.6414
0.946764
0.871651
1.71523
2.30528
2.84747
2.6611
0.369195
1.58842
2.92677
1.64166
1.55544
2.29536
0.462166
0.709806
1.39846
0.209998
1.02623
2.97368
2.49763
0.765435
0.429267
2.87464
1.71062
1.43991
1.47998
2.05576
1.7007
0.868148
1.00188
2.46302
1.1815
1.85529
0.742106
0.567699
1.39923
2.08003
2.01132
2.39825
0.589489
1.27541
1.29096
2.06678
2.7451
1.87494
2.64674
2.2805
1.2332
1.10989
2.58385
2.72348
2.79987
1.94775
2.38441
1.19722
2.0978
1.65704
0.761248
0.607605
0.276907
2.18761
2.26819
2.28485
2.97317
1.15262
2.70237
1.12476
1.63422
2.00124
0.938389
2.23905
2.32032
2.16787
1.22901
1.8012
2.31545
0.586584
2.21213
2.17616
1.08887
2.9583
1.06059
1.22072
1.94296
1.75651
0.612476
0.64358
1.28464
1.76197
0.319034
1.31019
0.259816
0.911301
0.848665
2.38167
2.08601
2.84798
0.383123
2.97539
1.82196
1.76326
1.24525
0.833283
1.91169
1.91476
2.09336
0.68699
1.44016
1.20927
2.7222
1.60602
0.837898
1.23867
2.3063
1.21713
0.772613
1.15475
1.3242
2.88259
0.565136
1.37248
1.99996
2.1242
2.86687
2.48695
0.700919
2.78141
1.93604
2.99368
0.727921
2.78979
1.45187
0.797992
2.53617
2.8684
2.80175
2.10276
2.62418
0.403803
1.3806
0.659133
2.92779
2.21709
1.83974
0.972057
0.357744
1.70147
0.221876
0.843367
0.31724
1.62004
2.721
1.24396
1.43768
2.84807
1.00282
0.899509
0.969579
1.14971
1.82658
1.57936
1.66729
1.87562
2.90079
1.07503
2.40286
2.26922
1.51553
2.65597
0.949071
1.66875
0.685366
1.19004
2.36766
0.493356
1.34172
2.71698
2.63965
0.700235
1.31147
1.26054
2.57736
2.19983
0.820978
0.469344
2.05371
2.31767
1.66054
1.07161
1.58714
1.18953
2.54856
2.53241
0.519504
0.578295
0.232984
1.50117
2.0244
1.79821
1.66601
1.83606
2.98342
1.43623
0.790814
1.99338
1.36778
1.75685
0.878402
2.56941
1.96373
0.877462
2.34946
2.5818
2.67716
2.00303
0.621876
2.079
1.05683
1.20611
0.719633
2.06328
0.473275
1.44144
0.780474
2.51754
2.39056
1.08041
1.60047
0.720829
0.567614
1.85529
2.75339
1.84213
2.82952
1.29857
0.420637
1.99782
1.04179
0.566674
0.67195
0.562658
1.72976
1.13459
1.7313
1.9204
1.57731
1.64832
0.967614
1.84068
0.64341
2.02457
2.54796
2.67204
1.93544
0.883444
0.288186
2.13694
0.573339
1.80222
1.24251
2.71613
0.786712
0.477804
2.96539
0.410724
2.37765
1.8852
1.18603
2.66973
0.490707
0.319718
2.43217
0.668105
1.92467
2.2106
0.740226
1.72711
1.02564
2.1918
2.18983
2.25982
2.39756
0.721171
0.400128
1.43298
2.66836
1.73113
0.725101
0.330314
1.7489
0.201367
1.88605
2.80628
0.623243
1.7407
1.97748
2.01619
2.90558
2.86328
1.98577
2.41286
2.40312
2.05029
0.956078
2.39398
1.92297
1.08178
0.746806
1.38992
0.757744
2.32724
0.507456
1.37932
1.69054
0.681777
1.61884
2.21871
2.95437
1.03734
0.432173
2.77518
0.78543
1.17321
0.745268
1.64824
1.60662
1.75633
0.952232
1.0699
2.27819
2.93736
1.80598
2.16864
1.85512
1.62995
0.928391
0.786285
0.486605
2.16232
0.409186
2.83474
1.29652
1.1856
2.02713
1.17953
1.68114
1.5298
2.43405
0.239222
1.06323
1.89289
2.03781
2.28596
0.338688
0.250331
0.722111
2.43662
0.453365
2.67468
2.54027
1.52109
0.548302
2.64948
2.52053
2.61581
0.310318
0.968126
2.92138
0.428584
1.36531
0.503525
1.27293
2.12455
1.15236
1.1357
0.34279
1.97842
2.11583
1.92604
1.96321
1.64217
1.65242
2.22555
1.25798
1.215
2.45191
0.402948
2.00611
2.5031
0.267763
1.48306
2.47909
2.85644
2.75612
1.57936
0.490451
1.37069
2.81978
2.41175
0.594531
1.44187
2.09583
1.39453
2.1712
0.660158
2.42329
2.18359
1.73608
2.43115
2.12848
2.36885
2.21128
1.11245
1.76667
0.400897
0.89592
0.252126
2.95591
0.838923
2.07379
1.71737
2.14155
1.20645
0.793976
2.89994
2.12907
1.14399
0.564708
1.3871
1.22192
0.34467
0.295022
2.28468
2.40278
0.761675
2.02457
2.37979
2.39466
1.97304
2.77603
2.33083
0.240419
2.39406
2.47071
1.47272
2.03833
0.822004
2.44277
1.22457
2.66887
2.60333
1.28977
2.48618
2.35381
2.5072
1.79795
0.61316
2.48233
1.79803
2.07943
2.55633
2.143
0.789105
1.45777
2.55292
1.39812
1.96894
2.6411
2.55898
1.93946
1.38505
1.51903
2.60761
2.76082
0.574877
2.12164
2.4831
1.08725
2.72954
0.476778
1.49699
1.79658
2.97881
2.90583
1.35403
0.771245
0.885153
2.89122
1.69541
1.41863
0.233497
1.65832
1.70711
1.79658
1.80419
2.2047
2.98018
0.3815
1.81777
0.316385
1.81094
2.71818
1.73847
0.309293
2.5295
1.38564
2.92241
0.631275
0.840974
1.12066
0.201196
2.264
2.37167
2.73236
1.08571
1.86118
0.20282
0.848152
0.677932
2.96146
1.78325
1.52809
0.580004
1.61269
1.0059
2.78364
1.88656
2.14557
2.63726
2.83986
1.74728
2.63367
0.486435
1.57868
1.98928
2.97847
2.50182
1.1991
0.484725
0.354924
1.38154
2.33348
1.75292
2.55779
0.688357
1.65687
0.681777
1.58287
0.652126
1.22619
1.06016
2.38406
0.450716
1.98834
0.404743
1.54117
2.35646
2.89276
2.77065
2.37748
1.73283
0.447639
2.23367
0.463363
1.47366
1.75651
1.53108
0.845247
1.26738
1.07238
2.94796
0.934886
0.277334
2.90805
2.33741
0.399017
2.8244
2.53847
1.76214
2.78526
1.25866
1.33454
1.64448
0.221705
1.20961
1.36445
1.9122
1.13006
1.8
0.700064
1.02811
2.68511
1.61295
1.06691
2.79116
1.56373
1.79829
1.67456
2.9953
0.716385
1.50673
2.06456
2.23521
2.10113
1.83845
1.81401
2.94531
1.91621
2.29442
0.332792
0.559496
0.669985
0.316984
1.39
2.48071
2.62495
0.308866
0.409101
0.744414
2.95309
0.715445
1.16919
2.0684
1.54074
1.96091
0.747233
1.97107
2.58035
1.02333
0.543345
1.05025
2.48609
1.43751
1.82179
0.507285
0.871139
1.71233
1.60893
2.20453
0.725101
2.15069
0.583251
0.744157
1.7266
1.45913
2.39662
1.2561
0.431318
0.735185
2.06259
2.78116
1.2714
0.219056
1.65106
0.538047
1.70395
0.797821
0.525571
2.9624
0.246229
1.24969
1.16073
2.00244
1.93553
0.415339
2.97821
1.76283
2.75005
0.884127
2.83756
1.98082
0.329374
0.98291
2.62059
2.22384
1.33198
2.4543
0.54608
1.69575
2.76629
1.01265
0.252211
1.73933
1.6338
1.16467
0.284341
2.72168
1.82188
2.88225
0.826447
2.39158
2.58214
1.51553
1.51228
1.39521
1.93407
1.73292
1.95501
0.637342
2.1301
2.87644
1.23209
1.77701
2.91976
1.31839
2.36304
1.14356
0.550352
0.809528
1.21782
2.36202
0.642384
0.802948
2.2934
1.57355
1.27652
1.3436
1.59517
1.3407
2.02927
2.9101
1.46178
1.52262
0.89592
0.596326
0.370733
0.80987
1.23798
1.42068
2.9612
2.0044
1.89143
2.54916
1.71241
1.53373
0.974621
1.22192
0.716214
1.08631
0.533604
2.16941
2.17838
2.25477
0.560265
0.905148
0.888656
2.47601
0.323307
1.08451
2.49703
0.754582
1.14826
2.31485
1.63123
0.656996
0.583508
2.60555
2.89686
2.26503
2.89165
2.24649
1.19304
1.37462
2.20145
2.90002
1.58594
1.62901
2.46012
2.69571
0.773553
1.87212
2.52121
0.715531
1.98184
0.811408
2.10746
0.455843
2.12814
0.87618
1.78539
0.453963
0.690835
2.96009
2.28853
0.867464
2.72177
1.93365
1.52775
2.99376
1.03828
2.61692
0.226234
2.51574
2.43457
1.6966
0.515146
1.06383
1.74745
2.8784
2.82952
0.479342
2.21589
2.35877
2.23982
1.56766
2.77013
0.706815
0.759368
2.52933
0.289468
0.641273
0.361419
2.05559
0.265456
1.9915
1.64713
2.27656
2.70784
0.929075
0.899423
2.54899
1.53057
1.95903
2.06106
1.67122
0.656996
2.15599
2.77518
2.31357
1.07921
0.934715
1.82367
1.65037
1.3113
0.441401
1.10399
1.18253
1.87229
2.25349
1.8787
2.93702
0.23777
1.87588
2.03773
2.63076
0.49686
0.720573
2.50899
2.98812
1.75146
0.657167
1.55646
1.79709
0.696731
0.822602
1.90263
0.293313
0.419355
0.976159
1.01119
0.458834
2.05114
0.288699
0.67101
0.423286
2.11557
1.45281
0.615381
1.35471
0.204956
0.601196
1.11587
1.42803
0.625806
0.921982
1.68797
1.45819
1.44862
2.45661
1.24593
0.585473
2.20231
0.369451
0.844649
1.0012
1.24721
2.97642
0.344755
2.90002
2.86806
1.01803
1.34087
0.247511
2.32049
0.268447
2.08763
0.550438
2.47208
1.36326
2.36355
0.816022
2.27263
2.53753
1.20859
1.68917
2.29366
1.5592
2.6734
0.354326
1.17184
2.54634
1.31797
2.18992
2.99718
1.15492
1.79701
2.96214
1.0799
1.4264
2.26939
1.14655
2.93685
1.37992
1.56919
0.564537
0.332023
0.639222
1.87682
1.32164
2.41149
0.780303
2.42525
0.835932
2.16676
1.2872
0.782098
2.94446
2.66879
1.00461
2.84277
0.872848
1.30498
2.37407
2.07208
2.05969
2.46063
0.33997
1.93407
1.81786
1.68028
0.816279
2.84516
1.82589
0.547191
2.99769
2.38868
2.83251
0.918308
1.60432
2.9295
0.363982
1.35198
2.14933
2.56479
2.42149
0.366546
1.71267
2.74937
2.75544
1.3665
1.11288
2.93224
1.50519
1.47417
0.961461
1.54288
1.19081
1.10468
2.68861
1.66413
2.64418
2.5213
0.627345
1.52886
1.66832
0.607947
0.244435
1.77915
2.61145
1.29891
1.0041
1.22405
2.04234
0.899509
1.35292
1.8341
0.716813
0.938816
0.713822
0.310489
2.62136
2.98949
2.77612
0.965563
0.480111
2.09301
0.568041
2.05268
1.71686
1.62901
0.802179
1.48255
1.85418
1.06332
0.778082
2.06447
1.34181
1.81555
0.531297
0.608203
0.798846
2.28126
2.71664
2.62649
0.658791
2.0473
1.71139
2.17257
1.80427
0.337748
1.22824
2.15343
2.37868
0.327665
0.323734
0.654091
1.36385
1.56261
1.09041
1.81111
1.30882
0.520359
0.319803
1.97261
1.19868
1.15441
1.62474
1.28344
2.6517
2.25392
1.90656
2.63085
0.829951
2.66024
2.65742
0.490109
2.85336
2.37603
2.78235
2.80696
0.302884
1.40496
1.03051
1.65336
0.201709
2.35894
1.12297
2.9965
1.86033
1.87144
2.86294
0.515232
1.57518
2.05354
0.317924
1.00487
2.16582
1.82999
1.16091
0.304935
2.94078
2.19427
1.45597
0.489425
0.277078
2.01799
2.77953
0.856014
2.40303
1.65396
0.360991
0.251527
1.76992
2.16966
1.1333
2.0731
1.00197
0.648195
0.378423
0.678872
2.21085
2.99573
1.05725
2.14993
2.46191
1.49032
1.71053
2.13753
0.381243
2.9131
0.617689
1.73557
0.689468
1.29566
0.902927
0.914121
2.05054
0.724503
2.67349
2.85251
2.62273
1.83692
0.480197
2.30852
0.299551
1.44854
2.9865
2.563
2.42867
2.9483
0.732109
0.475069
2.39406
2.89883
2.48285
0.987097
2.25255
1.88024
1.64901
0.615979
2.40816
2.21393
1.66396
1.26917
1.1157
1.40444
1.0082
2.32228
0.39765
2.73715
2.36731
1.49536
2.36449
1.46819
2.61017
2.86687
0.923862
1.64593
2.87729
0.960778
0.468233
2.39919
1.06358
0.846358
2.12643
0.331938
0.3862
1.18663
0.367913
2.86046
1.92228
2.97351
0.547191
1.13057
0.805597
1.68746
2.17479
0.954369
1.57031
0.418842
0.503696
1.60047
2.32647
1.68823
1.61833
1.2784
2.45849
1.50365
2.81235
0.353301
0.330656
2.1918
0.644948
2.72869
2.09011
0.341423
0.861739
0.433711
2.452
2.7956
2.96693
0.655287
0.556847
1.83059
0.836702
1.84862
0.586413
1.65935
2.95967
0.567016
1.42487
2.19641
1.69113
2.84713
0.654091
1.42196
1.51126
1.3859
0.370391
0.683059
2.07174
1.55014
0.909165
1.4687
1.22047
1.4517
0.766118
0.396454
0.591198
0.730143
2.80167
1.74864
0.545054
2.07695
0.216749
1.09545
0.652126
1.74078
1.18757
1.34147
0.900534
0.251186
1.24533
0.734843
0.21991
1.59671
1.49066
2.97496
1.50818
1.29652
1.32865
2.95727
2.94659
1.60286
2.21265
1.09203
1.5938
1.07101
1.48374
2.53523
0.243751
2.33476
1.59457
1.06802
1.53621
2.12472
2.6035
1.96364
2.7069
1.7677
0.427644
2.37783
2.96548
2.20333
0.742448
0.401666
0.487802
2.15668
1.01419
1.7131
2.21128
2.7034
0.953429
2.56531
1.0188
0.465841
2.27844
2.04935
2.3016
0.676821
2.07259
2.76894
1.28567
1.54869
2.2276
2.46336
1.51117
0.785772
2.85584
2.91831
1.05153
0.877206
2.16283
2.29998
0.459603
2.40722
1.46477
2.852
1.02974
1.22175
1.44016
2.88985
2.56026
1.08733
2.30254
2.2341
2.8079
1.68079
2.38141
1.21611
2.21803
1.54664
2.19974
2.79637
2.12079
1.0605
2.93489
0.731767
2.77859
0.234608
0.750395
2.52993
0.674172
1.60474
2.28682
2.92702
2.62615
1.83427
1.19791
1.42803
2.91831
1.87434
2.62179
2.0461
2.63247
2.5166
1.8711
1.97808
0.570605
1.17671
1.43401
2.55497
1.35463
1.5457
0.56975
1.60363
0.89028
1.54629
2.38834
0.557958
0.384234
2.03337
0.70109
2.25674
0.700662
1.67336
2.73066
1.96535
0.245119
0.843367
2.36543
0.759966
1.36343
2.38423
2.04935
1.81034
0.842512
1.24696
0.791839
1.89912
0.301517
1.27054
1.5862
0.3163
0.860543
0.726554
0.524717
1.0646
1.07306
1.6696
2.49712
2.51421
1.71181
1.53125
0.55941
0.844221
2.79415
2.39346
0.262978
1.40914
2.03474
1.98099
0.827815
2.76535
2.51292
1.80872
0.450972
0.698355
2.34279
2.12164
2.03499
2.1865
2.13266
2.2664
2.62538
1.43794
0.222474
1.32933
1.64439
0.340397
0.285366
0.881564
2.80808
0.259902
1.28216
1.86546
2.8144
2.7257
2.75527
0.262893
0.490023
1.93988
1.05007
1.58099
2.68383
1.04888
1.05161
2.79269
1.79231
1.51374
2.2229
0.971459
2.00825
0.317069
0.333305
2.45593
1.97637
0.345012
2.86456
2.1818
2.54565
1.4799
1.48118
2.22068
0.505405
2.94258
0.353899
2.76048
0.592224
1.22158
1.72215
0.967272
1.05554
2.92668
2.68417
0.964623
1.86905
0.503269
2.60231
0.36834
2.07627
2.94728
2.31023
1.4147
1.75685
2.25529
2.91045
0.918308
0.301517
1.35052
2.14822
1.49895
0.883102
1.01923
1.75163
1.11297
1.61107
1.59654
1.32301
0.528306
2.8573
0.940013
0.570519
2.57949
2.84055
2.42593
2.26725
0.840889
2.55685
0.508396
1.32472
1.55569
0.543345
2.3774
2.76954
0.857039
1.36351
2.85294
0.808417
0.320316
1.50092
1.85469
0.972741
2.48353
1.74899
1.1821
0.725529
2.17214
1.38411
2.74424
2.12292
2.06849
0.810639
0.976672
2.71365
1.15988
1.56373
2.78184
1.86734
1.30626
2.35817
0.531809
2.31673
2.96206
2.47165
1.46999
2.10284
1.69182
2.74852
2.64939
1.50929
1.31617
1.51194
0.745183
0.574621
2.12557
0.872677
1.47973
0.569323
2.39927
1.12143
0.395172
1.8247
2.46798
1.49152
0.514548
2.90216
1.95655
1.7812
2.22589
1.88972
1.84443
0.721171
2.92848
2.01329
1.98201
2.37663
0.578552
2.75014
2.89977
1.26934
2.27144
1.03239
2.54753
2.30929
1.19748
0.52822
2.40278
1.42153
1.51092
0.386712
2.38278
2.55736
1.24661
0.636744
1.80137
2.57633
1.6244
1.22414
2.60496
2.88661
0.477035
1.07725
1.32694
1.73181
1.74078
2.18684
2.39816
0.811322
1.54399
2.68853
2.84909
2.52156
2.43345
0.734758
0.64358
0.705533
2.27426
1.54493
1.88024
2.79996
0.961888
1.81906
0.698868
2.26358
2.28323
2.70519
2.33066
0.778936
0.864132
0.305448
1.52784
1.91117
1.54194
2.11045
0.812519
2.91352
2.29887
1.54758
0.380047
1.56637
2.09472
1.03281
2.09558
2.73758
1.13732
1.71079
1.42102
2.35065
1.72583
2.674
1.31062
0.649989
2.40637
0.645119
2.31109
2.84943
1.97706
2.11344
2.90523
0.250844
0.479513
2.50916
0.735783
1.92348
2.51472
0.406964
0.747746
0.82696
1.62004
1.34309
1.28532
0.469686
1.44666
0.835163
0.582482
2.78774
2.07251
1.99244
0.283999
2.13181
1.59004
1.3019
0.834053
0.851399
2.90558
0.781243
1.77052
1.76163
0.287844
2.4825
1.76223
1.3812
2.80363
1.53595
0.226832
0.82978
1.97663
0.922324
0.966417
2.27058
2.40936
2.5583
2.85866
2.18684
0.30314
0.685452
0.440632
2.57966
0.615638
2.14899
1.82444
0.974023
2.59214
1.55287
2.77834
2.72126
2.40825
0.281179
2.81577
2.48447
1.46281
2.97086
2.12617
0.796197
1.857
2.02414
0.786285
2.57368
2.79705
1.34933
0.689895
1.88015
1.8593
0.315787
0.832173
0.620765
0.855245
0.310916
0.388336
1.05871
0.631275
2.48755
0.221192
0.239735
1.3448
0.288528
0.458235
1.81393
0.950523
2.53642
1.57278
0.539671
2.83662
1.07451
1.00897
2.56001
2.94787
2.7492
1.18722
0.33621
0.932151
0.518394
1.32702
1.72907
2.84995
0.67571
2.92608
1.31216
1.18124
0.576159
1.33121
1.80752
0.471224
0.252467
1.64132
1.7289
1.5486
1.10801
0.576672
1.12177
1.45623
2.27554
0.555138
0.286648
0.431318
1.02692
0.410126
1.37394
0.271609
2.22444
0.989917
1.73617
2.2264
1.19748
0.8743
2.92822
2.7486
1.03563
0.847383
1.83897
0.847127
0.683572
0.762615
1.8464
1.37479
0.825678
1.8388
2.07883
2.79107
0.347832
0.823798
2.67426
1.33659
2.36492
0.264089
0.922153
2.95676
2.59932
1.71686
2.17701
2.11164
1.50049
0.542491
0.829695
2.81107
1.69173
2.31562
2.82576
1.81034
1.33053
1.09109
0.216663
0.906259
0.972912
1.16321
2.83294
1.86879
0.926682
2.95531
1.16432
0.547618
1.08229
1.07708
1.93843
0.890365
2.60837
1.98816
2.08045
1.00991
1.09981
2.90352
0.545738
2.83833
1.36565
0.980346
0.510361
0.305106
1.44418
2.42226
0.607605
0.377654
1.23294
2.5395
0.498398
1.09964
2.9213
1.60141
2.66229
0.567614
2.61239
2.32015
2.09797
2.98103
1.92288
0.601794
1.81888
0.503696
2.54728
2.20333
1.03316
0.675539
1.37471
1.33215
2.29408
2.50985
2.34552
1.42632
1.30942
2.21547
1.03512
2.95326
2.89737
1.68054
2.953
2.06234
1.57458
2.65571
0.743474
0.532749
1.06734
1.77325
2.07721
0.849947
2.82961
2.94164
2.61871
0.850459
1.45785
0.650417
1.46033
0.973168
1.08972
1.12587
1.00735
2.15223
1.0734
1.27182
1.90323
1.79103
1.39547
0.735698
2.18248
2.25477
1.35548
0.636317
2.83824
2.91703
2.7733
2.69024
0.991882
1.40077
2.41824
1.47486
0.853023
0.248964
1.74659
0.367058
1.25644
2.66341
1.83478
1.89169
1.16398
1.94886
0.396881
0.220423
1.51878
1.50075
0.772784
2.15736
2.83961
2.77236
2.17471
0.747661
2.14164
0.860799
0.68041
0.650246
2.57368
0.748259
1.05999
2.60667
2.95608
1.43606
1.72275
1.34941
0.209314
0.208887
0.473873
2.2828
2.66024
0.66802
2.96693
2.07627
0.411921
1.16894
0.338945
2.9066
2.76757
0.502243
1.51861
2.68699
2.09267
0.255629
2.69066
0.220338
2.1054
1.4928
1.8082
2.41457
0.781927
0.388592
2.23786
2.49609
1.46332
2.85695
1.42598
0.361162
1.15304
1.20893
1.07383
0.401495
1.59158
2.87968
1.10861
1.9404
0.495492
1.05939
2.73775
1.61884
2.94958
2.46892
2.47498
0.468831
1.93818
2.11404
2.42465
1.41034
1.60423
0.659645
1.91194
1.10929
1.42307
1.85768
1.34719
1.13664
0.878402
1.669
0.210681
0.362102
1.62867
1.71574
0.446358
1.92365
2.3498
2.70083
2.7521
2.30775
2.44354
2.03388
1.4523
1.47938
1.39838
1.69994
1.84315
1.59868
1.58928
0.207776
1.29515
2.46157
1.30583
2.65768
2.80269
0.402008
2.59462
0.362786
2.26631
1.59457
1.10365
1.66576
1.39709
0.491562
2.11805
0.983508
1.52903
1.53681
1.97133
1.32164
2.227
1.28951
1.4223
2.49353
1.97971
0.697842
1.38488
0.282461
2.46225
1.05939
2.7968
1.185
2.45849
0.205469
0.215723
2.77073
2.52856
1.24772
2.13155
0.298953
0.910446
2.82311
0.37868
0.427815
1.743
2.77637
2.84072
1.85401
2.09643
1.01641
1.43034
2.11985
1.30036
2.6846
0.735612
1.6267
1.85401
1.77154
1.71771
2.49122
0.608631
2.32177
1.44871
1.28114
1.10818
1.36138
1.27686
1.27028
0.975475
1.88878
0.406537
1.24832
2.03286
2.46311
0.880795
0.523521
2.64349
0.930699
0.953429
2.35638
0.361162
0.825166
2.8385
2.2605
0.776714
1.97911
0.624781
2.20974
1.84708
0.285025
2.34288
0.787909
2.79645
0.543687
1.57082
0.318949
1.27541
2.93574
2.96941
0.61521
2.66682
0.655116
0.32963
0.780816
2.42397
2.44311
0.324674
1.10869
1.7313
2.75672
1.75078
1.30737
0.573168
2.91352
1.04486
1.09622
0.498227
0.346721
1.0687
2.20598
0.368084
1.71053
1.54364
1.02213
0.576843
2.17103
1.32634
1.70908
1.82897
0.622388
2.1113
2.65187
2.76347
1.56441
1.74839
2.85371
2.11173
0.578979
0.3627
0.726383
1.27669
2.1436
1.8646
1.11109
1.81974
2.31912
0.436103
2.96727
2.14454
1.84888
1.78359
0.366631
1.86409
1.80769
1.54125
2.83106
1.33916
2.53677
1.41589
1.24943
2.07481
2.8032
2.25794
0.2141
1.06358
0.321512
1.44777
1.01179
1.56185
1.77419
0.984533
2.90754
2.58744
1.46819
0.464388
2.15932
0.825764
1.16723
0.936338
0.401068
0.832514
2.23418
2.22324
1.83034
2.8191
0.62367
2.89413
2.43901
0.309549
2.66144
2.27776
1.12536
1.75668
2.54693
2.50224
2.32348
2.0032
1.11895
1.55048
0.787481
1.67721
1.21953
0.517454
2.17026
0.408502
0.394916
2.05712
2.83132
0.353728
0.270669
0.807221
2.1131
1.91707
2.93882
1.57902
1.32292
2.95497
2.49319
1.69823
1.05802
2.95223
0.853108
1.28737
1.50998
1.05571
2.8103
0.274429
0.588635
0.655544
2.63674
1.11656
2.90062
0.998376
1.19363
1.22611
0.820466
2.52301
1.47571
2.48712
2.29366
0.803546
1.92997
2.24785
2.20564
1.39
2.68648
1.57962
2.75826
2.43098
2.03824
0.787054
2.08772
2.56847
1.10767
1.15817
0.563512
0.5906
2.43721
2.54258
2.8062
2.3316
0.84217
1.74343
0.458235
1.30344
2.66221
0.912839
0.551292
1.75078
1.74967
2.93642
0.500449
0.212561
1.53254
2.99487
2.56907
2.68109
0.288443
0.891562
2.43721
1.84392
0.968639
1.33164
2.71493
2.69724
1.90793
1.54074
2.83422
1.41743
1.75932
0.611878
2.15984
2.97949
2.99051
1.96629
1.35557
2.0079
2.47883
1.31745
2.44371
1.14971
1.1439
1.52433
0.993677
2.65571
1.55398
1.9222
1.68079
2.65734
0.24358
0.718436
0.248366
2.22811
2.48165
2.84046
2.31442
0.315104
1.8247
1.82333
2.4573
2.22999
2.59573
0.92523
2.42106
0.385174
2.42397
2.85764
0.274685
2.96471
1.78428
2.51703
1.36565
2.81508
2.47268
1.70788
2.50241
1.44529
0.356804
1.8417
0.206153
2.82337
1.538
2.00175
2.46798
2.2552
2.86174
0.359453
2.44798
2.63606
2.31587
1.13151
2.75578
2.15924
2.65281
2.66323
1.14869
2.57206
0.972655
2.42756
1.08554
1.66447
0.406964
2.92643
2.77321
2.27938
0.23777
1.08144
1.74317
1.53134
0.591626
1.10237
0.997693
0.921213
0.445418
2.62017
2.15941
1.03461
2.68118
1.27225
1.26516
1.91143
2.12728
1.12852
2.23999
0.773894
1.12467
0.543345
0.889169
2.60085
0.554112
1.22346
2.8455
1.63516
2.46302
2.09789
0.309293
2.5131
0.228626
2.5771
1.82042
2.70126
0.796026
1.99098
0.695621
2.13053
1.72711
2.99009
1.57381
0.91301
1.19953
2.89985
1.90305
0.63025
2.8919
0.415082
0.208032
0.880111
1.49289
1.62132
0.776373
0.969921
0.373211
2.33074
2.59915
1.24234
2.35569
0.721
1.00504
2.72373
2.7222
0.464046
1.02572
2.37988
0.9953
2.33151
0.927537
2.26836
1.83179
0.465072
0.94984
1.87468
1.96415
0.900449
1.28609
0.318949
0.730229
2.92942
2.34544
2.92173
0.326469
2.88985
2.13181
2.81517
2.52258
2.97163
0.978893
2.08908
1.57586
0.623243
2.87857
1.15655
2.48259
2.74954
1.23833
1.22952
2.70237
1.08554
2.70861
1.78932
2.89575
0.536766
1.31344
1.54151
1.60961
0.470455
1.32643
1.54168
0.250673
1.14698
1.12493
2.17958
1.28199
2.47926
2.86413
1.10989
0.781927
2.90634
2.2047
0.615723
0.302029
1.96928
0.535484
0.694339
2.76185
0.377654
2.32493
0.350224
0.517368
1.15236
0.841231
2.98556
1.54253
2.83397
1.67823
0.772698
1.05802
2.34313
0.52335
1.09964
0.548558
1.28114
1.00709
2.77261
1.10348
2.45755
0.269729
1.86494
0.21897
1.63234
2.88387
2.10053
0.200085
0.461312
1.96928
0.457295
1.29917
0.830549
2.13976
1.27951
1.72822
0.968468
0.715873
1.58654
2.88353
1.12271
1.84537
0.864986
2.71912
2.78953
2.36407
0.431916
0.807135
0.882589
1.63995
0.856697
0.822517
0.429951
2.23281
1.72865
0.388592
1.18475
0.410981
1.05896
1.62354
1.33916
0.560521
1.40308
1.5216
2.92762
2.12438
0.391925
1.11015
2.90805
1.51006
0.759368
0.917454
2.90703
2.40329
0.752702
2.09011
2.01807
1.32301
2.81508
0.296988
2.83952
0.658705
1.42564
2.95813
0.739457
2.0244
1.98688
0.933348
0.536167
1.36872
0.843965
0.813202
2.58
0.27759
0.726896
1.34343
2.42576
1.70805
2.90028
0.525913
2.08259
1.78898
2.70878
0.930442
1.42803
1.92818
2.60769
1.75548
1.37479
2.46225
2.16291
1.17629
1.37744
2.08652
1.51066
0.316642
0.466439
0.703568
2.96291
1.58321
1.19662
1.92664
2.44619
1.0975
0.498483
1.67627
0.261611
1.56646
0.419355
1.1075
0.454134
0.525913
0.341337
2.30511
0.27665
2.69648
0.864644
2.58351
0.639051
2.98769
0.543175
1.8311
2.62692
2.89054
1.65977
2.33373
1.38026
1.19244
0.628712
1.51673
1.21765
2.15557
1.61363
1.84221
1.69344
1.69233
0.947105
1.89972
0.877291
0.280068
0.54044
1.32702
1.94108
0.347917
0.670925
0.39859
2.14283
0.476351
2.3333
1.72044
0.693655
2.94617
0.344328
0.466781
1.79615
2.17274
2.9871
1.39838
1.74078
1.36693
0.581628
1.49759
0.74937
2.55539
2.77236
1.66012
0.451485
0.501132
2.51549
0.278787
2.48165
1.26114
0.55847
1.35813
2.68596
0.717154
1.59551
1.19722
2.02423
2.61931
1.08767
0.277505
0.655885
0.278018
2.73681
1.5938
1.89699
1.44367
1.59748
2.86584
0.935655
0.909165
0.818159
2.66776
1.79402
2.77535
2.59521
2.71288
1.02324
2.51498
2.13078
1.13168
1.21995
2.77407
0.780303
0.980175
1.25114
1.0464
2.77654
0.816022
1.07545
0.761162
0.518992
2.78082
1.64738
0.71818
2.41628
2.2241
1.39342
0.411408
1.86682
2.70912
0.546165
1.37556
2.96855
0.835932
0.824824
2.89515
1.54228
1.52015
0.549242
0.211963
0.657851
2.5642
0.674856
0.370476
1.25037
0.759709
2.23666
2.23615
2.21325
0.357744
2.28861
0.625806
0.956249
0.543858
2.42747
0.288614
0.816449
1.55715
0.58684
1.67157
2.30818
0.488571
2.59094
0.21034
1.40077
2.39868
1.75275
0.282461
2.61119
0.989319
2.20761
1.55834
2.899
2.0696
0.666652
0.890023
1.75069
2.05114
2.27981
1.07383
1.8423
0.312369
2.09327
2.42457
2.46567
2.46789
2.19282
2.09925
0.50831
0.980004
1.61645
2.30724
1.17219
2.15223
1.12613
1.94501
2.82012
1.93971
1.92596
0.792267
2.93702
2.01525
1.21372
2.00739
0.793719
2.12856
2.85311
2.85952
1.8006
1.39598
1.25542
1.43512
1.93766
0.557701
1.55655
0.856014
2.05106
1.44127
0.577868
2.34689
2.40047
1.26721
2.85849
2.28896
2.04721
0.435505
1.84537
1.39846
1.06947
1.83051
0.530442
1.96697
2.19222
0.680154
1.62064
1.29994
1.41957
1.80949
2.32929
2.0931
0.656996
1.72344
2.27605
0.282461
1.11109
0.358684
0.783038
1.90647
2.05371
2.34023
0.45439
1.51639
2.93873
2.58077
1.72702
1.6749
2.65879
2.86148
2.47985
0.477462
2.32929
1.02991
1.38949
1.43657
2.58701
2.25401
2.31895
0.664431
1.79111
2.368
1.62799
2.89284
2.91455
1.15031
0.491476
1.66652
1.91177
1.16817
1.7148
0.449605
1.7524
2.42824
2.3316
1.57996
2.5066
1.67011
0.273403
0.610596
0.470028
0.940355
1.19816
2.5759
2.71741
0.684341
1.76394
2.51865
0.468746
1.59398
2.63674
2.81696
2.86063
1.64747
2.31938
1.2479
1.70489
1.38077
2.6893
2.72485
2.42611
1.02615
2.53155
2.64674
2.96351
2.55642
1.55621
0.397223
2.62512
0.272292
2.38671
2.12933
1.08186
0.970177
2.20658
1.3753
2.28904
1.32771
0.752104
0.217945
0.322623
2.74501
2.33937
0.760735
1.11784
2.47866
2.21119
1.63533
1.09759
2.10652
2.09421
2.08267
1.87836
2.96035
0.450117
0.746464
1.6408
1.56338
2.31263
2.9154
0.352788
2.31194
2.59342
0.951549
1.43222
1.63653
1.74856
0.444819
2.23726
2.88148
2.08985
0.827131
0.77116
2.13933
1.62987
2.98684
2.59009
1.47973
0.948643
0.219312
2.09959
1.00667
0.768596
2.65298
0.630079
0.985644
2.9254
1.0852
1.87562
1.87511
0.822431
1.56894
2.28571
2.701
2.85747
0.285366
0.997009
2.41226
2.10549
2.04106
2.09242
1.85426
2.95061
2.3263
2.97454
2.59692
1.14894
2.67357
0.441914
0.256398
2.81457
1.65191
2.65537
2.14805
1.21252
0.435932
2.9806
2.50506
2.44926
1.68652
1.89682
1.10519
2.14523
1.48024
2.15719
1.33882
1.38018
0.62649
1.78923
0.75783
0.39577
1.50784
2.52224
2.54275
2.34501
2.78261
2.23008
2.12489
1.97449
2.88686
2.9759
2.60222
2.72903
2.27229
0.446699
1.98475
0.763384
1.31942
0.366204
0.308438
1.75129
0.661611
2.47054
0.454817
0.577441
0.858919
0.438325
0.312626
1.00068
2.55796
2.75971
0.521128
2.57582
1.27678
2.53224
0.230506
1.12151
0.35125
1.97295
2.31827
2.82209
2.58018
2.8314
0.497629
0.249733
1.30737
1.29327
0.55847
2.79594
1.4787
2.16129
0.573595
2.5988
1.80949
1.3007
1.91245
2.05362
2.20214
1.53766
1.09682
0.795428
1.15031
2.5965
0.737663
1.03905
2.46704
2.26529
0.789276
1.96603
1.67473
2.57582
2.7592
2.84473
2.19436
2.18599
2.11113
2.37201
0.871566
2.35176
1.49861
2.72271
1.3765
2.07729
0.465584
2.99615
0.615979
1.42871
2.65426
1.7454
1.09451
2.60111
1.75351
1.6784
2.76176
2.52532
1.23038
2.61675
2.08507
0.201538
1.07768
1.00171
2.28289
1.34856
1.0176
1.63294
0.857894
1.55416
0.998376
1.12843
0.366631
0.51677
0.821577
1.99355
2.96326
0.563427
2.13711
2.78552
1.0552
2.8332
0.64358
0.862081
0.208203
1.9122
2.53207
0.800897
2.63786
0.709378
2.60983
0.577526
1.42487
1.5592
2.94232
1.78966
0.593249
0.938816
1.05076
2.01483
1.9868
2.58838
1.30258
1.58936
2.08208
0.820124
0.931724
2.49583
1.27661
2.00637
1.52826
0.846443
1.58816
2.43055
0.231788
1.05042
0.903012
1.6919
0.269558
2.7521
1.71164
0.649391
0.673659
2.6276
0.468062
1.49348
2.01688
1.32796
0.710916
0.931724
2.00363
1.65576
2.0843
2.47823
0.95454
2.26247
2.79457
2.4314
2.22085
0.954454
1.24191
0.730143
2.36663
0.696133
0.763555
2.47456
0.957274
1.59483
0.425935
2.49874
2.39064
2.75843
1.00385
2.78355
0.407648
2.91053
0.683657
1.89716
1.72275
1.2526
1.22824
0.649733
1.00837
1.45896
1.94142
2.35099
2.87259
0.692801
2.16855
1.45734
0.267849
2.93198
0.871908
0.596326
2.16736
2.08908
2.81782
2.15659
0.346208
2.21692
0.311771
0.428669
1.70711
0.683657
1.6226
1.68746
1.98458
1.60748
2.22828
0.200684
2.069
2.23692
0.825251
1.95296
1.58483
2.76484
1.03649
1.67148
0.962401
1.86341
2.75586
2.14249
2.63982
0.428071
2.46712
1.00419
0.633155
1.01743
0.874386
0.405341
2.3122
0.275967
0.782696
1.11519
1.61859
1.0294
1.96338
2.87439
0.764922
2.13719
1.14578
0.571972
2.45191
1.19167
1.06939
0.838923
2.44046
1.75138
0.335527
1.04187
2.51728
1.39419
1.59586
2.86883
0.890622
2.68041
1.41495
2.49037
2.45413
0.910703
2.14488
1.48725
0.35612
1.96894
0.748259
2.9295
2.11207
1.73471
0.509336
0.39483
1.2966
2.75569
0.56787
2.71647
1.65533
2.46533
0.81568
1.44264
0.2699
0.634095
2.29195
2.20197
0.217945
2.34305
1.41547
1.75557
1.36206
2.5636
2.99111
1.12869
0.507883
1.43606
2.72767
1.00607
2.7668
2.72989
0.60564
2.57975
2.56206
2.5759
1.4311
2.0373
0.515146
2.15676
2.31365
1.87682
0.650673
1.04349
1.80667
2.03687
0.955651
2.06627
2.44661
2.42901
2.93275
1.20508
2.22897
2.25999
2.78347
1.79017
2.758
2.53113
1.05956
1.29797
1.6091
2.70305
1.82008
1.23072
2.23974
0.712113
1.73053
2.36697
0.586755
1.3272
1.74352
2.27144
1.28943
2.83354
2.59692
2.14975
0.272121
0.631361
2.76749
0.73809
0.627943
2.93771
2.11737
1.91305
1.33813
1.9762
1.87135
2.5101
0.566161
2.24666
1.36189
1.03871
0.662978
1.65712
1.77966
2.18069
0.622388
1.91015
0.567016
1.7595
2.32203
2.72784
0.692032
2.66845
2.28947
0.304337
1.64038
1.64482
0.929673
0.573937
1.96261
2.97787
0.951891
0.480197
2.61512
1.83726
1.73258
1.03632
1.73001
1.7107
0.553343
2.5618
0.854903
0.237684
1.85059
1.08443
2.0966
2.32655
0.613416
0.694681
2.20863
0.44217
2.66981
2.03986
2.25879
0.553771
0.395087
1.34488
2.51489
2.82713
2.98436
2.14958
1.18603
1.55091
0.621876
1.34651
0.256569
2.9853
0.888827
2.10976
0.6511
2.41696
2.74484
1.30079
1.1662
0.312198
1.62038
1.13894
0.2094
1.6526
2.96009
1.12442
0.779705
2.74185
0.550694
0.401325
0.929075
1.97142
0.575561
2.94787
0.941807
2.43234
2.92856
2.58077
1.0699
0.860372
1.12878
1.76368
1.46033
0.80235
1.97159
2.00346
0.513865
2.49113
0.253322
0.225208
0.511045
1.71668
2.10891
1.7119
2.74441
0.580602
1.49682
2.79526
0.99248
0.822089
0.572997
1.48827
0.375945
2.20222
0.887289
0.443538
0.430122
1.83401
2.94223
1.62764
0.234095
2.94685
2.65101
1.89648
0.831916
0.971288
2.63247
2.86182
1.185
0.233155
1.67934
2.23435
2.09207
1.14313
2.73971
2.43209
0.314762
2.76988
2.74604
0.840632
1.34625
2.68477
1.8323
0.31348
2.2599
2.56505
0.874386
1.50006
1.07631
1.44281
2.49293
1.58774
0.886007
1.8881
1.25456
0.247084
0.764666
2.61222
0.610767
0.966674
0.51865
2.78073
0.310404
2.96462
2.89934
2.72143
0.224012
2.66588
1.12185
1.11707
0.71724
2.7316
2.52822
1.36847
0.711515
2.82799
0.628712
2.01585
1.56843
0.922581
2.36407
0.707157
1.13553
1.69618
0.420466
0.599829
2.89284
2.0555
0.239308
1.08289
2.1336
0.737577
2.75663
0.908225
2.12207
1.99013
2.11045
1.21833
2.56069
1.51698
2.95428
2.95668
2.10771
0.276565
1.81265
2.94993
2.08148
0.719633
1.51801
2.74834
2.68836
0.254006
0.364837
0.912925
1.31267
0.925315
2.61974
2.43516
1.00658
2.49874
0.42414
1.97851
2.31519
0.73151
1.72796
2.62854
0.576843
2.8226
1.09058
1.63875
1.03572
0.626746
1.58782
2.06029
1.10203
0.421747
1.46178
1.34283
2.50011
2.21436
0.550609
1.79376
2.64068
2.17488
1.73762
2.38347
2.75433
0.78543
0.853621
2.78449
1.72446
0.691604
1.87494
1.53177
1.95732
2.04285
0.449519
2.39133
1.82529
1.71113
0.592395
2.42457
1.02316
1.37411
1.98637
1.03726
1.7724
2.85046
0.324931
0.698953
1.41307
1.27524
2.53719
2.22068
1.3195
2.10284
1.32856
1.67943
2.4778
2.52403
0.479513
0.275796
1.46229
2.48643
1.73489
0.612903
1.94946
2.70348
2.72544
0.683914
2.30511
1.64234
0.756035
1.05537
2.38406
2.07524
1.50083
2.93446
1.27849
2.78372
2.23939
1.40709
1.15356
2.80303
1.87537
1.93536
2.90652
2.19333
1.7718
2.79936
0.388165
1.52613
2.04217
2.37475
0.923435
0.872762
2.13489
1.92972
0.468319
0.482846
1.94732
1.2314
2.74151
1.1404
1.10921
2.44832
2.26708
0.783892
1.06973
2.83593
1.06742
2.18
2.02944
2.89378
1.34206
0.235719
2.15087
2.08131
1.8705
2.93933
2.28861
0.378936
2.07797
1.31429
1.27396
2.98428
2.29895
1.178
1.79299
1.6273
1.37847
1.28797
0.69451
2.59615
2.54728
2.66682
0.566845
2.15804
0.708524
0.891562
2.41935
1.86358
1.27396
1.3354
2.30716
0.822858
1.68669
0.749284
2.13642
1.43974
2.56821
0.370989
1.48784
2.09173
2.02713
2.3486
0.294681
2.0449
0.867037
1.46691
1.61508
0.488314
0.231532
2.36321
2.33373
0.977953
2.62282
1.42076
0.231703
0.376458
0.632215
2.72698
2.46311
1.57671
0.720231
1.68336
2.27204
1.09596
1.98321
2.85678
1.39265
2.02927
2.44362
2.85644
2.96599
0.648366
0.403034
2.02662
2.01175
2.73476
1.79385
0.941636
1.89451
1.13313
1.06708
0.690493
2.61897
1.41436
2.55591
2.13899
0.594018
1.93339
2.24931
0.756291
1.70207
1.1721
2.51592
2.99487
0.511045
0.251955
2.11446
2.00876
0.267421
0.706131
0.428156
0.300748
1.30677
1.79735
0.260842
0.283316
1.71985
0.269216
0.532579
2.74202
2.31186
2.41944
2.41192
1.38932
0.892074
0.98009
0.621705
2.29536
1.53125
2.29579
0.258364
0.383465
1.42487
0.283999
2.85815
0.578295
0.598804
2.26734
2.05131
1.79359
2.69622
0.363897
2.54104
0.547105
1.68173
1.92433
1.94296
2.39141
1.10135
1.50152
2.4244
2.74527
1.93553
2.24238
2.88028
0.916514
2.88233
2.78774
2.18325
0.501645
2.30869
1.56825
0.645973
1.14988
0.907541
1.78419
2.23153
2.07994
2.69733
1.75599
1.8517
2.73689
2.20197
1.53382
2.2887
1.37573
0.249648
2.05277
0.279299
2.16078
2.62615
2.52198
0.297501
0.766033
2.02115
0.334672
1.17398
1.06665
1.10613
1.98705
2.89071
2.10711
1.57885
1.69293
1.08554
2.33424
0.213672
0.581884
2.60837
2.28306
0.75595
0.769451
1.66123
2.30177
1.49511
2.38449
0.2652
1.70455
0.957018
2.24349
1.38752
1.53912
1.15142
2.65871
2.46798
0.556676
0.412091
1.06657
1.68267
0.571545
2.86806
2.56556
2.68178
2.39808
2.98188
0.849263
2.13856
2.95292
2.99445
0.423969
1.84819
2.70878
2.1119
0.39671
1.7131
0.488998
1.27362
1.52203
1.35215
1.58876
1.53766
1.59483
0.272378
2.21145
0.722111
1.67721
1.93903
1.40701
2.7392
2.2458
0.482846
0.700662
2.25956
0.548045
2.9818
0.598804
1.14544
1.85452
1.65354
1.7595
2.48823
2.69477
2.09831
0.415339
2.28955
0.764238
2.32784
2.63674
0.222901
0.79013
0.718522
2.22145
1.91297
1.04264
0.426533
2.80038
0.570519
2.5806
1.60175
0.944029
2.82055
0.717496
2.13924
2.46097
2.55992
0.796966
1.10357
2.67101
1.28473
0.96317
0.366717
2.84567
1.12126
0.815851
1.39333
1.99919
1.80103
1.03589
1.11365
2.62068
0.615979
2.46994
0.620936
0.332878
1.39188
0.560179
2.62991
1.66576
0.716556
0.409186
0.234523
0.732792
2.26195
0.764495
2.90344
0.996838
2.2358
0.21222
1.44751
1.71369
2.40235
1.86742
1.90203
1.63986
2.10703
2.64666
2.05542
1.19338
0.545653
2.21333
1.36599
2.45405
2.71331
0.880026
2.00338
2.19103
1.47067
1.95843
2.14993
2.5054
1.9674
1.84136
0.903354
0.675283
2.05661
2.90703
1.91476
2.3903
0.541465
1.73138
1.50126
0.363469
2.8884
1.69677
1.57056
1.70865
1.04657
2.48396
2.29417
1.26917
0.610681
1.53527
0.868148
1.08742
1.9627
1.97671
1.69729
1.20107
0.233326
0.48558
2.74159
0.354241
0.317838
2.79235
2.56146
1.81145
2.58547
1.10254
1.20021
1.26071
0.318522
0.328947
0.240162
2.39457
0.520444
2.21829
0.370989
0.755693
2.72869
0.661867
1.80684
1.03495
0.670412
0.878317
0.290493
2.8091
2.99974
0.953514
0.821833
0.30596
0.751164
1.62764
2.64743
1.18483
0.950438
2.41525
2.84995
0.718351
0.816706
2.34664
2.87421
0.364922
2.39628
2.61777
0.927024
1.51844
0.86379
1.43657
2.18975
1.82239
1.52912
0.752361
1.77812
0.436702
1.58705
1.15638
0.391412
0.444563
2.84738
1.8417
1.98364
0.7862
2.68323
1.50784
2.99744
2.30733
1.43478
0.300577
0.897031
0.710916
1.50605
1.47169
0.738347
2.19761
2.79133
1.64747
2.7122
0.984362
0.470968
1.9938
2.60034
2.08755
1.01171
1.16458
2.08011
0.557958
0.80987
2.32109
2.01636
0.557274
2.11592
0.70972
0.876522
2.25947
2.27562
0.886947
2.20897
0.769195
2.92839
2.07644
2.91882
0.641188
0.39671
0.748088
2.6822
0.590515
1.10793
2.10549
0.633326
2.37894
0.882162
2.76954
2.86413
1.26738
2.72749
0.745439
1.27251
0.819782
0.776116
0.561119
0.498312
1.04777
2.20342
2.46396
0.282205
2.68135
0.762444
2.36355
1.58705
1.75548
1.7759
2.60837
2.61871
0.499081
1.01957
1.48349
2.68263
0.313053
0.537706
0.716727
2.41585
2.82628
0.224952
1.68079
1.52972
1.61577
0.614783
1.57911
2.20256
1.78069
0.51019
2.30323
2.45815
2.35424
2.49541
1.2479
