0.364153
2.11378
0.479513
1.21978
1.24217
1.37872
0.558727
2.24666
1.30788
1.72309
1.55997
1.76471
2.91592
1.23063
0.789019
0.983508
2.0561
0.475497
1.49101
1.86708
1.13929
2.31707
2.61419
0.391498
1.57449
2.3163
2.71092
1.79231
0.377227
0.661013
0.91301
2.58829
2.44661
0.686734
1.71874
0.371758
2.74604
2.48122
0.928391
1.35018
0.428669
1.46041
1.46759
2.627
1.94279
0.402521
2.83388
0.411408
2.35433
2.82893
1.70583
1.14185
2.72604
1.81735
0.650844
2.7122
2.38893
2.13796
0.869857
1.18731
1.5445
2.99624
1.11613
1.39701
0.634608
1.67319
1.12604
2.7938
1.11741
1.34881
0.89874
0.563427
2.48515
2.19633
2.56291
1.3753
2.96385
1.03529
0.567272
1.36018
1.5298
1.03085
0.533348
1.30258
0.282376
0.726469
2.1072
1.0358
2.00902
0.297928
2.94728
0.426618
1.98133
2.71553
1.18774
2.13711
2.41859
2.90276
0.312626
1.55202
1.05751
1.37838
2.17941
1.05742
1.86417
1.8699
0.52899
0.460372
2.12677
1.38496
2.72091
0.735099
1.16646
2.22974
2.42875
0.884213
1.70335
1.26003
1.0364
2.70237
1.51562
2.65418
0.469686
0.429524
2.42935
1.094
0.803034
0.882675
0.675796
1.24243
0.97727
0.65016
2.4549
0.804144
2.36749
2.34065
0.740312
0.257424
2.33655
2.07054
1.96723
2.94531
2.71365
2.17924
2.23572
1.41137
0.73433
0.959325
1.67114
0.470882
1.37958
2.18881
1.37693
2.90173
1.85178
1.85324
1.6179
2.64401
1.12493
0.445332
1.67174
0.996924
2.10634
1.02974
0.385516
1.09784
0.547789
2.25913
0.675625
1.77317
1.04358
2.5313
0.208032
2.04747
1.05213
2.07276
2.29639
0.999231
2.8802
2.33809
1.25559
1.44982
2.96514
0.710062
1.44862
2.17325
1.59526
2.29186
1.86366
1.11536
2.00363
1.97424
2.65888
2.70835
2.7733
0.569408
1.91314
1.36881
2.89242
2.59633
2.61965
1.46828
0.995727
0.705789
0.959752
1.05999
2.53053
0.733647
1.09485
2.45405
2.38364
2.76783
2.31408
2.12463
1.50878
0.618372
0.974108
0.639137
2.68947
1.8775
0.670754
1.89562
1.97697
2.15599
0.277163
0.356035
2.13959
2.48558
0.888656
1.16381
0.261013
0.673232
1.30925
1.83179
1.02615
0.794916
0.720231
2.7891
2.23016
2.4173
0.565136
0.674001
1.24986
2.53377
1.89135
0.860884
2.6141
2.60359
1.38411
0.306986
2.61128
0.479513
1.931
2.40961
1.07024
1.61465
1.75463
0.95736
2.25383
1.33198
0.350737
0.467122
1.80085
0.548302
2.06917
1.5903
2.8555
1.13664
2.37501
2.07849
2.32023
1.31643
2.0285
0.795257
1.57116
1.65849
0.619739
2.06165
2.17206
2.89276
0.696731
2.22213
1.72497
0.504978
1.92348
0.51959
0.796197
2.1119
2.50617
2.16684
2.45225
2.6
1.32549
2.50062
1.34642
1.81769
1.21115
1.30771
2.69169
2.60692
1.19688
2.60923
0.85721
1.1615
0.593762
1.39094
2.72767
2.70203
2.71929
2.16753
0.36082
1.65063
1.91801
0.867122
0.482504
1.29823
0.51489
2.92574
1.35514
0.946849
2.93446
0.676479
2.15864
0.318351
2.82653
2.52335
2.62008
2.41483
2.83491
0.585388
2.43046
0.218543
1.64644
2.90002
2.98513
1.22047
1.95757
2.87208
1.38675
2.36185
1.99697
0.856355
1.6467
2.97966
1.84102
0.962316
2.22333
1.94117
1.15954
2.76526
1.63499
2.15608
2.82961
0.615979
0.884213
2.25341
1.85469
1.8323
2.4314
1.41051
2.02739
0.862423
1.25482
2.72262
0.571545
1.90699
1.33557
1.89861
2.80355
1.88673
2.70357
2.67306
1.44777
1.04392
0.782781
0.919248
2.24657
0.665285
1.97407
1.25319
2.49908
2.01312
2.01081
2.51386
1.36924
2.35236
1.02769
1.90895
1.79872
2.16163
1.8775
1.8135
1.66302
2.6153
1.23551
1.80701
1.20773
1.82384
1.22756
1.93877
2.0032
2.52096
0.720316
2.60829
2.05413
0.483016
2.41013
1.84708
1.50288
2.77142
0.449092
0.591369
1.16261
0.281692
1.54561
2.7316
2.71861
2.49019
2.27537
0.926341
1.23474
2.88319
0.743132
2.16975
1.20397
2.55787
1.73053
2.89754
1.97791
2.48173
1.06768
1.22141
0.615296
2.29793
0.767144
0.877462
2.78577
2.96428
1.45708
2.07755
2.96582
0.713224
1.25054
1.05007
2.9671
0.420978
0.789532
1.85853
2.03021
2.27161
1.60081
0.684256
2.3263
1.00615
0.300406
2.16257
2.29972
2.04157
2.18556
2.7574
2.09259
1.34916
0.749883
0.764324
1.88648
0.578637
2.66161
1.52826
0.599829
1.5157
2.73971
1.86306
0.978552
0.961119
2.46746
0.661184
0.516343
2.91831
1.78043
2.88131
2.24426
1.9762
1.66541
2.29921
2.42431
2.3774
0.509079
2.61316
0.387054
1.45546
2.1336
0.687161
1.54954
1.93254
1.65584
2.72297
2.85046
1.36138
0.708524
2.74578
1.64149
0.802863
1.3612
2.59333
0.471822
0.62273
2.27691
2.79432
1.20244
0.298441
2.44362
1.52391
2.8884
0.921043
2.41782
1.02487
2.46755
2.08114
2.81628
2.67998
1.49084
0.226063
1.19534
1.32514
1.13442
2.5753
1.05443
1.99004
2.7286
2.08199
0.500449
2.45234
1.64285
0.32869
2.31263
1.19551
2.96402
1.44332
1.743
2.15616
2.00432
2.32408
2.19188
0.248109
2.8778
0.260671
1.09425
0.252467
1.38197
1.23927
1.75659
2.65888
2.6229
2.4173
1.87896
0.646999
2.42004
2.05858
0.502329
2.99615
2.92976
2.0138
2.11745
1.10827
2.72373
2.83388
0.87242
1.33454
0.960778
1.40547
2.0179
1.59124
0.688784
2.39492
1.92544
2.65307
0.51489
2.98744
0.618543
0.311002
1.68122
1.41094
1.75232
1.18347
2.98274
2.73048
1.17988
2.76595
2.16693
2.40124
0.243495
2.90908
1.45042
2.26768
2.92685
1.71096
2.19154
0.296219
2.20649
2.21256
0.355351
0.32946
1.54074
0.881564
1.41
2.74834
1.23217
2.2752
1.89015
2.73057
1.20184
1.2667
1.06623
1.79291
0.312967
0.824738
1.15732
0.504721
1.78137
0.33245
0.722965
0.459261
2.00961
2.83405
1.27447
2.99188
0.383636
1.39556
0.941038
1.93142
1.76813
1.36924
0.828669
2.67315
1.63841
2.34655
0.70972
0.459346
1.18731
2.18881
1.28088
0.557274
0.34279
2.92344
0.825764
2.01961
2.03593
2.49131
0.721256
2.51651
0.853877
2.53506
2.02363
1.92638
0.619568
2.2141
1.9733
0.572314
0.430378
2.63461
0.654604
0.59248
2.0984
0.281948
1.44879
0.73151
0.925315
2.44302
1.51715
1.44033
1.55373
1.00538
0.752446
2.17231
1.2279
2.02235
0.235804
2.16266
1.80564
2.62888
1.83657
0.579662
1.25567
1.49912
2.39192
1.73369
0.779962
1.62952
2.50575
1.63234
0.697073
2.03815
1.00205
0.769878
1.62559
1.56543
0.671609
2.63751
0.903354
2.96556
1.94894
0.841145
0.781585
1.27413
1.75736
1.1175
1.53057
0.642299
2.16009
2.73151
1.5944
1.62123
1.25268
2.34595
0.332279
0.28793
1.73822
0.849861
0.284854
2.79825
1.21824
0.632728
1.70122
1.55373
2.44072
1.79171
0.265798
0.571801
1.94031
1.56108
0.36176
2.64597
0.909165
2.64931
1.60884
1.08169
2.33587
1.1727
1.81231
0.599658
1.84939
1.87272
2.06182
0.989148
0.706644
0.503867
1.11681
1.70224
0.760479
0.681094
1.21577
2.97565
1.44461
2.27195
1.24764
2.86644
0.615381
0.623414
2.2223
2.19103
2.48575
0.910105
0.977526
2.75373
0.889767
2.8896
2.66076
2.45217
2.71553
2.35484
2.72168
0.64828
0.942405
0.97069
2.55514
0.591284
1.32309
0.780303
1.1298
2.68024
0.9442
0.270925
1.54176
0.554454
0.306217
1.88562
2.82901
1.79872
0.358342
0.268105
1.98603
1.25012
1.72608
0.329801
1.71489
1.49571
2.36988
0.824311
1.24995
2.94711
2.51147
0.918479
2.19487
2.07943
1.86529
1.84717
1.10887
1.42358
0.8138
2.33903
0.779449
2.6975
1.76232
1.90075
0.719291
0.665285
2.7122
2.24734
1.62508
2.31083
1.68951
1.36633
1.13544
2.11395
1.26712
1.30293
1.62576
2.41653
1.01606
1.7536
1.77684
1.26567
0.726298
0.555821
1.05571
0.321769
2.23162
1.1615
2.84542
2.81953
1.87844
0.581542
0.561376
0.967272
0.675198
2.68896
2.49259
1.17577
1.75856
2.36774
1.30352
2.50019
2.61615
2.19598
2.73647
1.88468
2.10216
1.54963
2.64956
0.397906
1.68276
0.214698
1.72933
2.84456
1.35027
1.19637
0.215467
1.74189
0.442256
1.61038
0.374236
2.45012
1.00402
1.14681
1.05862
2.04029
1.53091
2.9918
0.892929
1.09143
1.12937
0.295193
2.81927
0.201794
1.93313
1.47263
2.94249
1.60218
1.81188
0.627515
1.21295
1.25952
1.61141
2.3827
2.8825
0.25768
2.16095
1.80735
0.672805
1.24337
1.28601
0.728092
1.79265
1.92382
2.46499
0.311258
2.94189
1.80461
0.564794
0.802863
2.63974
0.555138
1.09613
1.5157
1.61474
1.38846
2.02269
1.14937
2.19445
0.64358
2.96462
2.73211
2.23042
2.15804
1.63132
0.869771
2.89934
1.21688
0.323392
0.393121
0.713993
1.86759
1.93894
2.08652
2.68528
1.18663
1.52339
1.78889
1.36907
1.48596
0.399957
