0.358
1.50801
0.496945
0.783551
1.45195
2.39697
0.307669
2.14958
1.06802
2.08071
1.83803
1.68191
0.497287
0.925486
1.07041
1.98996
2.0414
2.23828
0.849519
2.44354
2.07951
1.21465
2.38808
1.20491
2.12258
1.12707
1.85324
1.61995
1.19167
1.53954
0.871566
2.05371
1.45785
2.73792
1.98825
2.86165
1.68139
1.96219
0.720402
1.18039
1.98774
0.42884
1.24029
1.62833
2.91762
2.33057
2.92668
2.40081
2.68896
2.39987
1.62166
1.65037
0.807733
2.0267
0.430207
0.437471
0.76646
2.9148
1.10075
2.33954
0.365264
1.46529
1.62311
2.80645
1.59637
2.87592
1.88212
1.94971
0.626576
2.54189
1.00444
0.252467
1.01726
1.34685
2.23572
2.48831
2.31818
2.43149
0.585046
0.535569
1.57278
2.82628
2.67665
2.37671
1.87383
0.337065
0.842
2.36672
1.10399
1.07093
1.29507
2.06174
2.60222
0.387994
0.423371
1.89331
1.29105
1.06973
0.635975
2.97599
1.00342
2.28827
1.80325
0.935997
2.54599
0.76646
0.928391
2.64922
1.43674
2.11498
0.485751
2.97419
2.05448
2.53377
2.0655
2.76928
0.337236
0.466952
2.56044
2.48148
0.568126
1.19637
0.334074
2.19265
1.58381
1.16321
0.606409
1.21269
1.14681
1.80444
2.2946
2.90592
1.41538
0.491134
0.347404
1.03871
2.65076
2.75723
2.61008
0.936082
1.69865
0.605042
2.85644
1.33335
1.98253
0.276223
1.42683
1.41231
1.14535
2.27468
1.10989
0.908396
2.27956
0.229139
2.50335
1.77607
0.879257
2.18368
2.09344
1.70036
1.85623
0.902499
0.490194
1.94253
1.9533
0.377654
1.65533
0.205811
0.295791
2.72604
2.16009
2.21137
0.416706
1.06341
1.71198
0.267849
2.09319
2.94505
0.386712
2.92771
2.33279
1.15638
2.60265
2.41141
1.04631
0.44499
1.67567
0.292972
2.7451
2.97975
1.39333
0.529759
1.39915
2.32416
0.842769
0.726298
1.39564
0.712796
1.73266
2.72015
2.93326
1.41718
0.844905
0.574706
1.99133
2.18915
1.65533
0.669814
0.410211
0.368853
2.1589
1.17449
0.621534
2.04542
1.33788
2.39201
2.9642
1.05708
0.911557
0.462166
2.52532
1.41931
2.80269
2.31169
0.643153
1.36676
1.35967
0.335441
2.80833
1.39855
1.57261
0.701688
1.30224
2.11284
0.718863
