0.366887
2.89823
1.74437
2.18171
1.65593
1.93407
0.418329
2.54531
1.41692
2.0696
1.43358
1.80239
2.23333
1.36932
2.95215
1.7988
2.57189
2.21974
0.255373
2.36877
2.49378
1.54535
1.44418
0.78543
2.8526
0.565905
1.31882
1.87058
0.516172
1.27994
0.677248
1.04939
0.350481
0.263491
2.869
2.04012
1.70258
2.97172
2.04115
0.663662
2.5201
1.92929
1.31634
2.06276
1.24516
0.798932
2.53719
2.81628
0.42038
2.5148
0.216834
2.43807
0.543345
1.46768
2.53301
0.94608
2.10822
1.53023
2.80132
2.19086
1.57142
1.91023
2.66751
2.0291
1.97936
0.617432
2.05507
0.631959
1.595
2.3339
1.10519
1.21389
0.861397
2.07336
1.948
0.86943
2.23914
1.4188
2.341
0.207691
1.25567
0.72382
2.61384
1.06887
2.10446
1.66712
1.15492
2.21273
2.92959
2.74664
2.68007
1.4652
0.935398
2.50079
0.516941
0.211536
1.65832
1.44503
1.94749
1.92288
1.33659
0.710233
1.84127
0.603504
2.31792
2.3715
1.62021
1.2473
2.44046
1.05315
1.19133
0.990173
1.52647
2.60068
2.08481
1.04555
2.32425
0.602307
2.63469
0.511728
1.43717
2.55317
1.0405
2.93736
0.777313
2.84439
1.14698
0.732707
1.47998
2.76885
0.378509
1.91579
2.41824
2.72826
2.26751
2.67793
1.65379
2.43038
2.21222
1.05888
0.561974
1.46358
2.90335
2.81833
0.568981
2.43653
2.45593
2.78987
0.637342
0.669216
0.483956
2.00714
2.23931
1.82555
1.55569
1.88827
1.95364
1.07135
2.46652
2.16582
0.824226
1.54894
1.56817
2.65127
2.21837
2.95249
2.58983
1.91972
2.12104
1.59457
0.790643
1.40393
2.40414
2.74928
2.27956
2.38415
0.606922
2.66024
2.74082
1.56091
0.765947
2.60137
1.60252
0.700406
1.63149
1.17697
0.285965
2.43679
1.20842
2.04978
1.77197
2.12173
1.95868
2.88293
2.12352
1.00718
2.40286
2.68528
2.40141
0.249049
1.45888
1.74599
0.809784
1.01991
1.25448
0.546678
1.91015
1.01718
1.15151
2.6382
2.7404
1.45571
2.31972
2.66973
1.07733
0.830464
1.5968
0.958214
2.47943
0.738945
2.3733
0.58479
1.34711
2.84892
1.63815
0.405683
2.23956
2.6993
0.525144
1.56629
0.682974
1.42393
0.294253
1.70404
0.911301
1.88178
0.288443
2.83012
0.972741
1.88477
1.80154
1.47409
0.243324
1.40837
0.795856
1.08272
1.78282
2.87387
1.4059
1.25738
2.97137
1.78855
2.36714
1.0194
2.86353
2.83294
2.30528
1.49007
2.89848
2.6805
1.22628
0.372784
1.40291
2.63931
2.14164
2.82576
0.524375
0.801837
1.36881
1.911
0.832514
1.59124
2.24324
0.809272
2.22572
0.790728
1.57894
1.98646
0.381072
0.744328
0.416877
1.90023
2.98488
2.61666
2.39654
0.433967
1.77983
2.39739
0.889938
2.04593
0.270156
1.94134
2.23452
1.01957
2.31698
2.92796
2.20265
0.605383
2.66588
0.629994
2.24589
2.43867
2.24213
1.37881
2.25033
2.02269
2.45114
2.21205
0.341252
2.26443
1.32164
1.39368
0.875326
2.44978
1.73019
0.691775
2.35561
2.6464
1.34266
0.903012
2.8097
0.520786
2.51198
1.90989
2.76578
0.958898
0.568212
0.360051
1.36676
1.47511
2.73971
1.85383
2.15744
1.79957
2.54164
1.52707
1.68387
0.630421
1.0705
0.31912
2.64238
2.73758
2.8414
2.41064
2.31433
2.20684
2.00543
2.32032
0.825849
1.41188
1.38581
2.34817
2.36937
0.699893
1.76872
1.65157
0.723478
1.58047
1.08759
0.443452
0.610767
0.404059
2.53779
2.59803
1.82871
1.31797
1.25875
1.35309
0.492843
0.286392
1.82264
1.39624
1.52954
2.56437
2.56496
0.421662
1.5545
0.209571
1.79607
0.245717
0.676308
2.82354
1.13066
1.36864
2.36167
0.505661
2.17274
0.669558
1.0987
2.61162
2.59333
2.12326
0.999145
0.499423
1.83914
1.42504
0.672463
0.655287
2.90857
2.01141
1.51339
1.58193
0.833454
0.965136
2.73741
2.0408
0.304251
2.29092
1.10399
0.833625
2.67494
1.64935
0.663576
2.91156
1.98603
2.8379
2.86635
0.398163
0.243666
1.70429
1.96971
2.11686
0.391156
0.582226
0.883615
1.80564
1.21064
2.93489
2.38919
0.610852
2.99368
0.894211
2.06917
2.04584
0.616578
0.585131
2.28802
2.60051
0.858919
2.71972
0.758342
2.59231
1.40256
2.94975
1.0317
1.64379
1.94843
2.26665
1.25106
0.575048
1.68917
2.33382
2.9025
2.09865
0.374322
1.24055
1.50365
1.30438
2.00637
0.964708
0.966503
0.321256
2.00432
2.83106
2.3715
1.74446
1.6731
2.25307
0.49122
1.21431
2.81594
1.047
0.400726
0.936167
1.1269
1.00291
0.712113
2.92574
1.20167
2.60325
0.57069
0.971203
1.80385
0.57351
2.15044
2.89677
2.22376
2.95599
1.38607
1.31532
0.768084
0.989746
0.279727
2.86054
2.61803
0.488913
2.71912
0.481393
2.49148
2.80312
1.94407
1.5909
1.34967
1.24926
2.80175
2.25341
2.98334
1.5028
2.92395
0.600171
2.1172
0.233497
1.16774
1.25943
2.27007
0.476693
2.25435
0.388165
2.20743
0.823627
1.94518
1.09528
0.424995
0.522153
2.89182
1.24029
1.30002
2.37253
0.698099
0.598206
2.348
2.30699
1.53125
2.97616
2.2223
0.740483
2.41944
1.46973
0.494809
2.18035
1.17364
0.847554
0.853877
1.78103
0.672207
0.849519
2.75766
0.933689
1.64285
2.78799
1.58133
2.97633
1.88289
2.43884
1.89383
0.311942
1.65285
0.809784
2.30288
2.02397
2.38244
1.3736
1.306
1.27404
1.22499
2.95351
2.18325
1.57219
2.1994
1.64832
1.97193
1.20423
1.65542
2.58581
1.35804
1.70634
2.40167
1.68925
0.923862
1.27259
0.231703
2.64828
0.988549
2.58428
2.78851
1.27772
1.27857
1.54655
2.1007
2.4555
0.866781
0.422687
2.73313
1.82384
0.216663
0.651186
1.68498
0.243922
2.96958
2.03328
2.37483
2.78996
2.5125
2.78073
0.85063
0.269985
1.3636
1.90784
1.36086
2.66358
0.813715
1.25892
2.22452
2.05866
0.46003
0.255031
0.738859
1.68148
1.07118
0.250673
2.86063
2.60162
2.81944
0.386029
2.39902
0.702799
0.718607
1.82247
2.25828
0.306131
2.90583
2.25025
0.466268
1.83264
0.801923
0.353215
2.32852
0.693399
0.791925
0.52147
1.04238
2.395
1.65935
1.09571
2.11198
1.44657
2.21401
1.23405
0.298355
1.85708
1.75078
1.28703
1.24542
1.6097
2.17582
0.968383
2.11634
2.10182
2.4379
1.00983
0.979492
1.336
2.50387
1.38693
2.48191
1.05213
1.91331
1.80325
2.74552
0.586071
1.75206
0.320487
2.2264
2.04371
0.680581
1.4235
1.47263
2.37671
2.25614
1.40393
0.518906
2.54881
1.78402
1.55527
1.6555
0.978979
0.738603
0.261782
2.70878
1.44965
2.98812
0.472506
2.97103
2.66699
1.66328
0.44499
0.517197
2.46165
0.506943
1.44913
0.245546
0.616065
2.94018
0.315873
2.98009
2.5072
1.48494
0.520188
0.572314
1.95134
1.57971
1.2849
0.539756
1.43871
0.425166
1.19286
1.57851
0.545994
2.49806
0.996069
2.2875
2.31254
0.770135
2.90728
0.842341
1.97013
2.47122
2.26332
0.755351
2.21188
0.430891
2.44721
2.86037
2.58872
2.44029
1.35582
1.45862
1.62047
2.86704
2.70152
1.16458
1.21013
0.565477
0.434565
2.38791
1.54629
0.51583
0.774749
2.78987
1.2849
2.43166
2.13813
1.85144
2.3944
0.572741
0.24828
2.69075
0.853877
0.802008
0.318265
1.06699
1.79094
0.720573
2.79107
0.508823
1.04674
0.523606
0.52617
1.50442
2.55625
1.60919
1.52032
0.890194
2.3304
1.7818
0.248366
2.57761
2.82841
2.88532
1.31335
2.95223
2.50728
0.50455
1.69267
2.48661
1.93655
2.3721
1.66755
1.30079
2.0643
0.317667
1.12391
2.21017
2.42465
1.19902
0.911728
1.39769
2.8708
2.44935
2.35031
1.44743
2.62444
0.881393
2.16727
1.67772
0.226746
1.58432
1.15885
0.510617
2.17941
0.750139
1.45845
1.21594
1.86229
1.66952
2.30169
2.56693
0.917624
1.33155
2.77424
2.14471
1.08485
1.26789
1.83179
2.23051
2.27597
2.47652
1.27815
1.22081
2.07849
1.66353
1.9891
2.50523
1.67259
1.84093
1.87033
1.343
2.15172
1.31634
2.63632
1.27652
1.83128
2.1148
0.297586
1.01888
0.936509
1.86657
2.84482
0.553343
1.85418
1.80222
2.415
0.982141
2.93659
0.489425
1.43068
2.06106
2.04576
0.350993
0.396197
2.75988
2.22529
2.20034
2.0408
0.382696
2.08592
0.832429
1.09494
1.98945
2.49481
1.70865
0.38825
1.652
0.953514
1.77069
2.95565
1.68626
2.45422
2.02337
1.23901
0.594958
1.39991
0.522752
2.67426
0.660244
2.57787
2.60709
0.747148
2.72254
2.17223
2.6082
0.809699
1.88374
2.40406
1.88101
1.34129
2.07242
0.386798
0.588464
0.744243
1.60799
2.38329
2.8796
0.360222
1.30147
1.25302
0.897201
0.994873
1.23081
1.87674
2.45516
2.83918
1.32779
1.54604
0.619227
0.473788
2.71382
1.70481
0.4326
2.44525
2.52301
2.83089
1.02076
2.69981
1.54911
2.84525
0.71442
0.563939
0.654262
1.23542
1.8288
2.15881
2.47703
1.28199
1.53467
1.93476
2.7768
1.37419
1.46093
0.415339
1.95296
1.4035
2.86439
0.837043
1.47554
1.22149
0.40517
1.57287
1.76488
0.350822
2.96573
2.62632
2.65802
1.13501
2.14924
1.08494
0.599915
2.1166
0.897031
2.21965
0.495749
0.62931
0.460628
1.51656
2.76253
2.59316
2.16744
0.732023
0.31724
2.49908
0.61615
2.05439
2.04046
1.5709
2.34134
1.46247
2.64956
1.89254
1.78163
0.968126
2.32314
2.48703
1.79325
2.02935
1.61072
2.33544
2.14164
2.62162
2.16787
2.72365
1.21269
2.25657
0.451912
2.70357
1.57894
1.03307
2.1178
2.45644
0.258364
2.60991
2.2499
2.74698
1.90459
1.58697
1.16851
1.25319
2.16351
1.58244
0.948473
1.96304
1.83726
2.49413
1.98569
2.02175
1.88981
0.43072
0.751677
0.219996
0.733305
0.403119
2.47191
2.70912
2.63281
1.26071
2.26529
2.93061
2.66597
0.561376
1.68387
0.949156
1.87605
1.26345
2.98889
2.77483
1.25524
0.725358
0.500021
0.461824
2.99624
2.7016
0.958556
2.37424
1.24807
2.02235
2.63743
2.40115
2.01739
2.24461
1.53912
2.31476
1.24721
1.96091
2.0185
1.25336
2.71621
1.65533
2.16565
2.12053
1.9915
0.391925
1.28917
2.08609
1.27592
0.625465
2.63606
2.9771
0.985046
1.61961
2.68537
0.346208
2.0919
2.56197
1.7536
1.00487
1.47776
1.46229
2.0502
2.60863
0.325443
2.52232
2.71861
1.88263
2.19393
1.26345
2.80184
1.47434
1.20927
2.1013
2.07054
0.820978
1.4129
1.25285
2.24956
2.6194
0.501474
0.866097
1.38094
0.685708
1.39812
1.25704
0.662038
0.392694
1.69088
0.743046
2.49481
1.07135
1.97723
0.360564
2.284
2.76526
2.75125
0.952831
0.323051
0.324418
2.87131
1.11698
2.70331
2.02747
2.84602
0.296902
1.185
2.11703
0.775005
1.50963
1.76838
0.438838
0.983422
1.19321
2.30023
1.37018
0.786114
2.66255
2.85559
1.22559
0.620679
1.46212
2.43072
2.72758
2.98513
1.5016
1.28575
1.32933
0.618885
1.86272
1.67327
1.57834
0.564708
1.96518
1.09203
2.70553
0.547703
1.37804
1.60158
0.431147
0.710147
2.76535
1.33677
2.9718
0.73997
2.65187
2.95847
1.83743
1.02828
0.898569
2.37868
1.80649
2.69656
2.37372
0.8978
0.264602
2.72749
2.50703
1.29019
0.697073
1.44068
0.215723
2.97736
0.919932
1.74728
1.88904
1.62457
1.63884
0.623243
1.11809
2.70015
1.12339
2.63828
1.46033
1.13288
1.98278
2.77689
2.52472
1.00726
1.43179
1.99133
2.66503
2.2317
2.23435
2.72091
2.96992
2.91976
1.71147
0.217859
1.43623
0.419526
1.60201
0.916086
1.21354
0.530784
1.76249
2.47934
2.20735
1.04495
0.895407
0.369024
2.72784
1.14817
0.891391
0.366375
2.87293
2.82294
1.57424
1.08742
2.73219
2.58616
2.03525
1.52937
1.09921
1.30233
0.945909
0.484042
1.78026
2.40773
0.834394
0.857552
2.38594
1.08349
0.314847
2.53207
0.695108
1.91681
1.6567
2.40884
1.87622
0.384661
0.880538
2.06909
2.85559
2.1007
1.77026
2.4896
1.51835
1.16005
1.38573
0.252382
1.43187
2.72194
2.46721
1.08417
0.976159
2.76603
0.315275
0.76364
1.97184
1.76044
2.33724
2.43491
1.49041
1.57911
2.64443
0.763128
1.93672
0.805939
0.690664
1.97133
0.289297
2.163
0.33715
1.79453
2.78722
2.40021
2.73236
1.59013
0.749797
0.78526
2.19479
1.44008
1.41897
2.12899
1.28464
2.88507
1.90827
2.88541
1.05418
2.12489
2.94933
0.664089
2.26118
0.726041
0.92147
1.69113
1.53655
0.671267
1.65251
2.15633
1.49015
2.38962
2.87789
1.98611
1.94552
0.604443
2.84602
1.77667
2.48789
2.23777
1.55783
2.22709
0.315787
2.40628
1.72626
1.6091
2.38201
1.54843
1.14527
2.21085
2.21154
2.52019
0.354668
1.69267
1.98517
0.69451
0.4884
2.69169
2.27468
1.10613
1.19389
2.61359
0.818329
2.87421
1.51032
2.5483
1.12356
1.74523
2.39295
2.84755
2.28443
1.38992
2.57035
1.90135
1.60132
0.293997
0.423884
2.05174
0.991198
0.878658
1.97483
2.78022
1.17407
2.08977
2.86772
1.90716
2.62546
2.49156
0.437898
1.74044
2.87994
0.304593
0.949754
1.71079
0.77586
0.623072
2.49301
2.43106
2.8267
2.25059
2.62623
2.71784
0.306815
2.39141
2.85302
0.511386
1.84093
2.83431
0.219654
1.63363
0.481564
2.66759
2.52164
2.51865
2.06601
0.361248
1.4053
1.25627
2.2358
1.45554
1.45443
0.284512
2.5107
1.49118
0.346635
1.86853
0.400983
2.02166
1.36949
1.70335
1.94775
1.34206
0.981713
1.37992
2.87797
0.974364
1.90869
0.24828
0.761846
0.345183
2.85875
1.41923
1.16022
1.09408
1.34813
0.838923
1.74881
1.8499
2.7222
2.57642
1.40761
2.11267
1.85956
1.25875
1.46306
1.67797
0.648537
2.79492
1.26926
0.242897
2.52104
1.92185
2.91711
0.428498
2.33288
1.71395
2.05764
2.05892
2.47806
1.99039
2.02901
2.13275
0.72382
2.56035
0.271523
2.32519
0.254262
1.44153
1.02162
2.05832
1.41025
0.39107
0.469601
1.37633
0.412604
0.685195
1.17048
2.86447
2.15693
1.48562
1.894
0.447212
2.3662
0.530528
2.90258
0.306302
2.19043
1.08725
0.843538
2.95223
2.13907
2.50361
2.04448
2.88994
2.03516
0.696304
0.397308
2.11489
1.47742
1.11416
1.82111
1.47648
2.2993
0.511814
2.28819
2.54787
1.91049
1.67353
1.40393
0.837556
1.4106
0.623585
0.525742
2.98274
0.561034
2.06097
0.209485
1.15937
0.702628
2.55497
1.97073
1.74907
1.70728
2.84132
1.148
2.29767
2.85046
2.75407
1.05717
2.60487
2.09259
0.932066
1.62141
2.78227
0.85627
0.437043
1.06699
1.31566
0.387225
0.420893
0.27195
1.97193
2.38628
2.97975
0.752873
0.584619
2.79953
1.33207
2.68101
2.55907
2.65563
0.859346
2.31169
2.93189
2.43568
2.7445
0.816962
2.2241
1.06486
1.74796
1.50793
1.12442
2.41201
0.658107
1.8341
2.44055
2.78594
0.553172
1.94758
2.55591
1.51493
0.211963
2.62051
0.829438
2.49771
0.211707
0.300919
0.775945
1.21243
0.250502
2.4972
0.664174
0.672378
2.03063
1.27644
0.570348
0.414826
0.641444
0.866012
1.1251
2.01115
1.97971
0.744072
1.39026
0.385601
1.54262
2.20829
1.90417
1.63012
1.33395
1.40855
0.732023
0.202564
0.21897
0.433027
2.55975
0.996411
0.865584
2.23316
0.667251
2.36868
2.21043
1.37607
2.22128
0.413971
0.986157
0.81269
0.72194
0.572741
2.04841
2.24743
2.44396
1.6596
2.2388
0.297501
2.30656
2.80098
0.723222
0.830549
2.0132
1.16868
0.540526
1.26635
2.29536
2.99718
1.10152
0.83072
0.499765
1.77146
2.37424
0.950182
0.95642
2.0743
0.8931
2.173
2.1642
0.978722
1.13091
2.60547
1.83145
2.67503
2.76843
1.45093
0.611194
0.617774
1.40205
1.43768
0.764922
2.88276
2.42534
2.52523
2.9953
1.41854
1.62166
0.274685
0.484127
2.88285
2.20684
0.871908
1.37402
2.14924
2.25819
1.79026
0.328861
2.17291
2.66785
0.480709
0.414142
0.502329
0.357402
2.47729
0.331169
1.32446
2.89259
1.70378
0.645375
1.33104
1.23388
2.3715
2.84473
2.69357
1.16167
2.05379
1.66541
1.43435
2.51352
2.52497
0.524631
1.68139
1.56945
1.55262
2.89455
1.29361
0.925742
1.42897
1.05759
2.14582
1.39103
1.42974
1.88024
1.75838
2.24563
1.58808
1.84093
2.76193
1.19927
1.77069
1.35215
2.48208
0.785943
1.04341
1.41248
1.93313
1.33266
0.915232
2.62649
2.10822
1.23986
0.645802
2.83046
1.65208
1.51169
2.20632
2.16086
0.206153
1.67233
1.87956
0.602991
1.91151
0.806623
2.88797
2.45883
0.957445
2.06302
0.835676
1.568
2.46516
0.754411
1.5539
0.924717
1.79103
1.99791
0.735356
1.3225
0.738945
0.425935
1.74642
1.46845
0.569579
1.51203
1.00376
0.202564
2.69178
0.243153
0.504038
1.25986
1.72591
2.28118
2.09276
2.8132
1.82623
0.546422
1.06059
0.233583
1.74805
0.764495
0.854903
1.10733
1.94988
0.511472
2.09327
2.54394
1.61559
1.29635
1.66687
2.61649
2.48601
0.216919
2.72134
1.56902
1.38581
1.5286
1.3025
0.229566
2.33467
0.261013
0.854305
1.66627
2.12925
0.622816
0.756633
1.12331
2.68366
1.72933
1.69062
1.07622
1.21594
2.19274
2.0185
2.84115
0.368938
0.911386
2.76595
0.377911
0.551036
0.79577
0.994702
0.523521
2.58658
1.16834
0.351592
2.89336
2.56129
2.37595
1.78334
2.88772
1.35257
2.75005
0.403034
1.44187
2.33014
0.255458
1.89699
0.956505
2.9148
1.36189
0.458406
1.84537
1.08443
1.8775
1.63636
1.53929
2.9131
1.08246
1.28669
1.98261
1.83016
2.69801
1.21337
2.26059
2.49054
2.43055
0.686306
1.99398
1.13809
2.42764
2.42517
0.540184
0.954796
1.98218
0.233839
0.83636
2.28007
2.02465
0.876949
2.92326
1.38846
0.73809
2.58188
1.58757
2.11455
1.03649
2.35612
1.15903
1.21004
1.64063
2.1078
0.30109
2.12309
0.892245
1.7548
1.83153
1.28541
1.84127
2.51224
0.411151
1.59594
2.94505
2.9442
0.338432
2.78816
2.11728
2.5677
2.28673
0.96787
1.26336
1.19722
2.82149
0.210681
2.63965
0.416193
1.53664
1.30438
0.97445
0.962743
0.845332
1.32566
1.88947
2.41893
1.66439
2.73758
0.555651
1.78846
2.42833
1.29601
1.52579
2.95343
1.87246
1.85187
2.47678
2.79423
1.82094
0.53668
0.402435
2.36296
2.0173
2.02021
1.79239
0.496005
2.83653
1.92527
2.9354
1.45443
2.31391
0.289895
0.283999
2.37902
0.530442
1.36274
2.61965
0.547276
0.590429
1.21876
1.35232
0.221192
2.42995
2.48481
2.2969
0.271352
1.09297
1.66037
2.45918
1.16663
2.51369
2.32245
1.17236
1.31566
1.24029
2.50096
1.9198
1.7489
0.341423
1.11322
1.78197
0.326896
1.12835
2.54454
0.445161
2.8649
0.934202
2.66195
0.509763
1.55783
2.18522
2.54941
0.234266
1.29754
1.00325
2.45166
0.854903
2.26537
0.575475
2.61367
1.61594
2.59017
0.730143
2.70459
1.84913
2.25947
0.555138
1.31156
2.84115
2.06917
1.89665
1.19329
0.823371
1.20158
2.97642
2.17898
0.225294
1.21773
0.763897
1.4012
2.12566
0.452596
2.54198
2.34971
2.64085
0.599402
0.902329
2.03388
0.987695
1.07186
2.21
2.54138
1.55826
2.9313
1.17167
2.2799
1.34249
0.765178
2.74894
1.99098
0.239479
1.10741
0.850117
0.421491
0.391241
0.983593
1.04179
0.741508
1.27951
1.57287
2.31433
2.59615
1.52083
1.77146
2.74134
0.877377
2.89874
1.84623
2.86909
2.5066
2.37048
1.16518
1.67421
1.1104
1.18483
0.593506
0.926682
2.08267
2.84969
1.94151
1.59603
1.51579
1.08554
1.05195
2.53736
0.291604
2.30468
0.516001
1.89605
1.61824
2.55027
2.20273
0.267849
0.499594
2.63615
2.79167
0.451656
0.227686
1.02239
2.89489
2.83251
2.78201
0.56599
2.55685
2.4332
2.62546
2.28212
2.11848
0.671267
0.784576
2.6552
0.834223
1.45853
1.49981
1.23739
1.02837
1.88118
2.73484
1.46999
1.77915
0.297928
1.63226
0.267336
1.11741
1.29447
1.00231
2.49994
1.92784
1.12869
1.53339
2.71382
1.33976
0.309293
2.21008
1.0247
0.795856
1.73967
2.02867
1.12348
2.58479
1.86905
0.295022
1.3313
2.02696
0.485922
2.59462
2.24059
2.69989
2.99205
1.71968
2.68144
2.29084
1.59406
2.24452
1.94843
1.66439
1.65123
2.03234
2.42824
1.53228
1.21577
2.16454
2.56214
2.91301
1.20372
0.57821
2.28426
0.969066
1.83375
1.69951
2.47054
2.40884
1.17099
2.96086
0.93762
2.84063
1.81538
1.68908
2.92831
1.86717
2.368
2.85242
1.02034
0.706473
2.11805
1.1533
1.19842
1.3289
1.18304
1.95492
2.42448
2.29485
2.1436
1.3289
0.844307
1.88383
1.00752
0.911301
1.56988
0.900363
1.54296
0.255116
2.77176
1.74429
1.61585
0.366118
2.22145
1.73377
2.37116
0.309635
2.22111
2.46832
2.89447
0.976586
1.45597
2.41901
0.391327
0.694424
2.90993
2.93335
0.522239
2.37338
1.17945
0.442512
1.9304
2.87182
0.724674
0.659304
1.59987
1.07186
0.394488
2.35168
1.88263
0.950182
1.36334
0.482589
1.42948
1.33283
1.81735
1.10237
1.26533
1.82051
1.92707
2.57924
2.64435
2.57342
2.04473
2.75877
2.72297
2.24144
0.862679
0.63777
1.0887
2.52814
1.67174
1.74044
0.781927
1.27584
2.6552
1.38385
2.84747
2.15967
1.75847
2.62179
0.455245
0.476693
0.469173
1.05264
2.42559
1.12006
0.647426
1.67994
2.59761
0.222816
1.14185
2.81286
0.478146
0.561461
2.33074
0.99342
0.809186
0.604871
2.92446
2.33988
2.28981
2.09712
2.76714
1.89049
1.09143
1.26131
1.57509
0.339286
2.60453
2.91216
1.74941
2.94753
2.6511
2.96437
2.40056
2.82055
1.60526
1.02478
1.12143
2.53753
1.45469
2.55582
1.84854
0.719974
1.64379
2.29707
0.545396
0.328605
2.53395
0.833283
0.249989
1.67456
1.52015
1.19594
2.0191
0.532579
1.83982
0.985815
0.911216
1.94518
2.31263
2.50421
0.742705
2.90293
2.04764
0.379962
1.15595
2.09028
2.35698
2.78116
1.53655
1.08349
0.711344
0.895749
0.51771
1.98885
0.976672
1.57372
2.00799
2.30724
1.1686
1.41248
0.881906
0.414484
2.56232
0.377654
1.26858
1.24396
1.3953
0.444734
1.37795
1.95843
1.40103
0.548216
0.601111
0.399615
2.81013
0.528477
2.02183
0.502927
0.456868
2.96095
1.67746
1.46392
2.62948
0.356719
2.10754
0.84499
2.49985
1.02264
2.32493
1.20936
0.572057
2.6658
1.7501
2.86977
1.58586
0.632814
1.04392
0.339372
0.31348
1.47067
