0.360479
1.37402
0.235292
2.48934
0.984362
2.61683
2.70135
2.69844
2.56616
2.95266
1.72429
1.71583
0.723051
2.45037
1.33711
1.32369
0.265542
2.40808
2.25742
0.934971
2.45858
1.92023
2.7351
0.999487
2.15292
1.23175
1.44042
0.290408
0.476693
0.416449
0.379449
1.50869
0.971459
2.91694
1.62346
1.84307
0.462337
1.28361
1.44187
2.52258
1.34993
2.25093
0.82414
2.80056
0.609656
1.28729
2.37962
1.20508
1.78838
2.95719
1.40154
0.296902
2.48344
2.832
2.68417
1.36804
0.793805
2.08789
0.879
2.12267
1.22952
1.32788
0.779363
0.575219
1.96663
2.76569
1.31831
1.4041
2.73647
0.90831
2.87037
2.79791
1.23593
2.07618
0.842256
2.03294
0.545824
2.49669
2.74151
0.618372
1.04614
1.70993
0.908908
2.44644
2.11369
0.62367
2.50506
2.5859
1.09237
2.15471
1.33454
2.15642
0.820893
2.99479
1.49972
2.12036
2.00688
2.83781
2.66734
0.229737
2.93471
2.80696
0.938902
2.76757
2.39432
2.61786
1.91049
2.51745
0.318949
1.81632
1.90921
1.80367
0.418415
0.627515
1.19586
1.23448
0.896091
2.95505
2.31878
2.19
2.73758
0.265371
1.40778
2.4896
2.05704
0.498483
1.19594
2.47772
1.59056
2.33818
0.355608
0.964879
2.22239
1.38282
1.93749
1.06221
1.23286
1.35275
1.09818
2.54565
2.95403
2.07157
0.507028
0.788421
1.32241
1.75881
2.41628
2.49977
1.615
2.17317
0.58385
2.70493
1.65576
0.940611
2.23683
0.407562
2.58146
1.60833
2.46088
2.96881
0.253407
0.559325
2.80594
1.44179
2.20282
0.926853
2.09319
1.30036
1.59671
1.44529
0.812348
1.19671
0.713138
1.97509
0.296561
1.38804
1.41265
1.63995
1.66131
1.66823
1.89212
0.512754
2.49635
0.442683
1.2109
0.388336
1.89733
2.38347
0.475411
1.58065
0.624781
1.50254
2.16907
2.48131
1.37804
0.280325
2.11643
1.61756
1.57073
0.887631
0.768511
0.547105
0.397479
1.13741
0.296561
1.7272
1.37701
1.205
2.98129
2.49464
1.35992
0.5536
2.58667
1.69601
0.389618
2.3028
1.00453
0.504294
1.00248
1.67755
2.65759
2.75962
0.555736
0.975219
2.14805
1.9715
1.16962
2.4878
1.64115
2.32074
1.67242
2.21735
0.668703
1.99791
1.73548
0.221876
0.441487
0.215809
2.18488
2.82952
1.75779
1.03401
0.878231
1.75685
2.19556
2.53249
1.73471
0.572228
2.47575
0.47148
2.70314
0.737919
2.48404
0.576672
2.65905
0.870797
2.43884
1.38488
1.41572
2.65905
0.892587
0.589831
2.03807
1.47016
2.25495
0.824226
0.845759
2.69203
0.32288
0.616065
2.29425
2.63914
0.90925
2.45712
2.12027
0.266567
2.45294
1.31942
1.14014
0.925486
0.50062
2.36065
1.48725
2.79996
2.14847
0.350908
2.87746
2.8608
1.52724
0.363982
1.08896
1.77624
0.423798
1.0658
0.644777
2.61444
2.72228
0.540611
1.8852
2.37671
2.35313
1.99098
2.41679
1.99902
2.64042
0.849776
1.12724
0.258791
2.73066
0.64153
2.75193
2.82474
2.99359
2.72972
2.78073
0.686477
1.48195
0.488913
1.09143
2.40389
2.53659
1.43888
1.69934
1.60944
1.22534
1.47716
2.20752
0.605811
1.10348
1.94886
0.348259
2.2928
0.982141
2.09062
1.60167
1.66182
2.59325
1.58611
2.07789
1.09724
2.8379
1.77095
0.653493
2.31921
2.90583
1.02435
0.546422
2.00816
0.753301
0.88464
1.11886
2.74646
2.02781
1.62687
1.69438
1.91579
1.92519
1.03956
1.3783
0.987695
1.06887
0.338176
2.66708
0.64452
2.29733
2.95283
2.83551
1.76778
1.04734
1.72702
0.488571
2.93283
0.221534
1.86734
1.26593
0.446101
0.626234
2.37783
2.48541
1.16287
0.668532
2.91976
2.3151
0.922495
1.1991
0.832942
2.05926
0.440205
1.58876
0.456612
2.34698
0.290835
2.52617
2.28579
1.01077
2.02354
1.62354
2.50293
1.84238
1.84435
2.91993
1.22149
2.81329
1.10417
1.16586
2.37791
0.947618
0.429951
1.1815
0.810468
2.03568
1.736
2.37142
1.06306
2.37304
1.75343
0.286392
1.84982
0.7163
1.31506
2.51933
1.91929
2.04072
2.83345
1.62038
0.455672
1.28635
0.609058
0.323222
2.95377
1.08383
0.806708
0.965392
2.90566
1.24294
2.93745
1.19261
0.637172
2.79474
2.08276
0.235463
1.63055
0.772784
2.50062
1.84298
2.4714
2.92301
1.04802
1.36308
1.95715
0.925913
1.05999
1.85717
0.705789
1.32438
1.12117
1.9345
1.59987
0.738432
2.56778
2.99641
2.40551
1.35915
2.5577
0.975903
1.3031
