0.372527
1.66704
1.47392
1.30549
2.48336
0.244777
2.93753
0.342619
1.63499
2.7627
1.18082
1.87768
0.868319
1.64678
1.67815
0.62931
0.803375
2.90822
0.584021
0.571972
2.40269
2.80209
1.90434
1.5733
2.60889
2.66529
1.3348
2.0273
0.793976
2.51771
0.205811
0.771758
1.75847
2.21709
2.36937
2.57676
2.41585
1.1527
1.46665
2.09079
1.10271
2.86695
1.01384
0.934288
2.6499
1.59167
1.94364
2.02602
2.15266
1.88665
2.83892
2.23042
1.77812
0.768169
0.697244
0.214014
1.54672
0.314933
1.06409
1.39795
1.62517
2.53839
2.97026
0.493271
1.8687
1.30592
1.11314
1.90852
2.55035
1.50382
1.51818
2.51472
0.413971
1.82743
0.718094
2.65768
0.789703
2.1859
0.288443
0.702713
0.707498
2.90985
1.17458
0.601538
2.94864
0.748344
2.05063
1.7665
1.97056
2.04388
2.14565
0.742363
1.64371
2.07122
1.97543
1.96056
2.93788
1.32959
2.41722
2.66477
1.89485
2.17411
1.16501
2.49575
0.425251
0.574535
1.00256
2.82123
0.267763
0.389532
0.932322
1.50023
2.24657
0.54232
1.39684
1.3683
0.766033
2.08695
0.231019
1.7307
1.28037
2.35108
2.18197
2.3527
0.273232
0.745012
1.83486
0.432685
0.288101
0.221534
1.98116
1.64704
2.3451
0.976415
2.06764
0.552318
0.680667
1.17612
1.96347
1.83563
0.551634
1.30019
0.482589
1.29635
2.83559
1.68661
0.299039
0.850716
1.36984
1.0658
1.4928
1.64388
1.16415
2.47327
0.963341
1.95843
2.62512
0.726212
2.34971
2.80679
1.92929
2.65298
0.491818
0.294168
0.283999
1.0617
1.07392
1.2408
2.21179
1.23747
0.284768
1.94937
1.1962
1.35292
1.93424
0.206665
2.82807
0.382183
2.462
2.80679
2.58675
2.10446
1.67755
0.681008
1.99722
1.98449
0.467379
2.72664
2.69801
1.11852
1.30857
2.41679
0.5583
0.432087
0.823969
1.8828
0.582397
2.51805
1.4194
1.15475
1.93749
2.30152
0.437812
1.64824
1.84401
2.32015
0.669301
1.58441
1.26482
0.206409
0.653749
1.6314
2.33108
0.959838
0.214441
1.25448
2.84234
1.59645
2.05926
1.26191
2.97821
0.763213
2.88746
1.43461
1.56005
0.505063
2.43944
0.32664
2.59829
2.37107
1.52698
2.92532
1.06435
1.44854
0.681606
1.2555
2.22504
2.91207
1.25789
0.819697
1.47443
0.274001
1.03034
1.95749
1.40487
1.52638
2.92044
0.61427
1.44956
0.358171
0.891562
1.60654
0.439265
1.03922
0.849947
2.46952
0.606494
2.55548
1.38778
2.57753
2.97727
2.98411
0.607178
1.22115
2.28665
2.4966
1.46247
2.93224
2.15668
1.57612
0.657082
2.14095
2.6728
0.8373
0.734758
1.8552
0.697244
1.83598
2.39936
2.04772
2.65708
1.25636
2.70442
1.23978
0.542662
0.262722
0.947191
2.96838
0.457466
1.8041
1.50596
0.624012
1.25234
0.857637
1.45785
2.34843
1.38556
2.00098
2.61419
2.27648
1.5439
2.09754
2.21196
1.81342
2.76321
0.485922
1.89793
1.23226
1.18535
2.45815
0.443025
0.879769
1.58987
2.81508
1.42538
2.27904
0.437043
2.08763
1.31762
0.815253
2.56018
0.209485
0.418586
2.29289
2.64435
0.629994
2.06456
1.85076
1.23046
0.45439
0.558214
2.32425
0.379278
2.39876
1.65465
2.14035
1.13664
1.74728
0.437983
1.83384
1.13322
0.89968
2.43089
1.27268
0.460799
1.89596
1.56971
0.278701
2.95864
1.50519
0.88746
2.73228
1.44905
0.867721
0.737663
0.447896
1.26123
1.07691
1.20004
1.30934
0.577697
2.2875
2.30357
2.34886
1.54288
2.93984
1.10502
0.262038
1.47152
2.68588
2.86097
1.64277
1.69301
2.80517
0.529246
2.22658
2.97043
2.09814
1.44008
1.03093
2.63102
1.64422
2.17026
1.87827
1.54638
2.41235
1.66268
0.990686
2.49865
0.711429
1.22499
2.74288
2.4714
1.86793
0.2464
0.661098
2.40209
1.11835
0.670412
2.15676
0.533775
2.50412
1.05973
0.479086
1.30387
2.35646
1.69267
0.37868
0.306046
2.55821
1.52647
0.965307
2.46558
2.57103
2.86704
0.250331
0.361846
1.81419
1.7806
0.460115
0.63965
0.584277
2.4872
0.207263
0.242982
0.301175
2.97086
0.209314
0.411664
2.46943
1.24567
0.239735
2.17684
1.54176
0.31536
2.80073
1.29267
1.87298
2.46268
1.20397
1.94347
0.75031
1.70669
1.14894
2.76108
1.28934
1.46631
0.282717
2.49276
2.78193
1.86597
2.83269
1.2549
1.48374
0.522153
2.1965
2.71169
2.63016
1.64807
2.97958
1.51451
1.06546
1.7131
1.36437
0.541551
1.27592
2.49601
0.90267
0.27383
0.611621
2.96847
2.21487
2.04508
0.886093
1.24567
1.68643
1.10357
2.9407
2.84431
2.04713
2.82354
1.76138
2.08079
2.72228
1.60252
1.13536
2.85294
0.841572
0.583935
1.03504
0.837043
1.59483
0.540269
1.91664
1.74249
1.62089
2.45653
1.52151
0.457381
2.9178
