0.369964
1.80111
1.73565
2.39979
2.95104
2.82499
0.543858
2.59385
2.93694
1.89075
1.29455
1.84375
0.642555
2.92198
1.41145
1.29558
2.57924
2.73843
1.9762
2.08054
2.02371
2.0966
1.55723
1.77881
2.57855
2.56061
1.74762
0.556761
1.50904
0.840632
0.698013
1.31677
2.24495
2.03798
2.73424
0.795257
0.834907
1.83128
0.745097
0.748515
1.74053
1.04495
1.42999
2.56214
2.15779
2.63495
2.49079
0.421577
0.253066
1.32933
0.258876
0.783807
2.9025
2.76296
1.24328
2.08353
1.51938
1.14185
1.28584
1.61474
0.760906
2.67571
1.01401
2.7245
1.49844
1.41606
1.67703
2.45413
0.440376
0.337321
2.45234
2.76937
2.99539
1.0981
2.11156
0.312882
2.56197
2.1207
0.932066
0.619996
1.23422
1.22611
2.94223
0.531809
2.70878
0.461739
0.387481
1.54732
1.9821
0.960094
2.10609
0.647682
0.624952
2.26452
0.899081
1.73352
2.22213
2.3615
0.385772
2.61094
2.76364
1.65533
2.02935
0.664174
0.576928
1.52314
2.82055
2.953
1.38547
0.688186
2.30895
2.67075
1.08246
2.44858
2.26648
2.9031
0.207178
2.39885
0.472591
2.02217
1.911
0.481991
1.10827
2.05576
2.60009
1.40974
1.24533
1.96774
2.64452
2.48789
1.11997
0.787909
1.538
2.88481
0.477548
0.528819
2.09865
2.58052
0.675369
0.226063
2.09635
2.63375
2.832
1.84127
0.695535
0.204016
2.10968
2.56334
0.900192
1.16731
2.01884
2.64734
1.78804
1.7618
1.22995
0.526768
0.922922
1.30156
1.98227
1.53835
0.732023
2.99615
0.976159
0.79483
2.83448
0.512497
0.636061
2.94634
0.910874
2.51814
1.63243
2.96394
0.899765
0.441231
0.549583
1.88656
0.708524
1.68729
1.1874
1.2661
0.227345
2.74809
1.78376
2.64973
1.83264
2.04115
0.245717
0.636146
2.1677
2.51762
2.07712
1.44401
2.58855
0.274941
0.288699
2.32878
2.66161
1.61329
1.58133
2.98727
1.30207
0.371502
0.885238
1.08545
0.738688
2.7821
0.947703
1.04913
1.49383
0.880709
1.45272
2.25238
0.365947
1.30925
1.16279
1.34369
2.00184
2.14924
1.96834
2.8467
2.84602
2.22299
2.33433
2.77107
2.85524
2.70041
2.62948
0.974364
0.965392
1.44888
1.42717
1.40966
1.69789
1.56355
2.46499
2.79739
2.89361
0.915146
2.94958
0.459004
0.361589
0.954027
2.49618
1.85042
1.83076
1.60671
0.588464
0.93104
1.98996
0.902841
