0.377825
2.3175
2.47712
1.17313
2.42944
1.02
2.39064
1.19013
0.442085
1.18099
0.940696
1.9492
0.411493
0.510276
1.30788
0.778253
2.34339
2.02217
0.756291
2.36518
1.33617
2.73595
1.08135
1.7618
1.11724
1.01957
2.32997
0.776116
0.217945
2.01354
2.27802
1.48802
1.97603
1.97295
0.354753
0.426447
2.95343
0.964623
0.50079
2.74646
2.55633
2.35783
0.446529
1.54219
2.44439
0.944713
1.09989
0.435163
2.11822
2.12993
1.1298
2.17308
1.27114
1.2238
2.03328
2.17864
1.29336
1.68037
2.77381
2.18479
2.51634
1.31506
0.877804
1.6943
0.783551
2.94001
1.47827
2.00115
2.33783
0.85533
0.790387
2.91053
1.80897
2.43388
1.50981
1.69652
1.0928
2.63469
1.41854
2.43311
2.70673
1.48648
1.48725
0.437471
2.2106
1.97552
2.76142
0.362615
2.87951
2.77629
1.91792
1.8758
1.61653
1.66311
2.3809
0.262038
2.89344
1.63986
0.483358
0.289468
1.30515
2.02465
2.76261
1.07323
0.727323
2.92754
0.275796
0.676308
2.26383
2.55915
0.826276
0.584704
0.970519
1.80709
2.98342
2.79483
1.94587
1.11724
1.58757
2.04866
0.571374
1.31916
1.0264
2.35732
1.89442
1.83076
2.76834
1.54775
1.53595
2.28169
2.24349
0.97163
0.315445
0.992224
0.757659
0.91301
2.97633
1.9445
0.327152
2.43354
0.401752
1.28498
1.12305
1.3906
0.508737
1.39419
0.210083
0.968639
0.805683
1.16253
2.87114
0.458748
1.40282
2.10865
0.400726
0.624952
1.86306
1.3783
1.25875
2.99564
2.27913
2.86174
2.26939
1.41495
2.36646
0.665456
0.753813
1.99586
2.15796
2.57821
1.48426
2.60752
0.888656
2.96642
1.74617
1.63824
0.458065
0.73809
0.797137
0.77022
1.65644
2.61248
0.208716
1.50263
2.34467
0.931639
2.17983
2.16197
2.57317
0.653835
0.308267
0.736979
0.628028
0.763811
0.709378
1.87451
1.79299
1.9392
0.76646
2.57513
1.41205
1.70916
2.60461
2.52506
0.443965
1.34488
2.57069
2.4032
1.09246
2.51634
0.211536
2.4984
1.50186
1.15552
1.63482
1.37736
1.50545
1.36274
1.94023
1.33873
2.01286
0.792779
2.81081
0.790985
1.62585
1.15945
2.34937
2.6928
1.06768
0.895663
2.04884
2.39167
2.21598
1.20585
1.58338
0.800555
1.12467
2.14993
1.10878
0.647938
1.02367
0.394061
1.35796
0.939158
2.6834
1.66789
1.62098
0.567785
0.93104
0.763897
2.69579
1.0135
0.707926
0.917966
0.897116
2.26435
0.252724
0.207434
2.61265
1.49964
2.40064
2.80483
0.691177
2.67392
1.58432
2.32399
0.953514
1.736
1.92502
0.698013
0.910532
0.423115
2.80081
1.42393
0.578295
2.1665
1.67968
1.41307
0.676565
1.04589
1.00521
1.48468
0.897971
1.33189
1.72156
0.940013
1.13612
2.95078
1.02666
1.85435
1.56005
1.6126
2.13941
2.52386
1.62175
0.537791
0.469344
2.90669
2.28511
1.32053
1.57706
1.49348
0.363298
1.66635
1.71045
0.846101
1.65242
1.14142
0.307157
1.24217
2.54847
0.671523
0.448665
2.46208
0.435847
2.52694
2.25443
1.5568
2.13395
2.13198
1.20303
1.03375
1.08998
0.836702
1.96902
1.29763
1.80598
2.98693
0.960949
2.98488
0.5859
1.23115
1.35018
1.42794
1.09195
0.20282
2.57676
1.68823
1.79718
1.31284
2.91959
2.7938
0.220765
1.59175
1.92015
2.02064
1.4358
2.11916
2.04465
1.45375
2.93412
0.577013
1.97466
0.467208
2.13822
2.66452
0.51207
1.15851
1.44691
1.7119
0.686221
1.97671
1.10109
0.432087
2.25144
0.980602
2.35903
1.74557
2.96129
0.765349
2.86729
0.616834
2.40833
2.89404
1.11545
1.84119
0.815424
0.672207
0.261867
0.51677
0.56787
2.90387
0.217859
0.542491
2.87199
2.26366
1.87819
2.2758
1.72856
2.12634
1.18509
1.09135
1.20996
1.48802
2.51344
0.775347
2.22512
1.4182
1.06417
2.29477
1.56321
2.68024
2.9548
2.67733
2.60205
1.95629
1.8916
0.942064
2.06815
1.11647
0.715445
1.01547
2.63743
0.567443
2.30391
2.9724
1.76266
2.31946
2.12062
0.538133
0.916086
2.20846
2.09848
1.39111
2.43439
2.51207
2.543
1.40026
1.75317
1.99492
2.94505
2.13813
1.01914
0.22273
1.98928
2.80543
1.46717
1.18176
2.44619
2.70417
0.549242
2.6405
2.83559
1.39821
1.60389
1.09272
1.14826
1.8981
0.452254
1.51835
0.913865
1.20654
1.50981
2.99957
2.90267
1.56467
2.59932
2.62957
0.747661
1.53356
1.05503
2.75245
2.97642
0.251015
2.30323
2.3709
1.73779
1.99979
2.3075
2.55915
0.313224
1.2244
0.667251
1.11852
2.89865
2.3357
1.75548
0.714847
0.34467
1.23884
1.88374
2.93198
0.943858
2.52352
1.08203
1.28208
2.75065
2.05285
1.08186
1.60876
1.32258
0.489596
2.8878
1.71993
2.17069
2.6963
1.92698
0.689639
0.204956
1.34676
2.56428
0.464217
1.86477
0.487631
2.36817
0.212818
1.81863
1.78599
1.51792
2.05695
1.12425
0.801154
1.73719
0.61897
1.1339
2.81901
2.54309
0.225721
1.23294
1.98415
1.19697
1.40547
1.90049
0.470455
1.34565
0.514206
1.97774
0.224097
0.339628
2.93164
2.83303
2.02004
2.21641
1.26088
2.70998
0.365947
1.13544
2.97291
2.34698
0.594531
1.85426
2.92942
2.35578
1.87904
2.43072
2.02585
2.24478
0.510361
2.94044
0.988037
1.17765
1.97449
1.79675
0.562914
1.95159
0.965221
1.46067
1.53937
1.48511
1.87246
1.92784
2.23692
2.90139
2.48088
0.98009
0.900021
1.69549
2.21914
1.99013
0.635463
0.67272
2.49481
0.665285
1.93023
0.54514
1.65405
1.91955
2.78654
1.27481
2.50284
1.85896
2.71374
0.25016
1.3272
2.87097
2.61196
2.78364
1.55099
2.40235
2.38722
0.217518
1.36642
1.01555
2.33322
1.12715
1.27789
1.10921
1.72019
0.905747
0.494125
2.69066
0.625379
0.42226
2.90711
1.18928
1.24473
1.03623
1.59517
2.09669
0.722282
2.66007
1.78863
1.42145
2.53497
2.15369
0.833283
2.74681
2.0708
1.94168
1.89186
0.277419
1.43674
0.937535
2.31886
1.4646
0.735698
2.86499
2.64751
1.79504
1.24755
2.86268
2.32587
2.13301
1.35454
1.45965
2.93967
0.801666
1.04606
1.21013
1.85905
0.392352
1.44213
1.47349
2.64794
0.687844
1.17176
2.62863
2.77116
0.889084
1.24508
1.60867
1.73993
2.13053
0.65486
1.24499
1.43016
2.674
2.74698
1.30694
2.51335
1.96646
0.595642
2.12523
2.33638
0.350737
0.622388
2.68622
0.987951
2.21589
2.29451
1.68541
1.2896
0.974535
1.54236
0.226234
1.04802
1.25584
2.93147
0.65298
2.50669
0.700064
1.8282
0.204614
0.934373
0.743474
2.79568
1.97723
2.48797
2.38039
1.85708
2.68263
2.48661
0.289639
1.66558
2.09028
2.23529
1.31489
1.21602
2.04106
1.13527
2.28255
1.13809
0.718351
0.218458
0.748601
2.60684
0.46661
1.44409
1.66037
1.70874
1.24243
2.49327
1.11946
2.10096
0.787396
2.20214
2.6358
0.200855
1.60927
2.36774
2.25777
2.14386
1.05905
1.46605
0.768596
1.54587
0.992224
2.41987
1.73395
2.50993
2.10053
1.9521
0.389618
2.91233
2.60256
0.46473
0.557274
2.80714
2.78039
2.77851
2.97402
0.585986
1.4499
1.07186
2.22461
2.53155
2.65221
2.75757
2.8643
2.79979
1.85341
2.23204
2.31792
1.47221
0.74091
1.2379
1.5445
0.912583
0.302713
1.97466
2.25383
0.466012
1.67874
2.0966
1.26311
2.54001
0.869088
2.53489
2.38124
2.5019
1.19081
1.28122
0.406708
0.63307
1.56586
0.870968
2.43012
2.97565
1.33155
2.70254
1.8235
1.70891
2.0596
1.93142
0.909934
2.69502
2.27024
0.875924
0.496091
1.22935
1.93125
1.47195
1.85802
1.63397
1.427
0.314249
0.96599
1.33164
0.686734
2.82294
0.937962
1.4376
2.75894
1.66986
2.90634
0.907285
2.31844
0.406366
1.28823
2.67665
2.59598
2.22632
2.44533
2.83251
2.01525
2.80355
0.320316
2.45225
2.42662
2.34134
0.839778
1.94723
2.62435
2.97137
0.667507
0.750652
1.03435
1.03837
0.899081
1.38513
2.06165
2.01038
0.483102
1.54817
2.38295
0.349199
2.35766
1.25345
2.0731
2.48165
2.28887
0.2652
2.85294
1.60585
1.79915
1.66234
1.94518
2.07362
1.17338
2.37159
2.62726
2.08285
2.72946
0.504721
2.36637
1.62004
2.741
0.340739
2.02722
0.389447
2.20051
2.78611
2.63743
2.2664
0.809442
1.35497
2.39876
2.21196
1.58338
2.30399
2.43294
2.98752
1.65909
2.15967
0.347661
1.20543
2.29195
2.87763
2.51198
1.25456
2.43063
0.66802
0.526511
2.23666
0.456185
0.728007
1.57902
2.45268
2.07421
2.31613
2.16966
2.97565
2.94591
0.807306
0.495065
1.64738
2.84738
1.56697
1.37958
1.03786
0.343474
2.67853
2.63837
2.1025
2.36373
2.96582
0.763042
1.47699
0.468148
0.744926
2.01534
0.546678
1.3912
0.544456
1.21662
2.22666
2.04909
1.63072
1.12177
0.791412
2.20077
2.37629
1.06298
2.29237
0.948387
2.70946
2.55351
2.49754
0.264687
2.28041
2.53642
1.8946
0.935569
1.78445
2.36757
1.49246
2.90498
2.27682
0.419184
2.95992
1.00974
1.51869
1.99278
1.63773
2.09173
1.79094
0.427216
1.56381
1.27413
0.213672
2.29126
1.84606
2.19171
1.20833
2.94634
0.322965
2.1589
2.54018
2.16872
0.24828
1.86691
2.97932
2.51754
1.53698
2.5947
2.61675
1.73591
1.51092
2.92267
1.87349
0.273745
0.680837
2.73621
1.04033
1.61918
2.10301
1.30626
0.785003
1.3254
2.64708
2.83542
2.6658
1.22175
1.11357
2.25546
1.68669
2.69605
1.938
1.06537
0.735014
1.53442
0.218714
0.79671
2.53489
2.6088
2.40765
1.4934
0.557445
1.29652
1.19868
0.39389
2.92412
0.322025
0.954283
1.40419
1.5392
0.506943
1.00521
2.54651
1.6919
0.515574
2.36261
2.77415
1.96279
2.88515
1.17877
0.937962
0.473446
2.62615
0.895407
0.293655
1.31703
0.481735
0.815339
2.53471
2.0062
0.333476
1.4364
1.94176
2.97676
2.03995
1.08426
2.83371
0.38432
2.39688
1.78214
0.908396
0.431916
1.50596
1.69481
2.06157
2.4643
2.04003
0.484042
2.469
0.268447
1.49058
0.513694
0.72288
2.01816
1.28797
2.24102
2.20684
0.696646
2.07934
1.93228
2.49857
1.83948
0.652467
1.24097
2.38731
1.23157
2.5941
0.383551
2.09395
2.59769
1.76813
1.25371
2.08079
1.52288
2.30374
0.609485
2.83807
0.442085
0.57821
2.47285
0.236402
0.533775
2.8849
1.87819
2.43115
1.75762
1.87067
2.70775
0.505576
1.67174
1.43333
2.15104
2.84371
1.86879
1.96424
1.72608
1.01504
1.46708
2.02465
2.6
2.36475
0.494552
1.14382
0.345781
2.69058
1.0035
1.02495
1.27456
0.600085
0.75313
1.04725
2.67759
2.53036
0.897458
2.1524
1.11921
2.42115
2.9166
1.00068
1.9163
2.62828
2.22777
2.48746
1.54065
1.26302
1.3154
1.70438
2.88438
1.3477
2.21547
2.63452
1.52442
0.572997
1.19346
2.26913
2.92292
0.244777
1.45324
1.83222
0.302713
0.609229
2.31254
1.80188
1.13442
1.54176
0.285452
0.41474
1.17159
0.988977
2.50694
2.74194
2.37483
1.75027
1.13775
1.22277
1.65755
2.18684
1.58825
1.94638
1.99577
1.04529
2.79654
1.56424
0.835249
0.383721
2.80021
0.326554
1.73677
0.387994
0.638539
0.925315
1.39453
0.86473
0.622901
0.233924
0.767144
0.399701
1.21141
2.0314
0.857466
2.36817
2.52822
1.79573
1.07879
1.985
0.762102
2.45806
2.74604
2.78321
0.683657
1.00094
2.02773
0.305191
0.517454
1.99192
2.89857
0.99906
2.80782
0.736552
0.826704
2.90199
2.71391
0.541636
1.33745
0.503183
1.77436
1.17321
1.7871
1.97048
1.37633
0.598975
0.486435
0.729545
1.5674
0.30126
0.711429
1.58312
1.44871
0.24922
0.937364
1.35719
1.5856
1.81666
0.435249
1.86272
1.8734
1.93305
0.367486
2.75877
0.897201
2.3568
1.51963
1.70617
1.42076
0.556249
1.20705
2.59863
2.84465
2.88678
1.69293
0.457808
2.06883
1.35181
1.8558
2.5818
0.399017
2.23495
1.24328
1.33266
1.53313
0.290237
2.25076
2.95198
1.06537
0.779107
0.360906
2.59026
2.94651
2.64059
1.38325
1.54006
1.73659
0.282376
2.42995
1.65764
2.4884
1.28139
0.765862
2.96274
0.298611
2.67913
0.870797
1.00308
2.56496
1.56176
2.65007
1.57082
1.98517
2.21077
2.73254
1.7595
2.9383
0.312027
2.99274
2.5477
0.881906
1.71181
2.23461
1.89793
0.606494
0.205127
1.57415
2.75774
0.981799
2.64623
2.25947
1.75061
1.23354
0.666994
1.26447
1.34463
1.18928
2.49242
2.59462
2.88507
2.92831
1.73796
2.04149
0.880111
0.275198
2.28007
2.52463
0.32664
2.77458
1.28336
0.957274
1.86238
2.18163
1.87554
0.973681
1.73318
0.910959
2.35475
0.856014
1.76394
2.07601
2.61829
2.59752
0.717154
2.16044
2.70058
2.6405
1.43085
0.756548
0.506088
1.82538
2.31997
1.20987
2.8273
0.689639
2.03081
2.60632
0.731767
0.852767
2.63504
1.73993
1.81034
1.02598
0.951207
2.69836
0.368596
2.78338
0.981286
2.30451
0.454817
0.632301
0.648451
2.25007
0.806366
2.321
2.62675
2.16069
0.606751
0.71912
2.44567
2.02807
2.33749
2.01201
0.861739
1.84837
0.613929
0.74185
2.08114
1.70293
0.492587
0.837642
2.8226
1.31985
0.936509
1.16791
1.00726
2.35356
0.926939
2.75604
1.0646
1.21944
0.308438
0.994018
2.63871
0.922153
2.45584
0.394147
2.88626
1.71352
2.04832
1.21337
1.95057
1.81906
1.44102
1.09066
2.60171
1.66977
2.51985
0.232728
2.0273
0.876949
0.726383
2.88729
0.365007
0.987268
0.94326
0.839607
1.56091
0.455928
0.723734
1.67157
0.343303
0.475668
2.55633
0.719547
0.899252
2.49814
0.64922
1.46905
2.23999
2.08567
1.12485
2.92352
1.44478
1.93211
1.50887
2.68511
2.96855
1.08776
2.40406
1.48443
1.20278
2.82807
2.43457
1.89724
2.87567
1.00265
1.74907
0.985046
0.479769
1.30207
1.56996
0.397565
2.51498
0.880624
2.67622
2.8749
0.932322
2.37116
1.5069
1.88485
1.17013
2.5313
0.773894
0.537107
0.764837
0.757317
2.47063
2.10643
2.72869
1.30327
2.96351
2.70656
2.87849
1.2432
2.8561
1.25063
0.905063
2.41397
0.910105
1.23576
2.36954
2.9759
1.51391
2.68913
2.61453
1.22893
2.18385
0.813117
0.977783
0.921982
1.78641
0.868575
2.69596
0.292032
1.57039
1.42974
0.884896
1.67242
0.493185
0.353471
2.38586
1.50502
1.73241
0.796283
0.262893
0.396796
1.06742
1.61816
1.54151
1.45657
2.02012
2.71092
1.77291
2.94856
0.441401
1.18842
1.01461
1.10305
0.232044
0.575561
0.412775
0.718949
2.88319
0.534373
1.17441
1.79735
1.72668
0.463961
1.11656
1.84247
1.98141
1.31258
2.18137
1.66892
2.28263
2.53847
1.70224
1.15108
0.782525
0.957787
0.410639
0.753471
0.710062
2.41696
2.77022
0.879086
2.87592
2.62564
0.625294
0.872677
2.01149
1.29045
2.55223
0.917795
2.42969
0.284256
1.89998
0.263576
2.69263
2.3903
1.90904
0.620081
1.17731
0.557274
2.09413
2.55873
0.223328
2.20504
2.67973
0.955394
1.95304
2.91532
1.27558
0.915232
1.44888
1.6479
2.17941
1.41393
1.178
2.6182
1.29413
1.69532
1.95022
0.773638
0.648024
2.86182
2.6963
2.40765
1.50451
0.895151
0.755693
2.2464
2.04884
2.34552
2.56035
2.14899
1.84033
2.92532
2.8015
1.15578
2.61649
2.24674
0.767656
2.82371
2.03713
0.539586
0.742448
0.385345
0.755864
2.98684
0.746294
2.47114
2.60624
2.71562
0.513694
1.12878
0.290237
1.68165
2.19069
0.881137
1.95757
1.28379
1.04076
2.15753
1.46016
2.34638
1.24772
1.83632
0.873788
2.30741
0.901047
2.23794
2.07105
1.24969
0.853023
1.70352
0.33339
1.81222
1.13459
2.8984
0.392352
0.619227
0.416449
0.7768
1.084
1.06597
1.40496
0.346464
2.60615
0.295706
1.25798
0.969323
2.16599
2.60855
0.710233
2.93651
1.20449
0.93762
2.5941
1.05546
1.18594
1.03102
2.64409
1.38599
2.73929
1.97629
2.0731
0.662893
1.94006
2.10583
2.80645
0.943431
1.31942
2.72015
0.86191
1.81538
1.38761
0.266225
0.364495
0.705448
1.46016
1.00966
2.08105
2.42397
0.774151
1.23619
2.96411
1.2837
0.681094
0.622047
2.59137
1.33019
1.70549
0.209742
2.58975
1.62217
1.85477
2.22598
0.529246
0.897543
1.17031
2.38107
0.776458
1.76462
2.10481
0.285708
1.79342
1.55416
2.31459
1.82376
1.97048
0.371331
0.254775
2.7169
0.280068
2.28443
1.7642
2.721
0.239479
0.986755
0.426618
0.489853
1.86922
1.47178
1.0987
1.74471
1.3348
1.85623
0.588464
1.98577
2.56061
0.890536
0.474899
1.58569
1.70113
2.89353
2.45396
0.500021
1.95945
1.64824
2.40004
2.43328
2.83833
1.79786
0.729801
0.897885
1.71275
0.477548
0.45533
2.20444
2.21171
1.72121
2.11506
1.81854
2.89481
0.378936
0.569408
2.72442
2.71365
2.48532
1.24901
0.630164
2.34339
2.01252
2.04191
2.25537
1.47383
0.549071
0.409613
1.53442
1.9457
1.03999
2.71647
2.37714
2.82098
0.525657
2.96232
1.62123
2.87421
2.61777
0.304593
1.21594
2.19282
1.84956
2.95813
2.47336
1.57261
2.63794
1.05905
1.02487
2.59786
2.59402
1.68216
2.5213
1.49169
2.92138
2.19709
2.11292
2.02585
0.837898
0.752275
0.947703
1.37556
1.55954
1.27396
2.72519
2.20906
1.98329
2.5671
1.94245
2.09729
0.406793
1.70652
2.07216
2.33288
1.22235
1.30489
2.50686
1.24473
1.72241
0.446272
0.909763
2.89686
2.75458
0.871651
0.20846
0.656996
2.36296
2.60359
2.46883
2.92583
2.95411
0.999744
1.28635
1.70993
2.32433
1.42008
2.53471
1.73061
1.88665
1.89648
1.10493
2.35219
2.43414
1.99278
2.27725
2.41927
1.17723
2.24196
1.35907
1.49092
2.39363
1.94758
1.83016
0.357317
2.22658
1.7383
2.42893
2.32835
1.97022
1.86212
2.62102
1.37983
1.97902
2.60752
1.6843
0.647084
2.53924
0.639821
1.65054
2.55121
0.239137
1.64003
0.539415
2.84653
0.576501
1.03307
2.92292
2.67682
1.7395
0.793463
0.657851
0.92805
1.10032
2.9166
1.22457
0.563683
1.75727
2.74074
0.507028
2.43209
0.663747
1.11083
2.65495
0.631617
2.88191
2.5683
0.662722
0.522922
1.49682
1.75582
0.70502
0.673745
1.33172
0.825166
1.06409
1.82555
0.798334
1.23414
0.288272
0.968041
1.622
1.52109
1.41829
2.8109
2.77885
0.444563
2.91916
1.13766
0.781329
0.67477
1.95484
1.53211
0.251784
1.22542
0.643495
1.56227
0.919077
1.81248
1.7307
2.71075
1.37701
1.72814
1.11809
0.938902
2.54283
2.41662
2.8849
2.17206
0.751506
1.94057
2.64025
1.19278
1.02504
1.72395
1.24294
1.03136
1.25268
2.56052
0.327409
2.93847
0.22085
1.87409
2.47182
2.03012
2.62999
2.8191
1.04725
2.69049
1.23482
2.40808
2.18462
2.02132
1.64738
2.8543
2.2969
0.224525
2.73826
2.1166
2.79492
0.206067
0.975304
2.23418
2.23281
2.08849
1.63636
2.63862
2.72203
2.51916
1.6332
0.230592
1.65046
1.66294
2.48558
2.60966
2.7451
2.56488
1.3812
0.64247
0.714078
2.9724
2.06063
1.96031
1.50818
0.70314
1.86281
1.56928
1.63636
1.44631
2.27152
2.36484
2.57496
2.48567
2.09669
0.934373
0.507712
2.83004
1.03128
