0.375005
1.53305
1.21226
0.211194
2.01568
0.464644
2.53113
0.891391
0.333048
0.83448
1.06708
1.91151
1.09408
0.371587
1.94493
2.76304
1.8276
0.277932
1.99192
1.86349
2.78176
0.707584
2.25136
1.36787
2.63922
2.76996
0.921982
0.697757
2.87909
1.3947
2.51378
0.226832
1.27199
2.3962
2.00457
1.55817
1.1968
0.474044
2.18812
0.632899
0.464901
1.88896
0.597778
2.10652
0.341935
0.548387
1.39658
0.830293
1.25208
2.44405
2.6188
0.876864
0.653749
1.57347
2.95121
1.14458
1.57415
2.2881
0.842341
1.18116
2.48943
2.40098
2.12651
1.06221
2.23888
1.19568
0.549242
1.36291
1.86016
2.67041
0.583935
2.26016
0.632643
2.55685
2.1248
2.20239
1.81752
2.2511
2.44482
0.785516
2.98086
1.79351
2.20692
0.671181
0.388507
1.03486
0.913608
1.98577
1.95894
0.32758
2.18513
0.837129
2.66247
1.87793
0.251613
2.18761
0.853621
0.297586
1.64858
2.71861
1.02606
2.6928
0.300662
1.52715
0.273574
2.42593
1.98466
2.68938
1.95014
2.89096
2.35578
0.329716
0.610511
1.43615
0.52728
2.6335
1.32489
1.77496
2.78945
1.43922
0.649818
1.42017
0.455586
2.64965
0.746379
2.88045
2.4244
1.6978
0.731852
0.755266
2.84226
2.50609
0.352104
1.86811
0.857637
0.575817
2.06285
2.57172
0.45157
0.645119
1.80701
2.76672
0.933348
0.751506
2.17556
0.369109
1.28857
1.93818
1.83948
0.964196
0.966759
0.640333
0.540355
0.384747
0.696817
0.589917
1.52724
2.95095
2.71715
1.27515
0.326554
2.30972
2.80756
2.59351
0.533518
1.61081
1.51177
2.33536
0.71254
2.7568
1.73719
0.9348
1.49263
2.26452
0.518821
1.32694
2.14753
1.87708
0.936509
1.54732
2.14608
1.46084
1.57125
1.51228
2.1618
1.92792
0.689041
2.01705
0.428327
2.5195
0.540013
0.589489
1.32822
0.589233
1.35915
1.43674
1.30318
0.62273
1.25747
2.12224
2.57283
1.43145
2.79056
2.21094
2.94933
1.85819
0.390985
2.11959
1.0358
2.33219
2.65486
1.01043
1.49622
0.610425
2.06627
1.16535
0.882675
1.04358
2.15027
2.47729
0.310404
2.10361
0.64059
2.89823
0.264858
1.10981
2.24939
2.47909
1.4311
0.493185
1.62679
1.64089
0.430891
1.3336
1.69823
2.51378
1.55638
2.10891
2.3662
1.18047
2.58727
2.39406
2.36449
2.06464
0.978893
1.44606
2.45225
0.297501
0.90925
2.61359
2.3357
2.50464
0.27178
2.30818
1.90391
1.04597
2.50216
2.4749
1.968
2.95112
1.52519
2.89917
1.08904
0.58291
1.51186
1.08853
0.484469
2.07088
2.93121
0.865413
2.39825
2.9483
2.58607
1.40991
2.72391
0.234181
0.720487
1.48827
2.46755
0.394232
1.28507
1.80658
2.43824
2.02029
1.24849
1.02564
2.95249
2.66529
2.64298
1.97526
0.942149
2.27127
1.23046
1.20474
0.651271
2.2276
2.27793
0.80893
2.311
0.497287
0.52805
1.66405
1.77838
1.44905
2.85405
0.214441
1.92903
1.63132
2.6852
1.14527
1.58774
0.928477
1.49143
0.879427
1.98825
0.333219
0.41363
1.83623
2.14642
2.1759
1.32779
1.18936
0.736637
2.04525
2.02978
2.86208
1.05785
2.24153
2.4291
2.09515
0.276565
2.39594
0.83918
2.52839
1.53553
2.6963
2.85037
1.1298
2.11344
0.55548
2.27417
0.912668
1.82615
2.16069
1.44683
0.776031
1.65371
1.74001
2.37834
2.80714
0.383209
0.385003
2.43491
0.383294
1.25371
0.466268
1.6432
1.41034
2.79073
2.67904
2.10276
2.43499
2.6182
0.556676
0.994275
1.56962
2.43585
2.29109
2.47199
2.36561
0.948131
1.89366
2.32655
1.37351
2.13326
2.33877
1.5075
1.12792
0.439863
1.52425
2.39064
2.09353
1.09801
1.68763
1.87956
1.31036
0.733134
0.715189
2.42867
1.67644
0.469173
0.781585
1.87383
0.803717
1.90972
1.15732
2.76031
2.58675
2.18325
2.22213
2.05302
0.819098
2.84166
1.5204
1.91878
0.398419
1.19739
0.498141
2.46712
0.254176
1.28968
2.75757
0.336381
0.737748
1.86341
2.8661
1.61491
1.61141
1.35215
2.56026
2.9812
2.97471
2.45046
2.97864
2.75475
0.464217
0.262893
1.36291
1.34189
1.06563
1.01906
2.46533
2.36535
0.474813
2.13984
0.297586
1.96484
1.54552
0.244264
2.062
2.75672
0.761419
2.68357
2.29861
0.739201
2.6699
2.78936
1.48998
1.23149
0.414911
0.825507
2.35715
0.933518
1.90699
2.82875
2.48669
0.5953
0.566674
0.926768
0.52617
2.18112
0.980346
1.72198
0.984362
1.81812
1.20517
2.72638
1.27498
2.41611
2.86046
0.237001
2.04046
1.24508
1.14356
1.43922
1.99398
1.55979
0.707327
0.92335
1.5169
0.757231
1.13689
0.805426
1.44913
1.35599
0.7627
1.03598
1.7101
2.88302
1.7489
2.6881
2.98718
1.35753
0.791925
1.20842
2.13036
2.05832
1.56954
1.22209
1.28943
2.2617
2.47627
1.87631
1.83162
2.83833
1.38223
1.11211
0.277419
2.59641
1.75522
1.45067
2.09156
0.657851
0.280581
1.28165
0.567101
2.75629
1.91869
1.84179
1.04042
0.742619
0.536167
2.67093
1.27345
2.38825
1.84913
1.73215
2.6417
2.37005
1.61534
0.985559
2.16539
2.32792
1.4135
2.8003
0.820978
1.68003
2.94642
0.795087
0.570434
2.68494
1.60585
0.893698
0.346123
1.83623
1.43709
0.581372
2.62922
2.67947
2.23931
1.35292
1.65704
2.53677
0.54138
1.93681
1.30028
2.22794
2.78825
2.48455
2.84465
2.47515
2.87712
0.912754
2.31502
2.47883
0.780389
0.384661
1.98141
0.751421
0.392608
0.718607
2.88182
2.49874
1.73933
1.11254
2.60077
2.83294
1.28464
0.969494
1.54117
0.508396
1.47639
1.01384
2.72647
0.265114
1.26473
2.68494
2.77039
2.46858
2.33288
2.39432
1.05264
2.53292
2.77697
1.03726
2.33775
1.61577
1.77248
2.94275
0.673403
0.671181
0.96505
2.25059
1.00795
1.74864
0.923008
0.904807
1.96253
2.62598
0.789276
0.248109
1.79641
0.263234
2.2693
2.00662
1.40299
0.365178
0.893954
2.65187
1.97364
0.939756
2.09447
2.92779
1.96689
0.340056
0.224696
2.53001
2.22059
0.477889
2.87285
1.72497
1.44495
2.49541
2.19513
2.29613
2.13283
1.98295
0.812006
1.60543
0.726298
0.630848
2.4044
2.9571
1.6755
2.20179
1.7448
2.45054
1.22833
1.31198
1.90459
0.711771
2.98795
2.90874
0.971459
2.48883
2.67588
2.53104
1.21739
2.09951
1.33805
1.64157
2.65221
1.71968
1.23132
2.1178
0.301773
1.69831
1.62773
0.987609
0.348772
1.48716
1.97449
2.30066
1.67088
0.773553
1.64687
2.81918
2.71741
0.202478
0.931553
2.01773
2.65922
2.47635
0.878146
1.4799
0.75031
2.01859
1.05563
2.17736
2.03978
0.391668
1.25217
1.12083
2.56855
2.0526
0.555651
1.46939
1.3918
2.43747
2.65161
1.18586
1.36326
1.35984
1.1768
2.32596
1.21722
0.512326
1.56612
0.447981
2.48891
1.25712
2.82961
1.83239
0.208032
0.69451
1.2972
2.79551
0.504721
2.19615
1.36984
1.18842
0.463961
1.99013
2.9125
2.36706
1.36744
1.58688
0.728349
2.91899
1.85913
2.0314
2.15087
1.23858
2.97291
1.7712
2.99069
1.43461
2.35928
1.72566
0.67665
0.858748
1.24858
2.94625
1.62645
0.543345
1.48913
0.453023
0.885067
0.834907
2.19598
0.637513
0.269472
1.91109
1.34975
1.41572
1.05597
2.26922
0.682119
1.72309
1.04734
0.872506
2.38526
1.93561
2.05926
1.64405
1.5827
0.206153
1.6608
0.792267
2.30041
2.30331
0.409186
0.458919
2.07345
2.3392
1.21389
1.1756
0.927537
2.37612
1.26934
2.61547
2.27255
0.296731
0.793207
1.52954
2.64418
2.72715
1.00709
2.35373
2.23324
0.79953
1.59808
1.37394
2.33929
1.94288
0.898227
1.93826
2.08524
2.28742
0.619654
2.00192
2.53164
1.27233
1.58201
0.293826
2.52771
1.84298
0.671096
1.59141
2.83636
2.62529
0.665285
2.99163
2.87097
1.06503
1.16714
0.465584
0.981799
2.72023
1.87793
0.384661
2.22871
2.4919
0.45345
2.50421
2.5777
2.98368
2.17684
0.694424
1.06033
2.17496
1.28695
1.50417
0.431318
1.59782
1.60081
0.446187
0.263234
0.802094
2.66486
2.89079
1.81547
1.29951
2.27554
1.45546
0.614698
2.5712
0.404657
2.37859
2.88507
2.12848
2.16804
1.56347
2.5642
1.81333
2.07404
2.78201
2.64461
1.52561
0.391156
1.12339
0.775604
2.16633
0.269985
1.77693
0.465499
1.78171
2.85892
2.83627
1.41957
1.09844
2.24922
1.01111
2.35296
2.43568
0.290066
2.13668
0.61521
1.38154
1.10699
2.96514
2.36347
2.82303
2.56428
1.72907
2.42294
1.91442
0.507627
1.16347
0.771502
0.774322
0.625294
2.67357
0.785943
1.49665
0.563768
2.93591
2.98744
1.46392
1.53698
2.82158
1.02333
1.55151
0.865926
0.727152
2.02405
2.80773
2.28673
2.60222
2.47114
2.19991
1.06272
1.15954
0.514121
2.21222
0.341252
1.35796
1.07528
2.88353
1.78992
2.64238
2.2775
2.27272
1.75069
1.03068
0.733903
1.93835
0.350395
2.7339
1.43811
1.42162
1.60338
0.397394
2.58898
0.718009
0.744328
1.65157
2.6916
0.327323
1.23046
2.25674
0.268532
1.06751
1.64781
1.93373
2.72194
1.64209
0.560949
2.76415
0.679641
1.74625
1.54356
1.44973
2.76902
0.300833
2.02611
2.11814
0.349455
2.20162
1.39991
2.16146
1.94595
0.769622
0.8138
2.99675
1.31831
2.49276
2.10096
1.0341
2.10566
2.44362
0.674001
2.34236
2.18154
2.16334
2.22598
2.2969
1.85879
0.796197
2.07302
1.69891
0.681436
0.865755
1.77915
0.654176
2.14027
1.47691
1.89784
2.49686
2.25007
0.733903
0.669387
2.64683
0.926768
2.56009
1.9116
0.289297
0.90079
2.10728
0.33997
