0.385601
2.83397
0.418415
2.74655
1.90784
2.015
1.43743
2.58641
0.747404
0.471224
0.586755
2.05456
2.9806
0.898654
1.2044
0.261013
2.10754
1.30592
2.33647
2.64982
0.648622
0.575219
0.605469
1.74471
2.4561
2.27853
2.91241
0.995471
1.72685
0.38637
1.05802
1.65935
1.70711
1.90793
0.775347
2.85781
2.27195
2.89797
0.256398
1.94433
0.572057
0.87054
2.26306
0.522324
2.731
2.05465
2.50908
0.44875
1.18329
2.93053
2.00064
0.762273
2.43978
2.48464
2.8232
2.27366
1.06734
2.21897
1.4617
2.75475
1.47161
2.75441
0.741679
0.664174
2.86866
1.66379
1.2796
1.54817
1.43521
1.37334
1.9286
0.251698
0.622559
0.969494
0.908054
0.279983
2.42363
0.348515
1.90502
1.44614
1.37924
1.74693
2.83234
0.343217
1.71241
0.689212
2.33527
1.978
0.976757
1.79239
1.72976
0.303824
2.60812
1.0617
1.06272
1.59056
0.764751
0.918223
0.580944
0.768084
2.64674
2.39398
0.695791
1.48229
0.877804
1.53185
0.531126
1.19962
0.342021
1.63012
2.14369
1.29883
0.858577
1.16552
0.900278
2.68665
0.884384
2.63572
2.70254
2.07515
2.03192
2.15633
0.944456
2.65888
1.18868
2.2517
1.49135
1.12784
0.427473
2.07558
0.567016
1.15535
1.89306
1.89972
1.03768
1.29729
1.05392
1.30857
2.77911
1.84093
1.50724
2.7363
2.2141
0.939842
0.32194
2.58436
1.11057
2.17394
0.711087
1.15774
0.923435
1.07016
1.0176
2.4555
2.37159
0.723136
2.80312
1.45512
0.535228
1.65285
1.02606
2.72732
0.762529
2.03516
1.89836
0.818329
0.87148
1.04537
0.604956
2.6382
1.336
2.25101
0.877633
2.69143
2.94283
1.39
0.20752
2.58889
0.406879
0.274343
0.285452
2.47686
1.43375
0.355437
2.8567
2.62222
1.31386
0.887716
2.97855
1.59013
1.33959
2.83004
1.46759
1.25277
1.12997
1.42025
0.92429
2.26503
2.75176
2.16291
1.52203
0.246828
1.52382
1.16458
2.94941
2.70775
1.39359
0.957103
0.691092
1.35198
1.77043
2.74441
2.63786
1.00171
2.10686
1.41111
1.00897
0.576159
1.91203
2.63093
1.17979
2.16257
0.487204
1.61107
0.396454
2.41859
2.06926
1.61107
1.16996
0.342363
2.67041
0.57351
2.73407
0.848152
0.701773
1.60389
2.15574
0.584619
2.06798
0.836958
1.68575
2.6341
0.219739
2.82799
0.735954
1.72899
2.65349
0.204443
2.67229
0.624952
0.343986
1.31865
0.809101
2.06576
1.99825
0.635463
1.79453
0.578979
1.61765
0.795343
0.371929
2.54053
1.25712
0.688443
2.90728
0.743132
2.26674
2.47849
2.46798
1.90921
2.90506
2.31271
2.84217
2.58325
2.41107
0.856697
2.68537
0.642384
1.82213
1.19064
0.781414
2.26332
1.62542
2.20444
0.806195
2.3803
0.530357
2.63016
0.981286
2.07575
1.05025
1.44837
0.204443
1.73711
0.979064
1.40649
0.445503
2.62042
1.65285
1.38556
0.594275
0.455843
0.881051
1.15475
0.748515
0.9348
1.43794
1.44973
0.928819
1.51339
2.99855
0.511985
2.0091
2.97351
2.80919
0.829011
1.24841
0.774578
0.978893
2.00927
1.41376
2.8379
2.07934
1.93296
0.679043
1.39718
0.540782
1.71378
1.89015
1.55595
0.331852
0.209742
2.78099
0.58667
0.410126
1.62141
2.93061
1.01171
2.03166
2.31348
0.246742
1.90092
0.206067
2.79868
1.56526
1.02529
1.38581
2.62094
0.550352
2.70442
1.67644
1.67473
0.686135
2.38227
1.25482
2.09942
2.94488
1.57355
0.484298
0.684085
2.31989
1.81342
0.21316
2.32339
2.41132
0.451228
2.14386
2.45824
2.65144
1.32455
0.960778
2.64196
0.957103
1.55116
0.505576
1.568
2.79765
1.07614
0.883529
0.496005
1.06435
1.81282
2.79338
1.81606
1.73061
1.01299
1.16415
0.485409
0.888485
1.70626
0.389361
0.278616
2.15104
2.84388
0.843538
1.3859
2.40645
0.38637
2.97086
2.49823
1.31173
1.17116
1.03153
0.316813
1.71506
2.39816
1.59534
1.62499
0.39107
2.97086
2.46772
2.85789
0.680154
2.33083
0.73715
2.70989
1.61645
2.62188
2.03217
2.71639
0.734074
0.622816
1.67293
2.54625
1.53749
2.08584
2.20726
0.944627
1.22465
2.91677
1.61782
0.661953
2.84986
0.637001
2.68759
0.307071
2.31374
2.96326
0.21128
2.26221
2.76843
1.74172
2.14129
2.79722
1.22499
2.27656
2.15326
1.92074
2.75074
0.68793
1.72138
1.90502
1.44324
2.13865
1.98962
1.22303
0.370476
0.565477
1.92604
0.434223
1.26217
1.55424
1.44862
1.55774
2.54129
0.595044
1.20987
0.669216
0.883187
1.15535
0.526682
2.85952
1.28934
1.6085
1.94501
0.492502
2.86362
1.8558
1.52425
2.70041
1.67763
0.678018
1.33155
1.0517
0.315018
1.05614
0.831489
1.33275
1.07896
2.89635
0.85909
0.7768
0.452425
0.398505
2.0649
1.48109
0.999316
2.70579
0.71724
0.947362
