0.382781
2.04952
1.95373
1.78462
1.49417
1.45965
1.57783
2.28776
0.638368
2.9248
0.713138
2.01696
0.863021
0.759966
1.84136
2.2458
1.59175
2.36176
0.7721
2.14813
2.09421
1.34693
1.77548
1.35078
1.17791
1.22893
1.50434
0.917112
1.58799
2.56753
1.2937
0.398163
1.00308
2.33117
2.42517
1.18945
0.515317
2.40748
1.94373
2.63085
1.28071
0.401666
2.41431
1.08656
0.628541
1.65824
2.80577
0.84388
0.317154
0.444563
0.689554
2.26614
1.82239
2.83431
0.941038
1.23969
1.34813
2.82662
2.33031
1.75112
1.44469
1.04033
1.9903
2.83217
1.52399
2.71963
0.350566
0.909934
0.95753
0.388336
1.72207
2.40132
2.24631
1.09246
1.52305
0.785858
0.348259
2.76509
2.9313
2.59863
1.65336
2.05396
0.751933
0.576843
2.69032
2.54864
0.487374
0.801068
2.85636
2.14377
1.99697
2.06524
0.853963
1.27652
1.73352
0.716044
1.52502
2.37603
1.74617
0.397137
2.36757
0.261953
1.03392
1.93621
0.424055
1.03025
2.23999
0.41269
2.82841
1.96193
0.873189
1.04375
0.498569
0.794659
1.24422
2.52532
0.263405
0.493356
1.10434
1.46571
2.11028
2.25734
0.373724
2.95121
2.84072
0.501303
1.1474
1.2778
2.42337
0.549156
1.16578
2.68972
1.92963
2.7756
1.13766
0.960094
2.94053
1.9357
2.90344
2.8526
2.9125
1.41794
2.02448
0.300833
1.98868
1.55928
2.18898
0.343474
1.74488
0.95941
1.81906
1.25174
2.95522
0.731596
2.66768
0.688101
2.46738
0.227601
1.99363
2.73245
1.87357
2.1753
1.3007
0.41363
2.86558
1.76377
1.62944
1.38488
1.95962
2.81679
1.58893
0.578295
1.48161
1.98962
1.7154
1.07862
1.89707
0.927879
0.546251
1.05144
0.775091
1.32523
2.79628
0.365093
2.67383
0.818329
2.62316
0.74279
0.833711
0.655715
1.57133
2.68255
2.16778
1.0781
1.77975
0.982482
0.43448
0.948643
0.442683
1.7101
2.6828
2.76919
1.70985
0.850459
2.6546
0.420978
2.01397
0.673574
0.634437
1.16774
1.41367
1.25644
2.63213
0.456612
2.5383
1.19902
0.386285
0.257082
2.12207
0.969408
2.27733
0.673318
1.11698
0.918223
1.83555
2.36894
1.96928
1.39735
1.53348
2.74006
2.24837
2.6229
0.948985
0.975903
0.81662
0.516941
2.58752
0.543687
0.525401
1.36949
0.449263
1.8341
1.22628
1.15339
1.83145
1.50716
0.684683
2.73424
2.65042
2.47464
