0.390643
2.5659
2.69511
0.557958
0.97257
2.45473
0.62461
0.883956
0.943602
2.21504
0.359282
2.12232
0.632044
1.14834
1.73788
1.72856
1.35591
1.6455
2.35228
2.43277
1.40667
1.98628
1.29959
1.33377
2.51668
2.48789
2.08678
1.13655
0.296902
0.940355
2.87379
0.569494
0.734159
2.26614
2.84584
0.820637
2.63392
1.54082
1.69942
1.82871
2.09652
1.71446
1.43085
2.86678
0.915232
2.76808
1.41495
0.857466
2.18231
1.24516
1.56039
0.85533
2.99111
1.29515
1.73104
1.3348
1.12211
0.565136
1.0182
2.32109
0.399957
2.47968
1.85418
1.80197
0.809015
1.44341
2.95189
0.456954
2.85499
0.906345
2.8602
2.54258
1.0599
2.42824
0.921299
2.16941
1.67917
0.478915
0.617689
1.61166
0.325871
2.31433
2.09703
0.482589
2.19214
1.26242
2.86131
2.41645
0.953685
1.15997
1.80872
0.493271
1.84555
0.675112
0.415339
2.04465
2.19641
1.65439
1.84375
0.875753
0.909079
0.631275
1.76719
2.34527
0.57445
2.43465
2.49532
0.936082
0.906601
1.0329
2.1906
1.75787
0.386541
2.95317
1.96116
2.41705
2.00209
2.01184
2.21931
1.4922
0.770733
0.294424
0.291775
0.452681
2.13506
0.922324
2.67041
0.857808
1.31489
0.342961
2.2893
2.87345
0.707157
0.883016
1.41777
1.34429
1.0182
1.29968
2.55522
2.25999
1.2179
2.86926
0.315445
2.65025
1.80188
2.74954
0.289383
1.54877
1.65037
0.954625
2.67135
1.86315
2.57009
1.07844
1.83845
0.786285
0.607349
0.304422
1.27011
1.38966
0.620594
2.04089
2.59393
1.03375
2.39748
1.91664
1.74719
0.434394
0.406623
2.87686
1.44076
0.221876
1.47058
1.71472
2.91198
0.830293
1.64653
2.77868
2.95608
0.555565
2.20419
1.18962
1.22123
2.01799
0.385772
2.50891
1.75719
2.26862
1.23918
1.59201
2.60256
1.97552
0.207349
1.56706
2.20043
0.52822
2.36595
1.27456
2.4279
1.29797
2.79278
1.30686
0.629054
2.29007
2.35988
1.78385
0.836872
2.02756
0.23307
2.80346
2.97257
1.50246
0.967956
0.302884
0.210254
1.23269
2.68998
2.27058
2.09395
2.26161
1.44426
2.0432
1.59346
1.7383
0.606153
0.827985
1.68917
0.315702
1.63576
2.18675
2.87003
0.804743
1.46708
0.618201
2.7351
1.32027
0.818586
1.77847
1.4846
1.55851
1.11134
1.27404
2.88806
0.242128
2.68408
1.56834
1.71728
2.3709
1.59158
2.3357
0.432173
0.314762
0.474129
1.8035
1.306
0.588379
2.78577
0.417817
2.77808
1.54262
0.267849
2.37065
2.22102
2.21213
1.35779
0.726896
0.310831
0.755779
1.21688
0.487802
0.78714
1.12741
2.66879
0.928391
0.78919
0.41474
2.73185
2.74706
1.95851
0.683657
0.837556
0.563854
1.09297
0.965307
2.21786
1.10613
1.74095
2.02397
2.55215
2.41807
2.72254
1.94288
2.96061
2.43132
2.16599
1.16484
2.23025
0.236317
1.04631
0.627259
1.36257
2.38893
2.81397
0.425935
0.9301
0.391754
1.50015
2.24794
1.12852
1.6878
2.48789
0.609485
1.81222
1.90229
1.13484
2.53753
1.20167
0.271694
2.6364
1.93031
1.74916
1.99774
2.71536
1.43768
2.24982
0.261184
1.32745
2.49541
1.48742
2.03739
2.56864
0.35313
0.900705
0.84593
2.97197
2.73339
0.758
2.57693
2.58248
2.55668
2.52865
1.9269
1.79658
1.77454
0.73715
1.58552
1.55373
2.74347
2.18983
2.50831
0.667934
2.58043
2.65785
1.41333
2.2869
2.13608
0.908737
2.24033
0.865584
0.623328
2.57009
2.10848
0.842427
1.53912
1.31412
0.510874
2.00551
0.916257
1.85221
0.683999
2.73527
0.34373
2.22418
1.48793
0.913437
1.79231
2.67195
1.93587
1.6831
1.48272
0.583508
2.71151
0.648878
1.43469
2.39697
1.60902
2.10515
2.7345
0.74843
0.836103
1.67789
1.95621
0.955992
0.715445
1.37018
2.37842
0.32288
0.523008
0.396539
2.62897
1.55014
0.601111
1.79521
2.39936
2.94497
1.28216
0.604871
1.864
1.91305
1.16296
1.99406
0.84217
2.02192
1.46435
1.52997
2.34125
1.3225
2.21632
1.17535
1.3166
2.61709
2.60367
1.59936
2.48883
0.960863
2.41192
2.39141
0.451741
0.284939
2.90934
1.16458
2.31305
0.426704
1.30327
0.736381
0.900961
0.857894
2.30844
1.37462
1.178
1.59492
1.76394
1.29498
2.29656
2.78141
2.2376
1.99927
1.53527
0.228114
1.55416
2.44046
0.954027
0.80047
2.9853
1.00265
1.80333
1.73771
2.03858
0.483529
1.12749
2.59539
1.38402
1.46657
0.797736
2.29442
0.45345
1.67054
1.41384
2.36766
2.85294
0.663918
2.51062
2.48934
2.12352
2.33194
1.10758
0.975903
2.98923
0.482504
1.63986
0.345183
2.22914
1.58082
1.30549
2.62205
0.310916
2.79782
0.269729
2.87703
1.52399
1.7612
0.761333
2.08686
0.948985
0.996838
2.49994
0.202905
2.80192
2.24666
0.490622
1.71626
1.28925
1.25174
1.02512
0.205469
2.11378
0.588379
0.325016
2.15693
1.76488
0.74279
0.465413
0.542149
2.73536
1.01427
1.41752
0.442598
1.39829
1.23226
1.84537
1.60679
1.48408
2.27674
0.696561
1.02965
1.09366
1.9874
1.4235
1.63995
0.586242
1.25131
2.4714
0.583337
1.67883
2.8543
1.07289
1.99022
0.294424
1.08537
2.38586
2.51352
2.29776
0.680923
2.21008
2.9254
0.254262
1.49622
2.52395
2.46054
1.95228
1.49126
2.8749
1.19252
1.22217
2.01978
1.66405
0.73151
1.39479
0.807648
0.760393
0.5301
1.53202
1.40872
2.68374
2.48601
2.57035
2.12532
2.19239
1.52784
2.31271
1.58133
0.714335
2.87199
2.80833
0.735099
0.658962
1.63824
1.85503
2.11959
2.4461
1.9116
0.565221
2.89729
0.490707
2.53745
1.52929
2.11762
0.981799
1.53758
1.51681
1.96458
1.68968
2.43602
0.851912
0.980517
1.44281
1.57885
2.59991
1.05623
1.90963
1.34001
1.30318
0.972314
2.12284
0.296304
1.60466
1.08084
1.58535
2.46208
2.09413
0.314591
1.19278
2.26922
1.51733
1.71028
1.01273
1.3818
1.88374
2.03508
0.955736
2.83072
1.21149
1.3025
0.578124
2.15736
0.846187
2.16582
1.2514
2.25392
0.49122
1.37582
1.33813
1.58611
0.288101
2.09182
1.61064
2.08814
2.68255
1.63149
0.349455
0.415339
2.61564
0.24922
0.960607
0.444136
0.77586
2.32792
0.348173
2.30382
0.451485
2.37432
0.479171
0.230848
0.318265
2.80355
2.97992
0.531724
2.50276
2.70117
1.19944
2.34082
0.655715
1.75035
2.37919
2.86294
0.977099
0.510703
1.96484
0.586157
1.72497
2.03773
1.4993
2.15454
0.950951
1.62884
0.533348
0.784747
2.79603
0.485238
0.791925
1.91886
2.48601
2.07507
0.632728
2.39603
1.56407
1.78693
1.2367
1.63397
2.69673
1.46076
2.56479
1.50664
1.9921
0.583593
2.12121
0.604529
0.967272
1.33762
2.55992
1.16714
2.90267
1.68755
1.97039
0.772954
1.71925
2.49635
0.882418
1.07699
0.920017
2.8549
2.62632
2.8802
0.728092
1.21465
1.88485
0.221192
2.16308
1.70968
2.4778
1.57654
2.59103
1.25618
0.412262
1.25601
0.686392
1.61705
1.24029
1.88306
2.14352
2.41859
2.15787
2.64486
2.07345
2.50686
2.28562
1.00197
2.62709
2.032
2.36672
0.944029
2.57812
1.84683
1.32104
2.6781
0.606323
1.00778
1.29105
0.43918
2.21726
2.96633
0.619739
2.50925
2.03585
0.436531
0.39483
2.13104
1.41256
2.72937
1.20004
0.207434
2.27768
2.73698
1.70822
2.8708
0.783209
0.558641
0.955394
2.41021
2.86849
0.553771
1.93262
1.84683
1.28763
0.808588
1.53356
2.04072
0.636488
1.00667
0.894809
0.420295
1.91587
2.88866
1.56689
1.41948
2.36911
1.28857
1.95253
0.91113
0.531639
1.53689
1.45161
0.724674
0.629652
2.41389
1.54809
1.5339
0.664943
2.84388
2.87772
2.20376
0.324845
2.31707
1.51391
1.48366
1.85358
2.82534
0.308609
2.1336
0.822004
1.90117
2.12685
2.17214
1.53587
1.34608
0.810724
1.33215
0.816022
1.63627
1.1128
1.81359
2.89259
0.99342
2.23341
0.61897
0.74655
2.70767
1.40179
2.96069
0.639222
2.10045
2.53805
0.826276
2.76552
1.51459
2.43209
2.19034
0.768426
2.31946
1.07862
1.75975
2.65401
2.71844
0.205298
1.13988
1.44153
0.74561
0.230677
2.90985
1.68943
0.441231
1.69105
2.49293
2.23145
0.990258
1.77154
0.312113
2.06302
0.414399
0.381414
2.11515
2.51429
2.00414
0.809272
1.95894
2.64683
1.87682
2.59607
2.54035
0.212134
1.85119
2.46336
2.95975
0.710489
0.823115
0.936082
0.206323
2.08481
0.431745
2.49353
1.65217
2.38953
0.602734
1.28977
2.44123
0.771929
1.15621
1.87964
0.66332
2.70126
1.86776
2.58667
1.39863
2.58564
0.368084
2.15206
1.32036
2.31271
2.67169
2.10207
2.94437
2.45234
0.917966
1.07016
2.61145
2.25785
0.317582
1.11237
1.29173
1.20491
2.28639
2.65315
1.89673
1.80427
0.557189
2.49917
2.98812
0.825336
0.857637
2.35885
2.96949
2.27093
0.538389
0.304166
2.25025
2.83636
0.343132
0.614014
0.666738
2.795
1.50442
0.434053
2.8508
1.44375
1.55492
2.69383
0.830464
2.04918
0.841658
2.51498
2.55369
2.22888
2.32895
2.15138
2.81841
0.308695
2.67904
1.69677
1.70053
1.99047
1.99833
0.997522
0.564794
1.86913
2.23512
2.00884
2.34638
2.53711
2.01739
2.23085
2.1918
1.01248
2.71801
2.06362
0.745439
2.4291
2.73467
2.71673
0.969921
1.92544
0.372442
0.712027
1.1874
0.270925
1.91621
0.417389
1.22952
2.56599
2.07951
0.247768
0.783209
1.15347
0.619483
1.97201
1.22098
1.28062
2.70382
1.56236
1.20098
1.04597
2.41653
2.62538
2.9266
0.971886
0.592737
2.44943
2.55172
2.33826
0.367058
2.90857
