0.392865
1.51339
0.906943
0.207434
2.42354
2.33894
2.75236
1.68293
1.03085
0.812262
0.258193
2.1524
1.76608
1.25935
2.90831
2.38073
2.88857
0.240846
0.803632
1.71404
0.810211
1.36898
0.36364
0.528904
1.29917
1.64764
2.65315
1.19919
1.52801
0.875497
2.12514
1.01846
1.85734
0.247426
0.965905
2.71536
1.23918
2.49327
2.02961
2.39953
1.52954
2.0896
0.749883
2.97539
2.59709
0.28511
0.617518
1.6614
2.31519
2.674
2.60923
2.45234
2.92497
0.45533
1.55672
2.16197
1.45751
2.31903
1.44332
0.883956
2.10156
0.490878
1.41521
2.30767
0.204785
2.27879
0.895065
1.52758
0.997009
2.25443
0.785345
1.38282
0.320914
1.20987
1.54937
1.76471
1.65943
0.225721
0.356633
2.92976
2.34664
0.388678
2.08131
0.855586
0.849776
0.894894
1.53954
1.67789
2.81013
0.878829
2.15497
2.44422
2.12882
0.503269
0.438667
1.62423
1.58825
1.04819
1.47161
0.612476
1.69242
2.33681
0.376629
0.862081
2.61752
2.83593
0.568212
2.68562
1.15757
0.7674
0.96693
1.96193
2.35467
1.56988
0.565905
1.98611
2.49883
2.04567
2.93788
0.299722
2.38799
1.33369
1.86845
1.3389
1.93339
0.64264
0.705533
0.737834
1.39812
2.68417
1.81034
0.525828
2.35791
0.742363
1.89784
1.05409
2.869
1.91801
2.45576
0.890622
2.33373
1.68379
1.02726
0.921384
2.14856
1.88955
0.546678
1.89323
0.823286
0.553258
2.51489
2.8379
0.459944
0.777483
1.60158
0.814313
0.876009
0.726383
0.66332
2.20607
1.06264
0.802435
2.16334
1.21098
1.06375
1.16031
0.580773
2.96291
1.56296
0.493869
1.79838
2.1201
2.66742
2.83619
1.65388
2.75945
1.97501
1.30746
2.84456
1.61389
1.81248
1.55082
2.37125
0.890194
0.532066
0.591882
0.70972
0.704508
2.95505
0.659474
1.2972
0.973424
2.4473
1.70677
1.12057
1.9985
0.517624
1.7677
2.59513
2.7803
2.42423
2.089
2.7204
0.301346
1.47571
1.37325
0.900534
2.81448
2.51839
1.27071
1.01786
1.57278
2.09259
1.85905
1.5451
0.842341
0.948045
0.845845
2.48592
0.230763
2.80628
0.434565
0.529588
1.17253
2.25495
1.98774
1.2091
1.60671
2.46499
0.828584
2.6476
0.285281
1.21517
0.516001
2.08319
2.7498
2.71322
2.9313
2.15873
2.81252
2.10053
1.91408
0.962828
1.58184
2.92771
1.18577
1.61226
1.46708
0.488998
0.295962
2.96035
0.802008
2.5031
2.93147
1.62064
2.12309
0.426191
2.52403
0.493783
0.94138
2.08823
2.29519
0.782611
1.6449
2.53574
2.27528
0.68605
2.16796
0.972057
2.03388
2.95702
2.46729
2.28058
2.05969
1.31284
0.840547
1.81923
2.12685
1.08579
2.32502
1.17364
1.98628
2.10088
0.41457
0.356291
2.71775
1.96791
1.13236
2.93924
2.88131
0.976843
0.295877
2.00782
1.80658
2.38235
2.61307
0.223328
1.35454
0.46567
1.84589
1.08178
1.69242
0.561888
2.27981
2.25529
2.01713
1.83888
0.735954
0.906088
1.76531
1.01641
0.963939
2.65802
2.04832
1.0129
2.05242
2.11429
2.84824
1.50639
1.89528
2.2094
1.31318
2.99803
2.15087
1.08126
0.689639
1.36599
2.53164
2.55292
1.6291
1.69601
1.6614
1.30951
2.20564
0.377056
0.738603
1.65909
0.783551
0.649391
2.0426
1.36496
2.87174
2.19239
1.31933
2.23589
0.901132
1.93946
2.48686
1.36283
0.865584
2.70869
0.49404
2.28972
0.360479
2.43457
2.77466
2.80389
0.358855
2.5906
1.52972
1.43683
2.86182
2.98881
0.879427
1.75975
1.15962
1.94399
2.71989
0.563598
1.64388
2.5906
2.12241
0.609571
2.70425
2.33929
2.51429
0.43824
0.451228
2.66076
0.676736
1.92544
2.79979
2.18479
2.19863
2.0708
1.25166
1.90117
0.622901
1.3084
2.31613
2.25059
0.524033
0.424909
0.702799
1.2931
0.952831
1.57475
1.82828
1.74129
2.68708
2.27836
0.969921
2.44576
0.524888
0.691519
1.40846
1.72027
1.65909
1.03392
1.29276
2.09472
0.568554
1.06272
0.768084
1.88238
1.86623
0.880709
1.10263
2.35014
1.93894
0.964965
2.55061
1.87785
1.21884
0.704678
0.690066
0.29545
2.72168
1.73395
1.9727
1.58543
1.49126
2.14984
2.2217
1.736
1.78718
2.69981
2.01747
0.336039
2.25178
2.62897
2.70716
0.296561
2.69622
0.673061
0.975817
0.686392
0.741679
1.28481
1.31686
0.271096
1.15356
2.3815
2.73929
2.74185
0.505661
1.10092
1.44888
2.02021
0.813373
2.2546
2.2417
0.229994
0.77116
1.56244
1.94612
0.319633
1.43375
1.16065
2.05183
0.724931
2.97778
1.46708
2.66349
1.25943
1.38103
1.6925
1.31515
2.81961
0.857381
0.686306
1.98517
1.69156
0.484982
2.40295
1.8464
0.249391
1.66396
0.87618
0.291861
1.22875
0.443367
2.19111
0.571459
1.76659
2.95275
2.33792
0.977868
1.99295
2.77654
0.838325
1.91972
2.36253
0.509934
2.6294
0.618201
1.71361
1.53185
1.29413
2.56633
1.0417
2.23324
2.52574
1.88605
2.57616
1.53903
2.51216
1.72395
0.745183
0.360308
2.53027
1.61953
2.22042
0.614185
2.43559
0.58573
1.62388
2.84952
1.13561
1.63927
0.489254
2.91506
2.73416
2.11677
1.662
0.708866
0.434565
0.315531
2.3269
1.84512
1.289
2.79654
1.85059
2.87635
2.28092
1.28532
2.82696
2.50891
0.429182
1.51126
1.911
1.44888
0.600513
2.9195
2.03166
2.516
2.9178
0.395685
0.568126
1.66268
0.652211
2.13993
1.87956
1.13638
1.28703
0.425935
0.37398
1.82247
0.838752
1.38701
2.10464
0.404743
2.52532
2.96103
0.281179
1.58167
1.46751
1.93655
0.683828
0.975304
1.31207
0.435078
1.16629
2.17137
1.262
0.367058
1.63662
1.1263
2.60461
1.00026
1.90323
1.38069
1.22209
2.17693
2.1724
1.71498
1.17355
0.318009
2.7868
2.88626
1.83555
2.15155
1.1897
0.282034
2.08891
1.30207
2.30605
0.731425
2.03858
1.48058
1.12408
2.30664
0.955736
0.609827
1.26789
0.556932
2.72707
2.82517
0.346892
2.01038
2.30083
0.685366
0.270327
1.97979
0.816962
2.93506
1.31378
2.71297
0.507627
2.55104
1.72591
0.922922
1.85623
2.41568
0.862508
1.13604
1.7031
1.74975
2.43525
0.695621
0.784576
1.8458
1.86247
2.85858
2.59308
1.43743
1.9104
1.02239
0.845418
1.04392
1.41179
1.72079
1.84837
0.625037
1.24849
1.42333
0.646144
1.48631
0.387054
1.57971
2.04072
2.37056
0.954711
2.14317
2.56932
0.673574
0.740996
2.01303
2.1289
2.7216
0.516343
2.63145
0.533604
0.848067
1.75104
1.17432
2.89421
2.40722
2.52574
0.371929
0.304764
1.26123
0.817731
1.79769
2.92694
2.08028
1.75377
1.26259
2.35638
1.99056
1.61346
0.75219
1.96185
0.70972
1.17381
2.34493
0.481051
2.50669
1.58056
1.34676
0.364409
2.72254
1.73437
2.88379
1.75112
0.590942
0.779705
0.784747
0.366802
0.295877
2.28314
1.79718
0.629823
2.80244
1.289
0.368767
0.653407
0.799957
1.24021
1.03598
2.432
1.69481
2.75142
2.05516
1.09733
1.38915
2.82141
0.913437
0.935057
0.984106
2.47387
2.5589
0.845674
0.344926
2.61196
1.38488
2.54027
1.86537
2.87584
1.8082
0.956163
0.367998
2.88977
0.877377
1.78308
0.880197
1.08699
0.549071
0.382696
1.02025
1.69891
1.06973
0.594617
2.13386
2.69673
1.10041
2.1113
2.7169
0.473104
0.821918
1.3125
1.86238
0.851399
2.85815
1.44597
2.66905
2.20906
1.65456
1.44136
1.34958
1.90382
0.950182
1.24508
2.37543
2.99
2.37919
1.36428
0.594873
2.41107
2.04132
0.906687
1.46486
2.05883
2.47738
2.60376
0.729801
1.48306
1.28755
1.10511
0.288614
2.44226
0.230592
2.23196
1.18543
0.881051
1.64089
1.87614
2.86208
2.12335
2.4003
0.232557
2.8097
1.26627
2.70417
2.45362
0.557274
0.965563
0.656825
0.211023
2.93437
2.99778
1.13561
2.85507
0.945054
0.986157
1.55988
0.655971
1.99235
0.28135
2.60359
1.61773
0.987353
2.77936
0.887631
1.94971
2.08498
2.26828
0.491049
0.884384
2.57915
0.889767
0.316727
1.12937
0.298868
2.70271
2.55087
2.03952
0.440547
0.536167
2.05208
2.39816
1.97372
1.72104
1.90955
0.294766
1.15962
2.4849
1.0059
1.38564
0.718607
1.40026
1.62294
0.625636
0.58385
0.872677
2.52839
1.95928
0.779962
0.255715
0.380047
1.85683
0.7627
2.38099
1.28635
1.18492
0.5583
0.690323
0.95847
2.09806
2.03969
2.35877
2.49395
1.23807
1.67592
1.39274
2.22837
0.33057
1.09468
1.89613
1.49152
0.664602
1.59329
2.68554
2.70775
2.543
0.536082
1.44794
2.87567
1.39188
0.576928
2.42397
1.66678
1.61653
2.04277
1.80692
0.778851
0.689554
0.616321
2.04414
0.582739
0.961803
2.65648
1.22747
1.4993
1.68062
1.89118
0.361931
2.14463
0.704508
2.6241
2.69878
1.68028
0.402008
2.38859
0.320829
1.20739
2.42098
2.3897
0.568212
0.440034
2.61624
0.6699
0.690664
1.29754
1.62448
2.73672
2.51532
0.651613
0.371416
1.78881
0.716214
0.66708
1.60124
2.4802
2.87456
2.17231
0.713224
1.15732
0.915146
1.09836
0.996069
2.10891
2.50908
1.02324
2.9448
2.36407
2.82713
0.258962
2.74869
2.17778
2.43431
2.91959
2.83841
1.74061
2.11147
1.20637
2.37902
2.0496
1.99107
0.749541
1.39607
1.27917
2.99633
2.64221
0.423798
1.78778
1.56919
2.80466
1.36078
2.29972
0.876608
0.717411
2.62247
1.59799
1.48092
2.55907
2.67708
2.26699
0.262807
2.38714
2.25247
1.62098
2.58436
1.99953
2.50199
0.357744
0.879
2.71451
0.615809
2.07396
0.256825
1.70481
2.5665
0.578295
2.31169
1.72617
1.2749
0.943516
2.51856
2.4755
1.48579
1.23098
2.0079
2.01688
0.438154
0.427558
2.30562
1.71378
2.82072
1.53194
0.624012
1.10357
1.49648
2.52737
1.894
1.35292
2.48831
2.9783
0.723734
0.930784
0.508481
2.18966
2.67263
2.13728
0.323136
2.66477
1.62705
0.924973
1.43717
0.399359
2.26682
1.05153
2.18804
0.951549
1.60816
2.59932
2.33544
0.82132
1.81196
0.300833
1.43486
1.08118
1.84418
0.507968
2.88208
1.19244
0.976501
2.64025
1.31583
0.745866
0.913608
1.55185
2.46772
1.86426
0.335954
1.45435
2.74416
0.80423
2.24478
2.63187
2.83089
0.694681
2.69622
1.98705
2.20496
0.349113
0.91395
2.25486
1.24371
2.29049
2.16616
0.92147
2.61649
0.524375
2.99436
1.28746
2.24819
2.39962
2.98257
2.70938
0.740825
0.292203
1.85392
1.26131
0.341765
0.652638
0.882076
2.65076
1.54493
0.950352
1.00444
0.22743
0.813544
2.45627
2.62589
1.12373
0.711429
2.59915
2.29947
2.9612
0.330058
1.63388
2.47216
1.36428
2.49977
0.958641
1.48289
0.7163
2.8714
2.61914
2.40021
1.99586
2.95702
1.33642
2.2875
1.73078
1.01666
0.997436
0.483358
1.10878
2.87866
2.14394
1.4834
0.480111
0.980602
0.798334
0.612903
0.690664
2.92002
1.16415
0.87618
0.483358
1.79923
1.33753
1.57125
0.205127
0.456441
2.16872
1.45589
1.05674
1.46554
1.20936
1.8552
1.7225
2.1953
2.28502
2.09481
1.21893
2.01559
2.62863
0.649818
1.39846
2.13574
2.11344
2.79637
1.14561
2.36484
2.12301
0.55172
0.904636
0.480282
2.1947
1.29344
1.17415
1.29319
1.17543
0.842085
2.4079
1.89596
2.62666
2.59692
1.15817
2.18214
0.415766
0.910788
1.09981
1.52459
0.231874
2.29366
2.9724
2.69955
2.56351
2.62931
0.476949
0.744243
2.87481
2.3956
2.16727
0.236061
1.7195
0.474215
2.76996
2.28007
2.12839
0.937706
2.37364
1.8916
1.00863
1.4012
2.52344
1.46494
2.2922
2.92685
2.05755
2.61017
2.57154
1.66764
2.92591
1.65089
2.15881
2.23939
1.22482
1.46665
0.707157
1.80649
1.68908
0.569665
2.33134
1.6708
2.87567
2.9025
0.564623
0.949925
2.47806
0.84388
1.69062
1.13322
0.809357
2.91156
0.785858
1.30224
1.49024
2.64768
2.61256
1.60414
1.37949
2.17616
1.6972
0.363811
2.38594
0.917881
2.53463
2.42499
0.79765
1.35292
2.65213
1.70421
0.767229
1.1151
2.67409
0.349284
1.9891
0.908994
2.52292
2.28571
2.60829
0.33433
0.294168
1.54142
0.996667
2.70758
0.543431
1.13664
1.03461
0.965905
0.922239
1.72489
1.736
2.14394
0.300919
1.37522
1.05307
0.906772
2.916
1.68071
0.299893
1.63166
2.87823
2.78253
2.63128
2.32109
1.98133
2.09575
0.413459
0.638368
0.345952
1.72591
0.927366
2.55129
1.63935
2.96163
1.23798
1.47169
0.404999
1.23311
0.870028
0.779022
1.64354
1.92262
2.32655
2.815
0.978295
0.414826
1.28763
0.836189
0.746806
2.77449
0.527879
0.613672
1.55313
2.43875
1.78838
1.76556
2.61914
0.512412
1.24191
1.91092
0.87336
1.85264
1.58953
1.33215
2.51395
1.73036
2.02363
1.23363
0.58197
1.65798
1.49759
1.28379
2.28614
1.96825
1.73813
0.728349
0.812433
1.33343
0.637684
0.362188
0.558812
1.21158
1.6655
1.2473
1.73172
0.608118
1.93348
0.264089
2.8408
1.5392
1.35522
0.784234
2.63196
2.18522
1.1363
2.15181
1.19312
0.921641
0.430976
0.260414
1.37283
2.21512
1.40581
2.11446
1.84717
2.77039
0.745268
2.6605
2.57394
2.11925
0.238624
2.37868
2.77107
2.03508
0.484042
2.71852
0.95642
2.56326
1.94886
1.86981
2.38731
1.05307
2.62179
0.753642
1.43589
1.98056
2.49712
2.52275
0.239821
1.94732
1.32549
1.45674
0.363897
2.44567
2.67084
0.542662
0.811237
0.774834
2.31006
0.425336
0.720829
0.4978
2.01346
1.81649
0.889853
0.225123
1.54253
0.450374
2.45738
2.11412
1.50434
2.67306
2.48712
1.669
0.697159
1.55185
1.58722
0.233155
0.988464
0.394659
0.904294
1.75642
0.559496
1.16449
0.829011
1.62867
2.55616
2.67793
1.15065
1.96526
0.381841
1.67439
0.998804
2.33245
0.272378
2.44448
1.10946
0.299808
0.38731
2.90404
1.15193
1.20816
1.05725
2.00192
0.255971
1.5392
1.8247
1.94894
1.8752
1.2749
1.11468
2.55522
0.324332
1.23542
1.77342
0.363469
0.529331
1.58022
1.91288
1.06682
0.724931
2.26255
2.29784
1.89648
0.840974
2.02371
1.31369
2.86866
2.71134
2.31442
0.35219
0.777569
0.445076
1.53066
1.85247
2.422
2.6975
2.7533
0.435163
2.55275
1.17671
0.775347
2.56744
2.22905
2.72536
2.40867
2.39474
1.87067
2.91352
1.05426
2.37962
2.69383
1.68139
1.52527
0.78244
1.21824
0.567956
2.10993
1.02264
2.13283
0.864473
1.8617
1.35864
